This file contains information about the lstm model 
Analysis directory = C:\Users\cdetr\Documents\GitHub\nomics\jawac_processing_nomics/data/awake_sleep_analysis_update 
--- 
Segmentation value = 300.0 
Downsampling value = 1.0 
Signal frequency = 1.0 Hz 
Batch size = 16 
Standard scale = 0 
Stateful = 0 
Sliding window = 1 
Center of interest = 120 
Full sequence = 0 
Return sequences = 1 
Data balancing = 1 
--- 
Log time = 07-04-2022 17-22-58 
--- 
Num of epochs = 100, early stop after 57 epochs 
Epochs training computation time history (in sec) = [36.59908080101013, 33.60410761833191, 31.698256969451904, 32.72094130516052, 33.47381544113159, 33.962563037872314, 34.12534546852112, 32.59713077545166, 33.63824272155762, 33.63443374633789, 31.959185123443604, 32.86929249763489, 34.7187135219574, 34.973652601242065, 33.40951633453369, 33.07455897331238, 35.25836682319641, 35.47177505493164, 38.493221282958984, 35.29035186767578, 36.83039879798889, 33.67371416091919, 35.34727430343628, 36.3369927406311, 34.95956301689148, 39.13674545288086, 35.7550950050354, 36.142204999923706, 35.22951650619507, 34.77116084098816, 35.871530532836914, 36.39435052871704, 36.76206636428833, 36.90435457229614, 38.280104875564575, 36.64399337768555, 36.81164598464966, 37.549468994140625, 34.1866180896759, 37.401809215545654, 36.91875386238098, 38.90478157997131, 38.59844613075256, 37.699050188064575, 36.76698923110962, 36.967495918273926, 36.56412672996521, 35.963794469833374, 35.353018283843994, 35.59760808944702, 35.56071996688843, 35.66641569137573, 37.19072484970093, 37.624664068222046, 34.76913285255432, 37.41642475128174, 35.49142670631409] 
Epochs training computation time mean (in sec) = 35.607276029754104 
--- 
Training loss history = [0.6746821403503418, 0.6805623173713684, 0.6665784120559692, 0.6640044450759888, 0.6574565768241882, 0.6660615801811218, 0.6755999326705933, 0.6689350605010986, 0.6658856272697449, 0.6467157006263733, 0.6714522838592529, 0.6645428538322449, 0.6495504975318909, 0.6334589719772339, 0.6040129065513611, 0.5840608477592468, 0.5557262897491455, 0.5321764349937439, 0.5258517265319824, 0.49868708848953247, 0.4717501699924469, 0.46151605248451233, 0.4457988142967224, 0.442481130361557, 0.4453681409358978, 0.4206223785877228, 0.4154750406742096, 0.4192723333835602, 0.4114038944244385, 0.3959313631057739, 0.390169620513916, 0.38867565989494324, 0.40626126527786255, 0.4016435444355011, 0.3863528370857239, 0.36941495537757874, 0.5059718489646912, 0.42430055141448975, 0.3935340642929077, 0.37165313959121704, 0.3610992729663849, 0.4584381580352783, 0.367730975151062, 0.3545798659324646, 0.35044270753860474, 0.34736207127571106, 0.34602466225624084, 0.3393050730228424, 0.33891594409942627, 0.3368072807788849, 0.3371165692806244, 0.3350917100906372, 0.3296990990638733, 0.33103272318840027, 0.3308384418487549, 0.33090081810951233, 0.3290862739086151] 
Training accuracy history = [0.5879537463188171, 0.560020387172699, 0.6124345660209656, 0.6155241131782532, 0.6243751049041748, 0.6001603603363037, 0.5754942893981934, 0.5829902291297913, 0.5925572514533997, 0.609773576259613, 0.5913332104682922, 0.5981195569038391, 0.614903450012207, 0.6328516602516174, 0.6652127504348755, 0.6876528263092041, 0.7147519588470459, 0.73844975233078, 0.7443512678146362, 0.7635512948036194, 0.7818824052810669, 0.7905844449996948, 0.7974973917007446, 0.7997393012046814, 0.7966989278793335, 0.8097060322761536, 0.8145066499710083, 0.8089314103126526, 0.815561830997467, 0.8242350816726685, 0.8280535340309143, 0.8256149888038635, 0.8172585368156433, 0.8175629377365112, 0.8264576196670532, 0.8368384838104248, 0.7423799633979797, 0.8149754405021667, 0.8279934525489807, 0.8387253880500793, 0.8451809883117676, 0.7650290727615356, 0.838580846786499, 0.8432901501655579, 0.8457545042037964, 0.8485669493675232, 0.8488142490386963, 0.8517617583274841, 0.852566659450531, 0.8550737500190735, 0.8541759848594666, 0.8540622591972351, 0.855279803276062, 0.8552857637405396, 0.855222225189209, 0.8566328883171082, 0.8563687205314636] 
Training f1 history = [0.5878662467002869, 0.5602288842201233, 0.6123710870742798, 0.6153465509414673, 0.624499499797821, 0.6004015803337097, 0.5755081176757812, 0.5828462839126587, 0.5926758050918579, 0.6096466779708862, 0.5915932059288025, 0.5979256629943848, 0.614945113658905, 0.6328638792037964, 0.6652088761329651, 0.6875544190406799, 0.7147215604782104, 0.7385261058807373, 0.744465172290802, 0.7636096477508545, 0.7819543480873108, 0.7907289266586304, 0.7975009679794312, 0.7997992634773254, 0.7967042922973633, 0.8096428513526917, 0.8144879341125488, 0.808953046798706, 0.8154634833335876, 0.8243169784545898, 0.827925980091095, 0.8255302309989929, 0.817365825176239, 0.8177337646484375, 0.8264787197113037, 0.8369348645210266, 0.7425248026847839, 0.814938485622406, 0.8280088901519775, 0.8387486934661865, 0.8450161814689636, 0.765002965927124, 0.8385957479476929, 0.8431460857391357, 0.8457746505737305, 0.8486103415489197, 0.8489602208137512, 0.851752519607544, 0.8525674939155579, 0.8551205396652222, 0.8543137311935425, 0.8540995121002197, 0.8552471399307251, 0.8553247451782227, 0.8551663160324097, 0.8565868735313416, 0.8563618063926697] 
--- 
Validation loss history = [0.6351431012153625, 0.6539578437805176, 0.7020659446716309, 0.6974844932556152, 0.6640631556510925, 0.6822813153266907, 0.663558840751648, 0.6864428520202637, 0.6177642941474915, 0.6817600131034851, 0.6758101582527161, 0.6584903597831726, 0.625436007976532, 0.5870167016983032, 0.5558545589447021, 0.5624916553497314, 0.5284792184829712, 0.5042266249656677, 0.47569772601127625, 0.4634675681591034, 0.4608059525489807, 0.4098960757255554, 0.3949778974056244, 0.4014136493206024, 0.39979928731918335, 0.3921494483947754, 0.3825041651725769, 0.3777467906475067, 0.39052101969718933, 0.37149208784103394, 0.3663053810596466, 0.38013356924057007, 0.3438031077384949, 0.3414402902126312, 0.33022981882095337, 0.34134945273399353, 0.41859170794487, 0.3458305597305298, 0.3473729193210602, 0.3428421914577484, 0.32108575105667114, 0.34294790029525757, 0.35183101892471313, 0.3260312080383301, 0.3231939375400543, 0.3064250946044922, 0.3006208837032318, 0.3100489675998688, 0.3091639280319214, 0.3133567273616791, 0.3113601505756378, 0.3429080545902252, 0.3139893114566803, 0.30146583914756775, 0.32427164912223816, 0.2997429668903351, 0.3310687243938446] 
Validation accuracy history = [0.6573011875152588, 0.6483288407325745, 0.4859428107738495, 0.5042627453804016, 0.6454691886901855, 0.5732126832008362, 0.5669481754302979, 0.5509606599807739, 0.6479356288909912, 0.5905764102935791, 0.5841867923736572, 0.6054825782775879, 0.6376050114631653, 0.6689231395721436, 0.6919034719467163, 0.6865862607955933, 0.7575781941413879, 0.7701966166496277, 0.7859562039375305, 0.7915281653404236, 0.78431636095047, 0.8214834928512573, 0.8229267001152039, 0.8171268701553345, 0.8218230605125427, 0.8345531821250916, 0.8371492624282837, 0.8418006896972656, 0.8238739967346191, 0.8449150919914246, 0.8401921391487122, 0.8250133991241455, 0.8462511301040649, 0.841018795967102, 0.851349413394928, 0.846362829208374, 0.8272207379341125, 0.852368175983429, 0.8538293242454529, 0.8533154726028442, 0.8638248443603516, 0.8528417944908142, 0.8512064218521118, 0.8648212552070618, 0.8627837300300598, 0.8654468059539795, 0.8694146275520325, 0.8644056916236877, 0.870478093624115, 0.8618856072425842, 0.8665728569030762, 0.8658043146133423, 0.8706255555152893, 0.8657059669494629, 0.8685656785964966, 0.8736863136291504, 0.8619258403778076] 
Validation f1 history = [0.6545007824897766, 0.6455867290496826, 0.48370110988616943, 0.5017737746238708, 0.6443138122558594, 0.5741923451423645, 0.5643951892852783, 0.551546037197113, 0.6483004093170166, 0.5890399217605591, 0.582408607006073, 0.603795051574707, 0.6364299058914185, 0.666782796382904, 0.6907604336738586, 0.6859909892082214, 0.757161021232605, 0.7687481641769409, 0.7852038145065308, 0.7910131812095642, 0.7835158705711365, 0.8209583163261414, 0.8216957449913025, 0.8163413405418396, 0.8212525248527527, 0.8340887427330017, 0.8363261818885803, 0.8410311937332153, 0.8229360580444336, 0.844338595867157, 0.8395071625709534, 0.8246116042137146, 0.8455364108085632, 0.8408269882202148, 0.8501338362693787, 0.846253514289856, 0.8273438811302185, 0.8514875769615173, 0.8529530763626099, 0.8519511222839355, 0.8629913330078125, 0.8524494767189026, 0.8497206568717957, 0.8638731837272644, 0.8622002005577087, 0.8637250661849976, 0.868355393409729, 0.8634048700332642, 0.8695300221443176, 0.8614555597305298, 0.8661772012710571, 0.8643083572387695, 0.8697242736816406, 0.8648757934570312, 0.8674492239952087, 0.8729414343833923, 0.8606975674629211] 
--- 
Radius of the CI = 0.018923350177240696 
True classification of the model is likely between 0.8377787391324517 and 0.875625439486933 
--- 
Test accuracy = 0.8567020893096924 
Confusion matrix (0 | 1) = 
 [[156754  33353]
 [ 23264 181729]] 
--- 
