This file contains information about the lstm model (max_len = 300, center_of_interest = 30)
Analysis directory = /home/ckemdetry/Documents/Nomics/thesis_nomics/data/awake_sleep_analysis 
--- 
Segmentation value = 1.0 
Downsampling value = 1.0 
Signal frequency = 1.0 Hz 
Batch size = 32 
Standard scale = 0 
Stateful = 0 
Sliding window = 1 
Data balancing = 0 
--- 
Log time = 27-01-2022 22-14-57 
--- 
Num of epochs = 50 
Epochs training computation time history (in sec) = [82.75732421875, 82.76371121406555, 83.64521217346191, 84.01118326187134, 86.52721929550171, 86.87336540222168, 98.20684099197388, 98.39718866348267, 98.96278142929077, 100.5240547657013, 100.06205487251282, 100.8725426197052, 101.20902705192566, 102.34569787979126, 103.60123944282532, 103.10193395614624, 100.49812245368958, 100.7259931564331, 100.06572437286377, 99.96605181694031, 99.81486558914185, 97.53002548217773, 93.47519183158875, 99.00123929977417, 93.02678871154785, 91.84200930595398, 93.5378315448761, 92.8850610256195, 79.78623390197754, 79.21863126754761, 90.06802105903625, 93.80238842964172, 93.27770686149597, 86.90166854858398, 83.13071012496948, 77.77627301216125, 77.86820793151855, 80.46585726737976, 79.33612608909607, 78.29639172554016, 79.85950374603271, 83.75028252601624, 80.26704049110413, 81.3113329410553, 78.79239416122437, 76.4767415523529, 78.5115110874176, 78.40838408470154, 78.04024934768677, 77.6626648902893] 
Epochs training computation time mean (in sec) = 89.38477205753327 
--- 
Training accuracy history = [0.7696481347084045, 0.7969093918800354, 0.803174614906311, 0.8416897654533386, 0.8520534038543701, 0.8659948110580444, 0.8707147240638733, 0.8675401210784912, 0.8783572912216187, 0.8798857927322388, 0.8845385313034058, 0.8869572281837463, 0.8901318311691284, 0.872898280620575, 0.8288401961326599, 0.852338969707489, 0.8682287931442261, 0.8756697773933411, 0.8828924298286438, 0.8854287266731262, 0.8899638652801514, 0.8963466882705688, 0.8928025364875793, 0.8945662379264832, 0.8847736716270447, 0.8314772844314575, 0.8611741065979004, 0.8870916366577148, 0.8962458968162537, 0.8983622789382935, 0.9001091718673706, 0.8950197100639343, 0.8954732418060303, 0.8536491394042969, 0.8888720870018005, 0.89690101146698, 0.8995044827461243, 0.8998236060142517, 0.9007810354232788, 0.90128493309021, 0.90212482213974, 0.8473334908485413, 0.8337280750274658, 0.845082700252533, 0.8661795854568481, 0.8834635019302368, 0.8913076519966125, 0.8966322541236877, 0.9007474780082703, 0.9013857245445251] 
Training loss history = [0.5279666185379028, 0.47365060448646545, 0.4481774568557739, 0.398665189743042, 0.3716375529766083, 0.334876149892807, 0.3172398805618286, 0.33164989948272705, 0.30098506808280945, 0.2905040979385376, 0.28244099020957947, 0.2818979024887085, 0.2770821750164032, 0.3086024820804596, 0.41610127687454224, 0.3635956346988678, 0.32266223430633545, 0.30237120389938354, 0.291779100894928, 0.2868623733520508, 0.2775314450263977, 0.2596171200275421, 0.26553574204444885, 0.2607526481151581, 0.2955736815929413, 0.42099228501319885, 0.3541981279850006, 0.28676220774650574, 0.2592388391494751, 0.2520154118537903, 0.24886763095855713, 0.2633534073829651, 0.2613590657711029, 0.34044355154037476, 0.2804112732410431, 0.2559531033039093, 0.24813245236873627, 0.24675512313842773, 0.2474750578403473, 0.2441382110118866, 0.2418394386768341, 0.3568883240222931, 0.3814018666744232, 0.3580777049064636, 0.3242916166782379, 0.2921660244464874, 0.27064386010169983, 0.25817981362342834, 0.24821220338344574, 0.24239063262939453] 
--- 
Validation accuracy history = [0.7791717052459717, 0.8127267360687256, 0.832527220249176, 0.8598851561546326, 0.8674425482749939, 0.8768137693405151, 0.8630592226982117, 0.8836154937744141, 0.8839177489280701, 0.8916263580322266, 0.8913240432739258, 0.8908706307411194, 0.8949516415596008, 0.8464328646659851, 0.8366082310676575, 0.8665356636047363, 0.8756045699119568, 0.8825574517250061, 0.8866384625434875, 0.8828597068786621, 0.8969165682792664, 0.891777515411377, 0.8839177489280701, 0.8990326523780823, 0.8524788618087769, 0.8296554088592529, 0.8816505670547485, 0.8929867148399353, 0.8975211381912231, 0.9000906944274902, 0.8961608409881592, 0.8910217881202698, 0.9011487364768982, 0.8804413676261902, 0.8948004841804504, 0.9020556211471558, 0.9029625058174133, 0.8985791802406311, 0.9016021490097046, 0.8999395370483398, 0.9019044637680054, 0.827539324760437, 0.8403869271278381, 0.853234589099884, 0.876058042049408, 0.8919286727905273, 0.8966142535209656, 0.9019044637680054, 0.9002418518066406, 0.9037182331085205] 
Validation loss history = [0.4844936430454254, 0.43639469146728516, 0.41245996952056885, 0.37312042713165283, 0.34763211011886597, 0.31283971667289734, 0.34094274044036865, 0.30237287282943726, 0.28970465064048767, 0.2744387984275818, 0.27276676893234253, 0.2732030153274536, 0.2662368416786194, 0.37167176604270935, 0.39576205611228943, 0.3354647159576416, 0.31010645627975464, 0.30325716733932495, 0.2767864763736725, 0.30434271693229675, 0.2584012746810913, 0.26805412769317627, 0.28240811824798584, 0.2503737807273865, 0.3852541744709015, 0.42618268728256226, 0.3084907829761505, 0.2733343541622162, 0.2548656761646271, 0.2498752921819687, 0.25390955805778503, 0.2735791504383087, 0.24870061874389648, 0.2944965958595276, 0.2693081498146057, 0.251284122467041, 0.24776707589626312, 0.25222522020339966, 0.24903735518455505, 0.2507006824016571, 0.24000535905361176, 0.3938537836074829, 0.37469664216041565, 0.3497094213962555, 0.31252384185791016, 0.27786722779273987, 0.26262760162353516, 0.24899297952651978, 0.24672116339206696, 0.2441277951002121] 
--- 
Radius of the CI = 0.005245214787287295 
True classification of the model is likely between 0.9026697813598684 and 0.9131602109344431 
--- 
Test accuracy = 0.9079149961471558 
Confusion matrix (invalid | valid) = 
 [[1998  797]
 [ 278 8601]] 
--- 
