This file contains information about the lstm model 
Analysis directory = C:\Users\cdetr\Documents\GitHub\nomics\nomics-AI/data/awake_sleep_analysis 
--- 
Segmentation value = 30.0 
Downsampling value = 1.0 
Signal frequency = 1.0 Hz 
Batch size = 8 
Standard scale = 0 
Stateful = 0 
Sliding window = 0 
Center of interest = 10 
Full sequence = 0 
Return sequences = 1 
Data balancing = 1 
--- 
Log time = 14-05-2022 15-40-39 
--- 
Num of epochs = 100, early stop after 53 epochs 
Epochs training computation time history (in sec) = [46.586992502212524, 43.0939998626709, 41.502999782562256, 44.14599967002869, 44.55600047111511, 44.06500267982483, 43.408000469207764, 44.201998233795166, 48.018999099731445, 46.33800029754639, 45.0450005531311, 44.398998737335205, 44.27001762390137, 42.77099108695984, 43.14399719238281, 42.38699150085449, 43.65099048614502, 42.658998250961304, 44.68501687049866, 45.45199656486511, 44.15399932861328, 42.50300192832947, 43.81199789047241, 41.6639986038208, 43.10899901390076, 42.3910026550293, 41.68300151824951, 43.09899926185608, 42.7629919052124, 42.463001012802124, 39.20000910758972, 39.28800129890442, 41.850998878479004, 44.74999976158142, 42.529000759124756, 41.27799987792969, 41.77601337432861, 42.31999969482422, 44.42099952697754, 45.47699975967407, 45.55999732017517, 44.71899771690369, 44.537999391555786, 45.26199984550476, 46.765000104904175, 45.54300022125244, 42.81201672554016, 45.70000076293945, 43.620999813079834, 43.49600005149841, 41.84101462364197, 43.03199815750122, 44.0720009803772] 
Epochs training computation time mean (in sec) = 43.62024590204347 
--- 
Training loss history = [0.6147253513336182, 0.5336695909500122, 0.5097817778587341, 0.500558614730835, 0.4932292699813843, 0.4891175627708435, 0.4850010275840759, 0.4809368848800659, 0.47810909152030945, 0.47510549426078796, 0.47181978821754456, 0.46339699625968933, 0.45753899216651917, 0.45429936051368713, 0.4512620270252228, 0.448131799697876, 0.4461621642112732, 0.44393107295036316, 0.44216209650039673, 0.44063377380371094, 0.4383881092071533, 0.4373646378517151, 0.43535202741622925, 0.43380317091941833, 0.43310755491256714, 0.4314800202846527, 0.43037545680999756, 0.42918065190315247, 0.42840731143951416, 0.42673081159591675, 0.4267059862613678, 0.4243532717227936, 0.4234529435634613, 0.4226941466331482, 0.42180219292640686, 0.41979342699050903, 0.41895824670791626, 0.41894519329071045, 0.41647815704345703, 0.416178822517395, 0.41492781043052673, 0.41336679458618164, 0.4135150909423828, 0.413268506526947, 0.41118526458740234, 0.41063040494918823, 0.40865859389305115, 0.40757572650909424, 0.40679284930229187, 0.40678870677948, 0.4059683680534363, 0.40570804476737976, 0.40459614992141724] 
Training accuracy history = [0.650421142578125, 0.7396146655082703, 0.7570852041244507, 0.7611729502677917, 0.7660066485404968, 0.7687053084373474, 0.7707075476646423, 0.772566556930542, 0.7749124765396118, 0.7752053737640381, 0.7779639363288879, 0.7824891209602356, 0.7853569984436035, 0.7861719727516174, 0.7885985970497131, 0.7906359434127808, 0.7924233675003052, 0.793427050113678, 0.7933828234672546, 0.7950009703636169, 0.7964915633201599, 0.7975447773933411, 0.7974510192871094, 0.7987593412399292, 0.7989949584007263, 0.799751341342926, 0.8008097410202026, 0.8007979989051819, 0.8016571998596191, 0.8017652630805969, 0.8025568127632141, 0.8030554056167603, 0.8032636642456055, 0.8037349581718445, 0.8045459985733032, 0.8053244948387146, 0.8060925602912903, 0.8060131669044495, 0.8067044019699097, 0.8070806264877319, 0.807041585445404, 0.8083876967430115, 0.8078227043151855, 0.8078891038894653, 0.8084540963172913, 0.808447539806366, 0.8098691701889038, 0.8106684684753418, 0.810451090335846, 0.8102779388427734, 0.810685396194458, 0.8108845949172974, 0.8108716011047363] 
Training f1 history = [0.6504405736923218, 0.7396160364151001, 0.7570679783821106, 0.7611515522003174, 0.7660068869590759, 0.7687090039253235, 0.7707059383392334, 0.7725626826286316, 0.7749146819114685, 0.7752112150192261, 0.7779834270477295, 0.7824707627296448, 0.78533536195755, 0.7861385345458984, 0.7886099219322205, 0.7906361818313599, 0.7924391031265259, 0.7934199571609497, 0.7933677434921265, 0.7950175404548645, 0.7964886426925659, 0.7975162863731384, 0.7974470257759094, 0.7987444400787354, 0.7989895343780518, 0.7997705936431885, 0.800809919834137, 0.8007854223251343, 0.8016726970672607, 0.8017857074737549, 0.8025573492050171, 0.8030563592910767, 0.8032698035240173, 0.8037368655204773, 0.8045423030853271, 0.8053339719772339, 0.8060880303382874, 0.8060298562049866, 0.8067206144332886, 0.8070743680000305, 0.807022750377655, 0.8083692193031311, 0.8078392148017883, 0.8078967332839966, 0.8084726929664612, 0.8084589838981628, 0.8098580837249756, 0.8106852769851685, 0.8104556798934937, 0.8102864623069763, 0.8107036352157593, 0.8108946084976196, 0.8108742833137512] 
--- 
Validation loss history = [0.5361179113388062, 0.5127428770065308, 0.5224905610084534, 0.5103769898414612, 0.48018014430999756, 0.4715603291988373, 0.47228848934173584, 0.46878132224082947, 0.4639340937137604, 0.473922461271286, 0.45705002546310425, 0.44849392771720886, 0.4441267251968384, 0.45827794075012207, 0.443026065826416, 0.4440814256668091, 0.435739129781723, 0.43367186188697815, 0.4397311508655548, 0.444998174905777, 0.43448054790496826, 0.4376246929168701, 0.440073698759079, 0.44054582715034485, 0.43037116527557373, 0.4359826445579529, 0.43286123871803284, 0.4268653392791748, 0.43341901898384094, 0.42782890796661377, 0.4277498722076416, 0.4359263777732849, 0.42310085892677307, 0.42758825421333313, 0.43004298210144043, 0.4347713887691498, 0.4406266510486603, 0.4321354329586029, 0.43546560406684875, 0.42957615852355957, 0.4378545582294464, 0.4354051649570465, 0.4316619038581848, 0.4329794645309448, 0.43316641449928284, 0.4299408495426178, 0.43593868613243103, 0.44452372193336487, 0.43296125531196594, 0.4329926669597626, 0.4373394548892975, 0.44195058941841125, 0.4365748167037964] 
Validation accuracy history = [0.7313188314437866, 0.7493792176246643, 0.7347622513771057, 0.7534317374229431, 0.7711524963378906, 0.7752752304077148, 0.7733895778656006, 0.7770789265632629, 0.7771257758140564, 0.7619466185569763, 0.778624951839447, 0.7853361368179321, 0.7891543507575989, 0.786636233329773, 0.7914148569107056, 0.7881705164909363, 0.7909229397773743, 0.7936050891876221, 0.7928788661956787, 0.7916491031646729, 0.7931365370750427, 0.7945654988288879, 0.7956664562225342, 0.7919067740440369, 0.794741153717041, 0.7892129421234131, 0.7954438924789429, 0.7986530661582947, 0.7918950319290161, 0.7986413836479187, 0.7951979637145996, 0.7940501570701599, 0.8002342581748962, 0.8011126518249512, 0.800515353679657, 0.7987701892852783, 0.7950925230979919, 0.7960763573646545, 0.7938393354415894, 0.7976458072662354, 0.7961817979812622, 0.8014991879463196, 0.7990630269050598, 0.798793613910675, 0.7985593676567078, 0.801546037197113, 0.7986882328987122, 0.7936519384384155, 0.7983368635177612, 0.7939915657043457, 0.7967908382415771, 0.7934996485710144, 0.7957835793495178] 
Validation f1 history = [0.7312694191932678, 0.7492939233779907, 0.734730064868927, 0.7534098029136658, 0.771078884601593, 0.7751990556716919, 0.7733184099197388, 0.7770013809204102, 0.777044415473938, 0.7619268298149109, 0.7785505652427673, 0.7852526307106018, 0.7890883088111877, 0.786559522151947, 0.7913350462913513, 0.788092851638794, 0.7908315062522888, 0.7935118079185486, 0.7927899360656738, 0.791584849357605, 0.7930440306663513, 0.7944722771644592, 0.7955954074859619, 0.7918343544006348, 0.7946509718894958, 0.789126992225647, 0.7953497171401978, 0.7985565662384033, 0.7918030619621277, 0.7985562682151794, 0.7951197028160095, 0.7939764261245728, 0.8001558780670166, 0.801014244556427, 0.8004326820373535, 0.7986853122711182, 0.7949985861778259, 0.7959818243980408, 0.7937732934951782, 0.7975577116012573, 0.796117901802063, 0.8014081716537476, 0.798977255821228, 0.7987126708030701, 0.7984707355499268, 0.8014712333679199, 0.7985991835594177, 0.7935861349105835, 0.798259437084198, 0.7939063906669617, 0.7966995239257812, 0.7934223413467407, 0.7956891655921936] 
--- 
Radius of the CI = 0.009163179558858994 
True classification of the model is likely between 0.7983020160969637 and 0.8166283752146818 
--- 
Test accuracy = 0.8074651956558228 
Confusion matrix (0 | 1) = 
 [[81984 23385]
 [17700 90321]] 
--- 
