This file contains information about the lstm model 
Analysis directory = C:\Users\cdetr\Documents\GitHub\nomics\jawac_processing_nomics/data/awake_sleep_analysis_update 
--- 
Segmentation value = 60.0 
Downsampling value = 1.0 
Signal frequency = 1.0 Hz 
Batch size = 16 
Standard scale = 0 
Stateful = 0 
Sliding window = 0 
Center of interest = 10 
Full sequence = 0 
Return sequences = 0 
Data balancing = 1 
--- 
Log time = 19-04-2022 22-19-36 
--- 
Num of epochs = 100, early stop after 79 epochs 
Epochs training computation time history (in sec) = [29.163002967834473, 25.161999940872192, 25.919999361038208, 25.55498719215393, 24.635988235473633, 24.852999448776245, 24.936994552612305, 25.677998542785645, 25.540985345840454, 25.530986785888672, 25.50800085067749, 25.776002645492554, 25.359999895095825, 25.340999364852905, 25.116999864578247, 24.9809992313385, 25.242998600006104, 25.50200057029724, 26.386998176574707, 31.45599937438965, 28.397001266479492, 28.891002893447876, 30.074002265930176, 29.333998918533325, 27.77999782562256, 28.766014337539673, 28.944000959396362, 29.26399803161621, 28.597999334335327, 28.846999168395996, 29.208001136779785, 29.760998487472534, 27.3909969329834, 27.190004110336304, 27.365999221801758, 25.927997827529907, 26.319000244140625, 27.177998542785645, 28.423999309539795, 27.48499894142151, 27.6269953250885, 27.422996044158936, 27.8329975605011, 27.393998622894287, 27.326996564865112, 28.090002059936523, 28.825012922286987, 28.19000220298767, 28.02999997138977, 27.717998027801514, 29.018999099731445, 27.97499966621399, 28.85100269317627, 27.30399775505066, 27.348003387451172, 27.638998985290527, 27.63999915122986, 28.397997856140137, 28.150997400283813, 28.727999448776245, 28.253000497817993, 27.858001232147217, 28.256998538970947, 28.51400136947632, 28.7439968585968, 27.5360004901886, 27.791998386383057, 28.720999240875244, 29.17199969291687, 29.087000131607056, 28.568001985549927, 28.23799991607666, 25.23099970817566, 27.224998950958252, 29.779003143310547, 26.470998287200928, 26.626996755599976, 26.165999174118042, 26.9229998588562] 
Epochs training computation time mean (in sec) = 27.486885312237316 
--- 
Training loss history = [0.6675853729248047, 0.6570080518722534, 0.5992046594619751, 0.4941275417804718, 0.4615905284881592, 0.43966972827911377, 0.4296555817127228, 0.41996967792510986, 0.4135420322418213, 0.40877100825309753, 0.40298181772232056, 0.3878169059753418, 0.36852869391441345, 0.358376145362854, 0.3520846366882324, 0.34518909454345703, 0.3436605632305145, 0.3396400809288025, 0.3366912305355072, 0.33222106099128723, 0.33100929856300354, 0.3264864385128021, 0.3264334499835968, 0.32225191593170166, 0.3221617341041565, 0.3189529478549957, 0.31660783290863037, 0.31291645765304565, 0.3119857609272003, 0.3105044662952423, 0.30810126662254333, 0.3049843907356262, 0.3042076826095581, 0.30261150002479553, 0.3048476278781891, 0.3011326789855957, 0.2980099618434906, 0.29639384150505066, 0.2934836447238922, 0.2946149408817291, 0.2940146028995514, 0.29237207770347595, 0.28698334097862244, 0.28782957792282104, 0.284477561712265, 0.2837991714477539, 0.2843829393386841, 0.2832428514957428, 0.27996233105659485, 0.2787914574146271, 0.27876779437065125, 0.28481030464172363, 0.28267037868499756, 0.27834010124206543, 0.27901723980903625, 0.27475428581237793, 0.27503761649131775, 0.2734434902667999, 0.274799644947052, 0.27359408140182495, 0.26822686195373535, 0.2764880061149597, 0.2720464766025543, 0.2661055624485016, 0.2687341272830963, 0.26650673151016235, 0.26518964767456055, 0.2644556760787964, 0.2665778398513794, 0.26240089535713196, 0.2614368200302124, 0.2569340467453003, 0.2551380693912506, 0.2557762861251831, 0.25424447655677795, 0.2564235031604767, 0.25387516617774963, 0.25156882405281067, 0.25298649072647095] 
Training accuracy history = [0.5830817222595215, 0.5980952978134155, 0.6765208840370178, 0.777076244354248, 0.7938002943992615, 0.8050130009651184, 0.809088408946991, 0.8150643110275269, 0.8196887373924255, 0.8189074397087097, 0.8228561878204346, 0.8334142565727234, 0.8403615355491638, 0.8456194400787354, 0.8495470285415649, 0.8530523180961609, 0.8540447950363159, 0.8541292548179626, 0.8566421270370483, 0.8587748408317566, 0.859239399433136, 0.8618366718292236, 0.8620267510414124, 0.8623645901679993, 0.863441526889801, 0.8633359670639038, 0.8654264211654663, 0.8676647543907166, 0.867981493473053, 0.8684883117675781, 0.8696285486221313, 0.871444582939148, 0.871001124382019, 0.8715501427650452, 0.8723103404045105, 0.8740629553794861, 0.8742952346801758, 0.8745275139808655, 0.8753299117088318, 0.8754144310951233, 0.876575767993927, 0.8757944703102112, 0.8781172633171082, 0.8788774609565735, 0.8796165585517883, 0.8792153000831604, 0.8801655769348145, 0.8803555965423584, 0.8821293711662292, 0.8823827505111694, 0.8822349309921265, 0.8791519999504089, 0.8799754977226257, 0.8814747333526611, 0.8838819861412048, 0.8843043446540833, 0.8839664459228516, 0.884283185005188, 0.8845577239990234, 0.8833118677139282, 0.8862258791923523, 0.8817914724349976, 0.8861836791038513, 0.8878729939460754, 0.8869016170501709, 0.8881474733352661, 0.888443112373352, 0.887746274471283, 0.8871338963508606, 0.8885697722434998, 0.8892244100570679, 0.8908503651618958, 0.893130898475647, 0.8916527628898621, 0.8924340605735779, 0.8910192847251892, 0.8934476375579834, 0.8931519985198975, 0.8923073410987854] 
Training f1 history = [0.5830836892127991, 0.5980963706970215, 0.6765169501304626, 0.7770805358886719, 0.7937987446784973, 0.805015504360199, 0.8090858459472656, 0.8150662779808044, 0.819690465927124, 0.818899393081665, 0.8228527307510376, 0.8334004878997803, 0.8403618931770325, 0.8456145524978638, 0.8495371341705322, 0.853056788444519, 0.8540540337562561, 0.8541384935379028, 0.8566511273384094, 0.8587788939476013, 0.8592434525489807, 0.861840546131134, 0.8620256781578064, 0.8623684644699097, 0.8634501695632935, 0.8633396625518799, 0.8654349446296692, 0.8676633834838867, 0.8679800629615784, 0.8684965968132019, 0.8696271181106567, 0.871442973613739, 0.8710044026374817, 0.8715534210205078, 0.8723135590553284, 0.8740612268447876, 0.8742983341217041, 0.8745257258415222, 0.8753377795219421, 0.8754124641418457, 0.8765836358070374, 0.8757926225662231, 0.878115177154541, 0.8788851499557495, 0.8796241283416748, 0.8792132139205933, 0.8801731467247009, 0.8803631663322449, 0.8821319341659546, 0.8823902010917664, 0.882218062877655, 0.8791546821594238, 0.8799733519554138, 0.8814725279808044, 0.8838844895362854, 0.884306788444519, 0.8839688897132874, 0.884280800819397, 0.8845552802085876, 0.883309543132782, 0.8862330913543701, 0.8817891478538513, 0.886181116104126, 0.8878703117370605, 0.886908769607544, 0.8881545662879944, 0.8884453177452087, 0.8877485394477844, 0.8871361613273621, 0.8885670304298401, 0.889226496219635, 0.8908572793006897, 0.8931230902671814, 0.8916499018669128, 0.8924408555030823, 0.8910261988639832, 0.8934446573257446, 0.8931441903114319, 0.8923044800758362] 
--- 
Validation loss history = [0.6609338521957397, 0.6442357897758484, 0.4896458387374878, 0.44969335198402405, 0.4241531491279602, 0.41425779461860657, 0.4279595911502838, 0.41266533732414246, 0.39128342270851135, 0.3935636878013611, 0.3759540021419525, 0.35659539699554443, 0.3511964976787567, 0.33640384674072266, 0.32318657636642456, 0.3265267610549927, 0.3326997756958008, 0.32537123560905457, 0.3166564106941223, 0.3202269375324249, 0.3126041889190674, 0.3131454586982727, 0.3139874041080475, 0.3084784150123596, 0.3079971671104431, 0.3111392855644226, 0.3080274164676666, 0.3090798258781433, 0.3035813271999359, 0.3108034133911133, 0.30151739716529846, 0.305177241563797, 0.29747310280799866, 0.31913989782333374, 0.3018883168697357, 0.30057409405708313, 0.3014601171016693, 0.29865533113479614, 0.29718267917633057, 0.3048763573169708, 0.2935705780982971, 0.29442098736763, 0.2909884452819824, 0.29250016808509827, 0.3174111247062683, 0.2969772517681122, 0.2964780330657959, 0.28788286447525024, 0.2971555292606354, 0.2931588292121887, 0.29992133378982544, 0.29969048500061035, 0.2991560995578766, 0.286154180765152, 0.28843429684638977, 0.28632843494415283, 0.28730976581573486, 0.29075175523757935, 0.2828045189380646, 0.28765758872032166, 0.2897040545940399, 0.30133265256881714, 0.29601553082466125, 0.29537084698677063, 0.2873879075050354, 0.2869083285331726, 0.3058703541755676, 0.29082828760147095, 0.30011650919914246, 0.2825623154640198, 0.2970655858516693, 0.28615590929985046, 0.2909777760505676, 0.28739747405052185, 0.282449871301651, 0.282518208026886, 0.28590157628059387, 0.28602537512779236, 0.2949954867362976] 
Validation accuracy history = [0.5832383036613464, 0.6132649183273315, 0.7824021577835083, 0.798175573348999, 0.807677686214447, 0.817369818687439, 0.809008002281189, 0.8152793645858765, 0.8320030570030212, 0.8261117339134216, 0.8363739848136902, 0.8477765321731567, 0.8567084670066833, 0.8523375391960144, 0.8587989211082458, 0.8624097108840942, 0.8643101453781128, 0.861459493637085, 0.8606993556022644, 0.870961606502533, 0.8645001649856567, 0.8694412708282471, 0.866780698299408, 0.8671607971191406, 0.8700113892555237, 0.8671607971191406, 0.8732421398162842, 0.866780698299408, 0.8705815076828003, 0.8637400269508362, 0.8722919225692749, 0.8702014684677124, 0.8726719617843628, 0.8673508167266846, 0.869631290435791, 0.8734321594238281, 0.8711516261100769, 0.8719118237495422, 0.8766628503799438, 0.8721018433570862, 0.8760927319526672, 0.8768529295921326, 0.8772329688072205, 0.8766628503799438, 0.865450382232666, 0.8703914880752563, 0.8743823766708374, 0.8798936009407043, 0.8779931664466858, 0.8759027123451233, 0.8745723962783813, 0.874952495098114, 0.8741922974586487, 0.8800836205482483, 0.8776130676269531, 0.8819840550422668, 0.8806537389755249, 0.8747624754905701, 0.8816039562225342, 0.879323422908783, 0.8810338377952576, 0.8789433836936951, 0.874952495098114, 0.8817939758300781, 0.8776130676269531, 0.8831242918968201, 0.8747624754905701, 0.8779931664466858, 0.8797035217285156, 0.8795135021209717, 0.8724819421768188, 0.8814139366149902, 0.8823640942573547, 0.8781831860542297, 0.884644627571106, 0.8836944103240967, 0.8855948448181152, 0.8800836205482483, 0.8787533044815063] 
Validation f1 history = [0.5831523537635803, 0.6132489442825317, 0.7824575304985046, 0.7982249855995178, 0.8077235817909241, 0.8174391388893127, 0.8090805411338806, 0.8153222799301147, 0.8320667743682861, 0.826177716255188, 0.8364361524581909, 0.8478343486785889, 0.8567629456520081, 0.852393627166748, 0.8588525056838989, 0.8624619245529175, 0.8643345236778259, 0.8615121841430664, 0.8607251048088074, 0.8710105419158936, 0.8645516633987427, 0.8694908022880554, 0.8668312430381775, 0.8672112226486206, 0.8700608015060425, 0.8671296834945679, 0.8732631206512451, 0.8668312430381775, 0.8705763220787048, 0.8637917637825012, 0.8722589015960693, 0.8702234625816345, 0.8726931810379028, 0.8674012422561646, 0.869653582572937, 0.8734259009361267, 0.8712006211280823, 0.871960461139679, 0.876682460308075, 0.8721233010292053, 0.8761125206947327, 0.8768725395202637, 0.8772523403167725, 0.876682460308075, 0.8654743432998657, 0.8704134821891785, 0.8744029402732849, 0.8798849582672119, 0.8780123591423035, 0.875922679901123, 0.8745927810668945, 0.8749727010726929, 0.874212920665741, 0.8801290988922119, 0.8776053190231323, 0.8820016980171204, 0.8806447982788086, 0.8747557401657104, 0.881621778011322, 0.8793421387672424, 0.8810518383979797, 0.8789892792701721, 0.8749998807907104, 0.8818117380142212, 0.8776323795318604, 0.8831415176391602, 0.8747285604476929, 0.8779852390289307, 0.8797220587730408, 0.879531979560852, 0.8725304007530212, 0.8814318180084229, 0.8823815584182739, 0.8782294988632202, 0.8846884369850159, 0.8837113976478577, 0.8856111168861389, 0.8801019787788391, 0.8787721991539001] 
--- 
Radius of the CI = 0.00556592576684062 
True classification of the model is likely between 0.873795524905309 and 0.8849273764389903 
--- 
Test accuracy = 0.8793614506721497 
Confusion matrix (0 | 1) = 
 [[5984  627]
 [ 960 5584]] 
--- 
