This file contains information about the lstm model 
Analysis directory = C:\Users\cdetr\Documents\GitHub\nomics\jawac_processing_nomics/data/valid_invalid_analysis 
--- 
Segmentation value = 120.0 
Downsampling value = 1.0 
Signal frequency = 1.0 Hz 
Batch size = 2 
Standard scale = 0 
Stateful = 0 
Sliding window = 0 
Center of interest = 10 
Full sequence = 0 
Return sequences = 1 
Data balancing = 0 
--- 
Log time = 18-04-2022 03-34-47 
--- 
Num of epochs = 100, early stop after 65 epochs 
Epochs training computation time history (in sec) = [266.51500248908997, 268.16399908065796, 276.17700123786926, 263.106999874115, 265.12999963760376, 254.4509983062744, 261.485999584198, 254.29999804496765, 237.64800119400024, 229.9970154762268, 235.01398825645447, 232.9089982509613, 235.55199933052063, 231.3879964351654, 239.0119993686676, 235.17300271987915, 230.4550018310547, 221.35999989509583, 225.97399997711182, 232.56300020217896, 248.30099821090698, 232.7480001449585, 228.2319986820221, 237.96600127220154, 243.2569878101349, 227.15900135040283, 234.15200066566467, 238.23899960517883, 238.25900149345398, 234.41899633407593, 247.1769998073578, 248.59901237487793, 242.13899850845337, 233.4920003414154, 229.9699981212616, 226.90900039672852, 231.08099937438965, 233.63900136947632, 232.1539967060089, 240.73700094223022, 257.52799916267395, 247.25399947166443, 249.3619978427887, 243.8279995918274, 239.88799786567688, 243.5849997997284, 241.14700150489807, 247.23799633979797, 250.25999855995178, 243.00800013542175, 248.85600233078003, 246.04600524902344, 246.30100178718567, 253.99800276756287, 252.04298996925354, 246.81199860572815, 240.55400776863098, 239.31599879264832, 246.54199886322021, 243.819997549057, 236.22599911689758, 244.24799871444702, 245.53399991989136, 240.18199944496155, 242.51599860191345] 
Epochs training computation time mean (in sec) = 242.4783997609065 
--- 
Training loss history = [0.16096246242523193, 0.12579390406608582, 0.1171497330069542, 0.11524200439453125, 0.11554911732673645, 0.11105981469154358, 0.10719339549541473, 0.09954865276813507, 0.1049741804599762, 0.09806621819734573, 0.09441309422254562, 0.10263153165578842, 0.09660279750823975, 0.09901035577058792, 0.10216852277517319, 0.09014833718538284, 0.09216277301311493, 0.09919949620962143, 0.08987151086330414, 0.09432410448789597, 0.09171349555253983, 0.09053124487400055, 0.09026005864143372, 0.08732198178768158, 0.0893300250172615, 0.08639634400606155, 0.09034194052219391, 0.0856994241476059, 0.08712533116340637, 0.0862593948841095, 0.08542449027299881, 0.08406499028205872, 0.08494331687688828, 0.08226992934942245, 0.0865866020321846, 0.08339741826057434, 0.08521458506584167, 0.08472124487161636, 0.0821295976638794, 0.08701904863119125, 0.0843517929315567, 0.08511300384998322, 0.08328741788864136, 0.0793367475271225, 0.06798907369375229, 0.06925449520349503, 0.08129781484603882, 0.07213164865970612, 0.07854276895523071, 0.0813293606042862, 0.07713162153959274, 0.07874400913715363, 0.09299230575561523, 0.0837874561548233, 0.08897396177053452, 0.0804431214928627, 0.07942716777324677, 0.08434493094682693, 0.08070787787437439, 0.07685636729001999, 0.08635541796684265, 0.07931952178478241, 0.077851302921772, 0.07053689658641815, 0.06491357833147049] 
Training accuracy history = [0.9470913410186768, 0.9504832625389099, 0.952743649482727, 0.9536630511283875, 0.952378511428833, 0.9543161392211914, 0.9558084011077881, 0.9582548141479492, 0.9574500918388367, 0.95782870054245, 0.9600215554237366, 0.958331286907196, 0.9593074917793274, 0.9580284953117371, 0.9565107822418213, 0.9607342481613159, 0.9604066610336304, 0.959277868270874, 0.9614462852478027, 0.9608134627342224, 0.9614156484603882, 0.9609953761100769, 0.961833119392395, 0.9610418677330017, 0.9619309306144714, 0.9641351699829102, 0.9628710150718689, 0.9642891883850098, 0.9650363326072693, 0.9624858498573303, 0.9630473852157593, 0.9654716849327087, 0.9648385643959045, 0.9671334028244019, 0.963343620300293, 0.9672240018844604, 0.9655413031578064, 0.9633328914642334, 0.9652688503265381, 0.9625082612037659, 0.9661169052124023, 0.9627518057823181, 0.9657287001609802, 0.9676928520202637, 0.9736934304237366, 0.9736348986625671, 0.9657679796218872, 0.9704533815383911, 0.9672112464904785, 0.9651069045066833, 0.9682574272155762, 0.9668130874633789, 0.9604790210723877, 0.9637587070465088, 0.9610215425491333, 0.9672584533691406, 0.9664386510848999, 0.9639491438865662, 0.9659443497657776, 0.9691327214241028, 0.9648396372795105, 0.9659225940704346, 0.9682753086090088, 0.9720162153244019, 0.9750106930732727] 
Training f1 history = [0.9470909237861633, 0.9504823088645935, 0.9527431130409241, 0.9536626935005188, 0.9523774981498718, 0.9543156027793884, 0.9558064341545105, 0.9582544565200806, 0.9574485421180725, 0.9578291177749634, 0.9600213170051575, 0.9583300948143005, 0.9593068957328796, 0.9580270051956177, 0.956510603427887, 0.9607340693473816, 0.960405707359314, 0.9592779874801636, 0.96144700050354, 0.9608131647109985, 0.9614153504371643, 0.9609933495521545, 0.9618314504623413, 0.9610421061515808, 0.9619288444519043, 0.9641339182853699, 0.9628698825836182, 0.9642873406410217, 0.965033769607544, 0.9624830484390259, 0.9630454778671265, 0.9654702544212341, 0.9648367166519165, 0.9671310186386108, 0.9633444547653198, 0.9672234654426575, 0.965539276599884, 0.9633297920227051, 0.9652673602104187, 0.9625063538551331, 0.9661149978637695, 0.9627487063407898, 0.965725839138031, 0.9676883220672607, 0.9736895561218262, 0.9736316800117493, 0.9657667279243469, 0.9704499244689941, 0.9672107100486755, 0.965105414390564, 0.9682557582855225, 0.9668116569519043, 0.9604810476303101, 0.9637576937675476, 0.9610221982002258, 0.9672563076019287, 0.9664372801780701, 0.9639476537704468, 0.9659422039985657, 0.9691296815872192, 0.9648380875587463, 0.9659189581871033, 0.9682737588882446, 0.9720140695571899, 0.9750086069107056] 
--- 
Validation loss history = [0.11364205926656723, 0.10770641267299652, 0.14014479517936707, 0.10039125382900238, 0.08648495376110077, 0.08746641129255295, 0.08657442778348923, 0.09454923123121262, 0.08056037127971649, 0.07349912822246552, 0.09038423746824265, 0.08436155319213867, 0.06958796083927155, 0.08136127889156342, 0.09810302406549454, 0.06756693124771118, 0.0827464833855629, 0.10287123918533325, 0.07252182066440582, 0.09127628803253174, 0.07023242115974426, 0.07767157256603241, 0.08885882794857025, 0.06960847973823547, 0.09641965478658676, 0.09644133597612381, 0.08543089777231216, 0.07741669565439224, 0.1123279482126236, 0.07361820340156555, 0.08355937898159027, 0.09747566282749176, 0.07019432634115219, 0.06301958858966827, 0.06765010207891464, 0.07215531915426254, 0.07484318315982819, 0.14604976773262024, 0.08035151660442352, 0.07816646993160248, 0.07641227543354034, 0.07451353967189789, 0.07032018154859543, 0.06989415735006332, 0.057645928114652634, 0.07109913229942322, 0.0788845494389534, 0.05880288407206535, 0.07146049290895462, 0.09531853348016739, 0.0640319436788559, 0.08166586607694626, 0.07445073872804642, 0.08050433546304703, 0.07299932092428207, 0.08587417751550674, 0.0826781764626503, 0.07652584463357925, 0.06437169015407562, 0.07061191648244858, 0.07625643908977509, 0.06396100670099258, 0.1011890098452568, 0.0572483129799366, 0.05989174544811249] 
Validation accuracy history = [0.9544394612312317, 0.9528087973594666, 0.953211784362793, 0.9595454931259155, 0.9502665996551514, 0.9601097702980042, 0.9590153694152832, 0.9671099781990051, 0.9698691964149475, 0.9614490270614624, 0.9656714797019958, 0.9605810046195984, 0.9737940430641174, 0.9444971680641174, 0.9583953619003296, 0.973564624786377, 0.9593284726142883, 0.9458457231521606, 0.9696180820465088, 0.9574064016342163, 0.9697637557983398, 0.9686570167541504, 0.9646763205528259, 0.9728298783302307, 0.9708674550056458, 0.9523995518684387, 0.9671440720558167, 0.9634300470352173, 0.9692801237106323, 0.9694072604179382, 0.9724950194358826, 0.9727678298950195, 0.9686166644096375, 0.9743148684501648, 0.9708953499794006, 0.9687995910644531, 0.9707744121551514, 0.9679532647132874, 0.9652312994003296, 0.9596571326255798, 0.9746279716491699, 0.9701110124588013, 0.9734033942222595, 0.9692336320877075, 0.9811260104179382, 0.9611452221870422, 0.9576233625411987, 0.981904149055481, 0.9644469022750854, 0.9593998193740845, 0.9759920835494995, 0.9562469124794006, 0.9581628441810608, 0.952607274055481, 0.9734529852867126, 0.9633525609970093, 0.9650545716285706, 0.9627541899681091, 0.972665548324585, 0.9660559296607971, 0.958339512348175, 0.9716269969940186, 0.9742187261581421, 0.9802362322807312, 0.9779700040817261] 
Validation f1 history = [0.9544398784637451, 0.9528084993362427, 0.9532120227813721, 0.9595458507537842, 0.950266420841217, 0.9601094126701355, 0.9590155482292175, 0.9671098589897156, 0.9698691368103027, 0.9614492058753967, 0.9656716585159302, 0.9605809450149536, 0.9737936854362488, 0.9444968700408936, 0.9583953022956848, 0.9735641479492188, 0.9593283534049988, 0.9458455443382263, 0.969618558883667, 0.9574062824249268, 0.9697640538215637, 0.9686564207077026, 0.9646764397621155, 0.9728301167488098, 0.9708672761917114, 0.9524002075195312, 0.9671438932418823, 0.9634302258491516, 0.9692798852920532, 0.9694072008132935, 0.9724946618080139, 0.972768247127533, 0.9686168432235718, 0.9743146300315857, 0.9708954095840454, 0.9688002467155457, 0.97077476978302, 0.967954158782959, 0.9652311205863953, 0.9596571326255798, 0.9746282696723938, 0.9701115489006042, 0.9734034538269043, 0.9692332744598389, 0.9811262488365173, 0.9611445665359497, 0.9576236009597778, 0.9819037318229675, 0.9644473195075989, 0.9593999981880188, 0.9759913682937622, 0.9562471508979797, 0.9581628441810608, 0.9526077508926392, 0.9734526872634888, 0.9633525013923645, 0.9650545716285706, 0.9627541899681091, 0.9726654887199402, 0.9660561084747314, 0.9583399891853333, 0.9716267585754395, 0.9742188453674316, 0.9802355766296387, 0.9779699444770813] 
--- 
Radius of the CI = 0.003565557037194106 
True classification of the model is likely between 0.9736777472154304 and 0.9808088612898186 
--- 
Test accuracy = 0.9772433042526245 
Confusion matrix (0 | 1) = 
 [[363987  12002]
 [  6349 424062]] 
--- 
