This file contains information about the resnet model 
Analysis directory = C:\Users\cdetr\Documents\GitHub\nomics\nomics-AI/data/task2/fusion/analysis 
--- 
Segmentation value = 300.0 
Downsampling value = 1.0 
Signal frequency = 1.0 Hz 
Batch size = 32 
Sliding window = 1 
Center of interest = 60 
Data balancing = 1 
--- 
Log time = 23-06-2022 12-55-41 
--- 
Num of epochs = 100, early stop after 53 epochs 
Epochs training computation time history (in sec) = [39.05600118637085, 35.56300139427185, 35.21099877357483, 35.83799934387207, 35.77199959754944, 37.18700170516968, 39.59250617027283, 36.01200079917908, 36.95799732208252, 37.39600086212158, 36.273998975753784, 35.12499976158142, 36.06399941444397, 36.48499941825867, 36.526000022888184, 36.54961061477661, 37.086997985839844, 36.959999561309814, 36.637999057769775, 36.41499853134155, 36.01799726486206, 36.11499905586243, 36.20500469207764, 35.95704412460327, 38.70101451873779, 37.34299945831299, 36.53000020980835, 35.990997076034546, 36.170016050338745, 36.30785393714905, 37.979992389678955, 36.62301158905029, 37.1699960231781, 36.209001541137695, 39.5509979724884, 36.492997884750366, 35.9190034866333, 36.13350462913513, 37.47151207923889, 35.43800163269043, 36.44499897956848, 37.762999057769775, 36.65099763870239, 36.449002504348755, 37.27700138092041, 38.01099681854248, 36.488996267318726, 36.0929958820343, 36.369998931884766, 36.71200084686279, 36.74600100517273, 36.297000885009766, 36.7719988822937] 
Epochs training computation time mean (in sec) = 36.700189531974075 
--- 
Training loss history = [0.3825915455818176, 0.348175585269928, 0.33007046580314636, 0.2937520742416382, 0.27945592999458313, 0.26846131682395935, 0.25864842534065247, 0.2510397732257843, 0.23816698789596558, 0.23035858571529388, 0.22016067802906036, 0.20834046602249146, 0.19576294720172882, 0.1861894279718399, 0.17409349977970123, 0.1623947024345398, 0.1533154845237732, 0.14252100884914398, 0.12777195870876312, 0.11847315728664398, 0.11233704537153244, 0.10240483283996582, 0.09477077424526215, 0.08785008639097214, 0.0830250009894371, 0.07948945462703705, 0.07449658215045929, 0.07016663998365402, 0.06775026023387909, 0.062393151223659515, 0.059067342430353165, 0.05831629037857056, 0.050566934049129486, 0.05333433672785759, 0.04852653667330742, 0.04656026139855385, 0.04618880897760391, 0.04473241791129112, 0.04063345491886139, 0.044943079352378845, 0.04077433794736862, 0.036265209317207336, 0.03890089690685272, 0.03556632995605469, 0.03422926366329193, 0.032821234315633774, 0.03171350061893463, 0.028759745880961418, 0.030703460797667503, 0.029108144342899323, 0.028010264039039612, 0.030775420367717743, 0.026836352422833443] 
Training accuracy history = [0.8325586318969727, 0.8509930372238159, 0.8594971299171448, 0.8793401122093201, 0.8866293430328369, 0.8920522332191467, 0.8965420126914978, 0.9009789228439331, 0.9058208465576172, 0.9091309309005737, 0.912652313709259, 0.9174941778182983, 0.9229171276092529, 0.9272835850715637, 0.9323368072509766, 0.9370025992393494, 0.9409993886947632, 0.944908082485199, 0.9511761665344238, 0.9551200866699219, 0.9573385715484619, 0.9604373574256897, 0.9645045399665833, 0.9674801230430603, 0.9691703915596008, 0.9704556465148926, 0.9723747968673706, 0.9736601114273071, 0.9754384160041809, 0.9772695302963257, 0.9779033660888672, 0.9789597988128662, 0.9817240834236145, 0.9804739952087402, 0.9825515747070312, 0.9830093383789062, 0.983625590801239, 0.983924925327301, 0.9852630496025085, 0.9834847450256348, 0.9851045608520508, 0.9876576066017151, 0.9859673380851746, 0.9871821999549866, 0.9876927733421326, 0.9885907173156738, 0.9890133142471313, 0.9903162121772766, 0.9891893863677979, 0.9899112582206726, 0.9902458190917969, 0.9891365766525269, 0.9901225566864014] 
Training f1 history = [0.8325603008270264, 0.8509883880615234, 0.8594943881034851, 0.8793410062789917, 0.8866297006607056, 0.8920522332191467, 0.8965392112731934, 0.9009758830070496, 0.9058198928833008, 0.9091296792030334, 0.912653386592865, 0.9174923896789551, 0.922914981842041, 0.9272837042808533, 0.9323390126228333, 0.9370045065879822, 0.9410009980201721, 0.9449069499969482, 0.951179563999176, 0.9551182389259338, 0.9573415517807007, 0.9604401588439941, 0.9645020365715027, 0.9674823880195618, 0.9691699743270874, 0.9704577326774597, 0.9723717570304871, 0.9736619591712952, 0.9754401445388794, 0.9772685766220093, 0.9778999090194702, 0.9789587259292603, 0.9817253351211548, 0.9804753661155701, 0.9825502634048462, 0.9830080270767212, 0.9836267828941345, 0.9839260578155518, 0.9852640628814697, 0.9834833741188049, 0.9851056337356567, 0.9876584410667419, 0.985968291759491, 0.9871805310249329, 0.9876936674118042, 0.9885865449905396, 0.9890140891075134, 0.9903169274330139, 0.9891901612281799, 0.9899094104766846, 0.9902464747428894, 0.9891373515129089, 0.9901232123374939] 
--- 
Validation loss history = [0.356580525636673, 0.5717281103134155, 0.38958704471588135, 0.304948091506958, 0.2564074993133545, 0.25701338052749634, 0.2873922884464264, 0.25500553846359253, 0.26700395345687866, 0.2738094627857208, 0.27215784788131714, 0.31965431571006775, 0.252056747674942, 0.2038702517747879, 0.2619730532169342, 0.2932460308074951, 0.3851667046546936, 0.23332540690898895, 0.5186163187026978, 0.303363561630249, 0.16848576068878174, 0.18086181581020355, 0.26611563563346863, 0.18002605438232422, 0.17196503281593323, 0.14200171828269958, 0.17848767340183258, 0.3130640983581543, 0.11978121846914291, 0.13659170269966125, 0.15404531359672546, 0.12597335875034332, 0.1846069097518921, 0.3492194414138794, 0.1807323843240738, 0.17198871076107025, 0.1392320990562439, 0.1969480961561203, 0.11417139321565628, 0.15955762565135956, 0.15138569474220276, 0.20869682729244232, 0.07779671996831894, 0.15732654929161072, 0.269944429397583, 0.486960232257843, 0.13016900420188904, 0.2172584980726242, 0.19860108196735382, 0.12388058006763458, 0.10634809732437134, 0.21487806737422943, 0.1256127804517746] 
Validation accuracy history = [0.8415465354919434, 0.7528125643730164, 0.8356837034225464, 0.8711773157119751, 0.8973221182823181, 0.8962129354476929, 0.8848043084144592, 0.8939946293830872, 0.8993820548057556, 0.8855965733528137, 0.8919346928596497, 0.8795753717422485, 0.8987482190132141, 0.9202979207038879, 0.8941530585289001, 0.8738710284233093, 0.8439233303070068, 0.9020757675170898, 0.8367928862571716, 0.9058786034584045, 0.9313896298408508, 0.9285374879837036, 0.9030264616012573, 0.9329741597175598, 0.9377277493476868, 0.9492948651313782, 0.9369354844093323, 0.8846458792686462, 0.9548407793045044, 0.9511963129043579, 0.9475519061088562, 0.9532561898231506, 0.9331326484680176, 0.8781492710113525, 0.9408968687057495, 0.9421644806861877, 0.9530977606773376, 0.9350340962409973, 0.9591190218925476, 0.9439074397087097, 0.9567421674728394, 0.9321818947792053, 0.9721121788024902, 0.9504040479660034, 0.9307557940483093, 0.9055617451667786, 0.9570590853691101, 0.9274283051490784, 0.9394707679748535, 0.9637141227722168, 0.9684677720069885, 0.9363017082214355, 0.9614958167076111] 
Validation f1 history = [0.8416079878807068, 0.7526604533195496, 0.8352046012878418, 0.871121883392334, 0.8971635699272156, 0.8960587978363037, 0.8846951723098755, 0.8938491344451904, 0.8992153406143188, 0.8854842782020569, 0.8917973637580872, 0.8794868588447571, 0.8985840678215027, 0.920048713684082, 0.8940069675445557, 0.8732412457466125, 0.8439754247665405, 0.9018983840942383, 0.8368731141090393, 0.9056863784790039, 0.931096613407135, 0.9282557964324951, 0.9028453826904297, 0.9326748847961426, 0.9374097585678101, 0.9483675956726074, 0.9354932904243469, 0.8845372796058655, 0.9538915753364563, 0.9508252143859863, 0.9471951723098755, 0.9523133039474487, 0.9322690963745117, 0.8780664205551147, 0.9405664205551147, 0.9412652850151062, 0.9527191519737244, 0.9347267746925354, 0.958716630935669, 0.943001389503479, 0.9557855129241943, 0.931885838508606, 0.9716585874557495, 0.9494723677635193, 0.9304654002189636, 0.9053707122802734, 0.9566648602485657, 0.9271510243415833, 0.9391458630561829, 0.9627299308776855, 0.9680285453796387, 0.9359893798828125, 0.9605202674865723] 
--- 
Radius of the CI = 0.0025263672810068136 
True classification of the model is likely between 0.970535671140624 and 0.9755884057026377 
--- 
Test accuracy = 0.9730620384216309 
Confusion matrix (0 | 1) = 
 [[7641  288]
 [ 137 7711]] 
--- 
