This file contains information about the lstm model 
Analysis directory = C:\Users\cdetr\Documents\GitHub\nomics\nomics-AI/data/valid_invalid_analysis 
--- 
Segmentation value = 120.0 
Downsampling value = 1.0 
Signal frequency = 1.0 Hz 
Batch size = 8 
Standard scale = 0 
Stateful = 0 
Sliding window = 0 
Center of interest = 10 
Full sequence = 0 
Return sequences = 0 
Data balancing = 0 
--- 
Log time = 12-05-2022 23-29-45 
--- 
Num of epochs = 100, early stop after 41 epochs 
Epochs training computation time history (in sec) = [40.96204495429993, 31.475003242492676, 32.183008909225464, 33.451010942459106, 32.18200874328613, 33.33496046066284, 34.53700399398804, 33.698054790496826, 33.979963541030884, 34.40000104904175, 34.41499948501587, 33.75701093673706, 33.30199861526489, 34.93099761009216, 32.67405319213867, 35.6989905834198, 35.44400691986084, 31.878483295440674, 34.92400050163269, 33.01603603363037, 34.09299850463867, 34.78100109100342, 33.384037494659424, 32.67700242996216, 32.604029178619385, 33.6620306968689, 34.38501596450806, 35.55004858970642, 32.811959981918335, 34.319000244140625, 34.17504811286926, 34.65796184539795, 33.96000266075134, 33.05603575706482, 33.814995765686035, 35.78099989891052, 32.66904401779175, 32.18199586868286, 33.91100358963013, 35.11199879646301, 35.56103515625] 
Epochs training computation time mean (in sec) = 33.98514349867658 
--- 
Training loss history = [0.09409243613481522, 0.07154064625501633, 0.051838748157024384, 0.04361198469996452, 0.03560367226600647, 0.030719848349690437, 0.027587953954935074, 0.029147034510970116, 0.029851021245121956, 0.02890876494348049, 0.028406839817762375, 0.025143137201666832, 0.02126910164952278, 0.021585818380117416, 0.022775722667574883, 0.022494083270430565, 0.022607916966080666, 0.020854901522397995, 0.01888289861381054, 0.020866505801677704, 0.02183498442173004, 0.02013632468879223, 0.02155676670372486, 0.020976373925805092, 0.019477561116218567, 0.016800813376903534, 0.01969909854233265, 0.016090579330921173, 0.019162317737936974, 0.019112087786197662, 0.017780091613531113, 0.018711889162659645, 0.018002429977059364, 0.017756646499037743, 0.01858551613986492, 0.020672572776675224, 0.018222739920020103, 0.015428698621690273, 0.020759709179401398, 0.019986802712082863, 0.021655993536114693] 
Training accuracy history = [0.9656911492347717, 0.9739996790885925, 0.9796627163887024, 0.9854910969734192, 0.9885912537574768, 0.9904100298881531, 0.9914847612380981, 0.9914847612380981, 0.9906167387962341, 0.9899140000343323, 0.9907820820808411, 0.9917741417884827, 0.9933035969734192, 0.9939649701118469, 0.9933449029922485, 0.9931795597076416, 0.9930555820465088, 0.99379962682724, 0.9945436716079712, 0.9935929179191589, 0.993427574634552, 0.9938822984695435, 0.9930968880653381, 0.9945849776268005, 0.9949156641960144, 0.9953290224075317, 0.9945849776268005, 0.9955770373344421, 0.9949156641960144, 0.9940476417541504, 0.9949570298194885, 0.9940062761306763, 0.9951636791229248, 0.9953703880310059, 0.9946263432502747, 0.9939236044883728, 0.9945023059844971, 0.9951636791229248, 0.9940062761306763, 0.9945849776268005, 0.9926422238349915] 
Training f1 history = [0.9656911492347717, 0.9739996790885925, 0.9796627163887024, 0.9854910969734192, 0.9885912537574768, 0.9904100298881531, 0.9914847612380981, 0.9914847612380981, 0.9906167387962341, 0.9899140000343323, 0.9907820820808411, 0.9917741417884827, 0.9933035969734192, 0.9939649701118469, 0.9933449029922485, 0.9931795597076416, 0.9930555820465088, 0.99379962682724, 0.9945436716079712, 0.9935929179191589, 0.993427574634552, 0.9938822984695435, 0.9930968880653381, 0.9945849776268005, 0.9949156641960144, 0.9953290224075317, 0.9945849776268005, 0.9955770373344421, 0.9949156641960144, 0.9940476417541504, 0.9949570298194885, 0.9940062761306763, 0.9951636791229248, 0.9953703880310059, 0.9946263432502747, 0.9939236044883728, 0.9945023059844971, 0.9951636791229248, 0.9940062761306763, 0.9945849776268005, 0.9926422238349915] 
--- 
Validation loss history = [0.06901669502258301, 0.07038258016109467, 0.040800392627716064, 0.03316415101289749, 0.042395442724227905, 0.025341369211673737, 0.02809717319905758, 0.024442732334136963, 0.029614947736263275, 0.027944136410951614, 0.021607229486107826, 0.02256406471133232, 0.022946467623114586, 0.022444887086749077, 0.024430766701698303, 0.02510596439242363, 0.02764376811683178, 0.027044545859098434, 0.02846941165626049, 0.04680103808641434, 0.020065950229763985, 0.024349495768547058, 0.02285349741578102, 0.030653711408376694, 0.02729334495961666, 0.03669772297143936, 0.03482752665877342, 0.036413516849279404, 0.025244614109396935, 0.020016655325889587, 0.02517315372824669, 0.02311284840106964, 0.02639312483370304, 0.022834928706288338, 0.020560408011078835, 0.022556964308023453, 0.024784347042441368, 0.02911555767059326, 0.020887065678834915, 0.02632484771311283, 0.03204113990068436] 
Validation accuracy history = [0.9665178656578064, 0.980654776096344, 0.9836309552192688, 0.9910714030265808, 0.9892113208770752, 0.9933035969734192, 0.9910714030265808, 0.9936755895614624, 0.991815447807312, 0.991815447807312, 0.9951636791229248, 0.9947916865348816, 0.9933035969734192, 0.9933035969734192, 0.9951636791229248, 0.9933035969734192, 0.9944196343421936, 0.9933035969734192, 0.9933035969734192, 0.9914434552192688, 0.9933035969734192, 0.9940476417541504, 0.9933035969734192, 0.9936755895614624, 0.9933035969734192, 0.9895833134651184, 0.9933035969734192, 0.991815447807312, 0.9955357313156128, 0.9955357313156128, 0.9947916865348816, 0.9947916865348816, 0.9944196343421936, 0.9940476417541504, 0.9944196343421936, 0.9933035969734192, 0.9951636791229248, 0.9944196343421936, 0.9936755895614624, 0.9936755895614624, 0.9877232313156128] 
Validation f1 history = [0.9665178656578064, 0.980654776096344, 0.9836309552192688, 0.9910714030265808, 0.9892113208770752, 0.9933035969734192, 0.9910714030265808, 0.9936755895614624, 0.991815447807312, 0.991815447807312, 0.9951636791229248, 0.9947916865348816, 0.9933035969734192, 0.9933035969734192, 0.9951636791229248, 0.9933035969734192, 0.9944196343421936, 0.9933035969734192, 0.9933035969734192, 0.9914434552192688, 0.9933035969734192, 0.9940476417541504, 0.9933035969734192, 0.9936755895614624, 0.9933035969734192, 0.9895833134651184, 0.9933035969734192, 0.991815447807312, 0.9955357313156128, 0.9955357313156128, 0.9947916865348816, 0.9947916865348816, 0.9944196343421936, 0.9940476417541504, 0.9944196343421936, 0.9933035969734192, 0.9951636791229248, 0.9944196343421936, 0.9936755895614624, 0.9936755895614624, 0.9877232313156128] 
--- 
Radius of the CI = 0.0020342105719746125 
True classification of the model is likely between 0.9906741148140727 and 0.994742535958022 
--- 
Test accuracy = 0.9927083253860474 
Confusion matrix (0 | 1) = 
 [[3034   34]
 [  15 3637]] 
--- 
