This file contains information about the lstm model 
Analysis directory = /Users/clemdetry/Documents/Nomics/jawac_processing_nomics/data/valid_invalid_analysis 
--- 
Segmentation value = 1.0 
Downsampling value = 1.0 
Signal frequency = 1.0 Hz 
Batch size = 32 
Standard scale = 0 
Stateful = 0 
Sliding window = 0 
Center of interest = 10 
Data balancing = 0 
--- 
Log time = 30-12-2021 12-00-00
--- 
Num of epochs = 200 
Epochs training computation time history (in sec) = [20.622786045074463, 18.10617208480835, 17.99245834350586, 17.98701572418213, 18.007514715194702, 18.6134033203125, 18.47330904006958, 19.171256065368652, 18.88700842857361, 18.510528564453125, 18.43233346939087, 18.5193874835968, 18.65385103225708, 18.692691802978516, 19.311585664749146, 20.948845386505127, 19.590795755386353, 19.776519775390625, 18.088717937469482, 18.661301374435425, 18.58100700378418, 19.563005924224854, 21.03026556968689, 20.9831600189209, 20.979026317596436, 20.991838693618774, 21.002103567123413, 21.07127094268799, 21.01182222366333, 20.987350702285767, 20.998891353607178, 20.98559260368347, 21.00530433654785, 21.00702142715454, 21.01135563850403, 21.007152318954468, 21.00985836982727, 21.016854763031006, 21.0467369556427, 21.023224353790283, 21.037744760513306, 21.040464401245117, 21.05203080177307, 21.035187482833862, 21.036001682281494, 21.026546955108643, 21.02782106399536, 21.46525478363037, 21.042100191116333, 21.75633215904236, 23.881914138793945, 25.50571894645691, 26.01167607307434, 25.20721459388733, 24.171941995620728, 24.28849506378174, 22.41973352432251, 23.587885856628418, 26.16413640975952, 25.312321424484253, 26.784955739974976, 24.065080404281616, 24.34640669822693, 24.123161792755127, 27.422770023345947, 24.351699113845825, 23.19454026222229, 22.171361446380615, 22.537850856781006, 22.111753702163696, 23.340724229812622, 22.606338500976562, 26.447834253311157, 25.29227042198181, 24.840463161468506, 26.46424412727356, 23.9013454914093, 26.383447647094727, 26.56251287460327, 26.494885444641113, 24.79825472831726, 23.43829369544983, 25.766587734222412, 26.46205496788025, 25.660184621810913, 23.509207725524902, 26.5159649848938, 26.444482803344727, 23.215024948120117, 24.92302894592285, 25.376222133636475, 24.535184144973755, 23.721781253814697, 26.52647113800049, 26.54880118370056, 23.20419716835022, 23.18417477607727, 25.61766219139099, 24.772788286209106, 26.525550603866577, 24.702994346618652, 23.132812023162842, 26.108964204788208, 23.132615327835083, 24.49666953086853, 23.459568977355957, 25.425718784332275, 23.402491569519043, 23.17085886001587, 21.509119749069214, 21.530831336975098, 22.169532537460327, 21.88619565963745, 22.847220420837402, 21.52833843231201, 21.568272829055786, 23.27202343940735, 22.261388063430786, 22.745166778564453, 21.639459371566772, 23.506643056869507, 21.530442476272583, 21.698204040527344, 22.152178049087524, 23.118417739868164, 25.355509996414185, 22.365715980529785, 23.6948823928833, 23.26696014404297, 24.83128571510315, 27.544326782226562, 23.497591257095337, 23.400272369384766, 25.686549186706543, 26.69339418411255, 23.318193912506104, 23.61848211288452, 26.659297466278076, 23.304176092147827, 23.81969404220581, 24.42784285545349, 26.461451768875122, 26.81555199623108, 26.5392165184021, 21.045376777648926, 26.680078268051147, 20.904866218566895, 22.801082611083984, 23.36680817604065, 23.423264503479004, 23.426114320755005, 23.440190315246582, 25.418683767318726, 25.2520649433136, 25.61028218269348, 25.00675106048584, 25.18312907218933, 26.313577890396118, 26.558491706848145, 23.350720167160034, 23.374247789382935, 24.391773223876953, 26.883755445480347, 26.635350704193115, 23.43126130104065, 23.450454235076904, 25.58864164352417, 23.462876558303833, 26.20815920829773, 26.83622431755066, 26.832284212112427, 26.833603858947754, 26.924018621444702, 23.52303123474121, 22.362572193145752, 23.736538887023926, 23.686769008636475, 23.571929931640625, 24.66997241973877, 26.909845113754272, 23.510847330093384, 26.1045925617218, 23.473756790161133, 24.12898349761963, 26.804343938827515, 26.8487708568573, 23.514431476593018, 23.548590421676636, 24.016481161117554, 27.12348198890686, 26.625463724136353, 23.42769145965576, 23.983639001846313, 24.640347480773926, 23.31969976425171, 24.82043480873108, 23.32767367362976, 25.92901635169983, 23.417064428329468, 26.671765089035034] 
Epochs training computation time mean (in sec) = 23.356244008541108 
--- 
Training accuracy history = [0.9645563364028931, 0.9797728657722473, 0.9832844138145447, 0.9827710390090942, 0.9867137670516968, 0.9876173138618469, 0.9900609850883484, 0.9910877346992493, 0.9911698698997498, 0.991744875907898, 0.9917243123054504, 0.9922171831130981, 0.9925252199172974, 0.9916627407073975, 0.9917859435081482, 0.9912930727005005, 0.9922376871109009, 0.9919297099113464, 0.9923198819160461, 0.99164217710495, 0.9918680787086487, 0.9919297099113464, 0.9923814535140991, 0.9928332567214966, 0.9929564595222473, 0.9932234287261963, 0.9922376871109009, 0.9923198819160461, 0.9926484227180481, 0.9929358959197998, 0.9930590987205505, 0.9934903383255005, 0.9939626455307007, 0.993346631526947, 0.9935519695281982, 0.9932028651237488, 0.993408203125, 0.9932850003242493, 0.9933055639266968, 0.9932234287261963, 0.9931001663208008, 0.9936546683311462, 0.9938805103302002, 0.993141233921051, 0.9931207299232483, 0.993942141532898, 0.9937162399291992, 0.9933260679244995, 0.9930180311203003, 0.9937573075294495, 0.9937573075294495, 0.9936957359313965, 0.9938600063323975, 0.9940653443336487, 0.993141233921051, 0.9934698343276978, 0.993572473526001, 0.9938805103302002, 0.9935930371284485, 0.9943733811378479, 0.9936341047286987, 0.9940653443336487, 0.9935519695281982, 0.9940037131309509, 0.9941269755363464, 0.9943938851356506, 0.9940242767333984, 0.9933876991271973, 0.9936341047286987, 0.9938189387321472, 0.9940242767333984, 0.99383944272995, 0.9933671355247498, 0.9933876991271973, 0.9938805103302002, 0.9943938851356506, 0.9942091107368469, 0.9943733811378479, 0.9939215779304504, 0.9938600063323975, 0.9942501783370972, 0.9943528175354004, 0.9941064119338989, 0.9941885471343994, 0.9942296147346497, 0.9938189387321472, 0.9938189387321472, 0.9944760203361511, 0.9946814179420471, 0.9943528175354004, 0.9944144487380981, 0.9942912459373474, 0.9941064119338989, 0.9941680431365967, 0.9943528175354004, 0.9942091107368469, 0.9942091107368469, 0.9945992827415466, 0.9944144487380981, 0.9944965839385986, 0.9944144487380981, 0.9946197867393494, 0.9942091107368469, 0.9944144487380981, 0.9947635531425476, 0.9946197867393494, 0.9942912459373474, 0.9948661923408508, 0.9946403503417969, 0.9945787191390991, 0.9945582151412964, 0.9949893951416016, 0.9943323135375977, 0.9944760203361511, 0.9946608543395996, 0.9947840571403503, 0.9949072599411011, 0.9943117499351501, 0.9949688911437988, 0.9938189387321472, 0.9942706823348999, 0.9947019219398499, 0.9945992827415466, 0.9947224855422974, 0.9947224855422974, 0.9940447807312012, 0.9943938851356506, 0.9942091107368469, 0.9948661923408508, 0.9943733811378479, 0.9942706823348999, 0.9941680431365967, 0.9947635531425476, 0.9949483275413513, 0.9945170879364014, 0.9948046207427979, 0.9945992827415466, 0.9950099587440491, 0.9949072599411011, 0.9947224855422974, 0.9946608543395996, 0.9940242767333984, 0.9947019219398499, 0.9949072599411011, 0.9949278235435486, 0.9946814179420471, 0.9946403503417969, 0.9948456883430481, 0.9946608543395996, 0.9947019219398499, 0.9945170879364014, 0.9947224855422974, 0.9946814179420471, 0.9947635531425476, 0.9948251247406006, 0.9948456883430481, 0.9945992827415466, 0.9946814179420471, 0.9944144487380981, 0.9945376515388489, 0.9887056946754456, 0.9884181618690491, 0.99164217710495, 0.9915189743041992, 0.9921966195106506, 0.9927921891212463, 0.9927511215209961, 0.993182361125946, 0.9929358959197998, 0.9933876991271973, 0.993777871131897, 0.9941269755363464, 0.9940653443336487, 0.9940653443336487, 0.9944760203361511, 0.9944965839385986, 0.9941474795341492, 0.9946403503417969, 0.9942706823348999, 0.9946814179420471, 0.9947429895401001, 0.9942912459373474, 0.9942091107368469, 0.9943938851356506, 0.9941680431365967, 0.9945170879364014, 0.9944555163383484, 0.9945992827415466, 0.9945170879364014, 0.9944144487380981, 0.9938189387321472, 0.9941064119338989, 0.993675172328949, 0.9937983751296997, 0.9945376515388489, 0.9943938851356506, 0.9946814179420471, 0.9943323135375977, 0.9938600063323975, 0.99383944272995] 
Training loss history = [0.1058453693985939, 0.05757897347211838, 0.050609149038791656, 0.05454196035861969, 0.04364828020334244, 0.04070281237363815, 0.0361328162252903, 0.03336111828684807, 0.03254621475934982, 0.031348779797554016, 0.029841361567378044, 0.02985229715704918, 0.028627077117562294, 0.030115947127342224, 0.03105245716869831, 0.030319688841700554, 0.02958662062883377, 0.030340049415826797, 0.02986537106335163, 0.030461782589554787, 0.030535057187080383, 0.029592301696538925, 0.0285597275942564, 0.02890472114086151, 0.02810339443385601, 0.026354124769568443, 0.02830841764807701, 0.028808649629354477, 0.027702711522579193, 0.027715608477592468, 0.027337972074747086, 0.026409637182950974, 0.025179076939821243, 0.02566519007086754, 0.02486271969974041, 0.02607814408838749, 0.025932520627975464, 0.025737442076206207, 0.025484710931777954, 0.026482494547963142, 0.02574465051293373, 0.024036044254899025, 0.025709833949804306, 0.025082815438508987, 0.02534198947250843, 0.024466169998049736, 0.024911411106586456, 0.026149548590183258, 0.025753658264875412, 0.02383110672235489, 0.025562401860952377, 0.024779213592410088, 0.023834403604269028, 0.023282578215003014, 0.025252562016248703, 0.02452610246837139, 0.026324614882469177, 0.024166658520698547, 0.024249548092484474, 0.023271048441529274, 0.0254178699105978, 0.02332163043320179, 0.023748422041535378, 0.023119749501347542, 0.022716131061315536, 0.02307439036667347, 0.023194445297122, 0.02456611581146717, 0.02400309592485428, 0.024389494210481644, 0.024191921576857567, 0.024197718128561974, 0.02439931035041809, 0.02418304979801178, 0.024066418409347534, 0.022430382668972015, 0.022753706201910973, 0.023111114278435707, 0.023552225902676582, 0.024066880345344543, 0.02256525494158268, 0.021964918822050095, 0.02292116917669773, 0.022608859464526176, 0.022766126319766045, 0.023798469454050064, 0.023861464112997055, 0.021652041003108025, 0.021098656579852104, 0.022828474640846252, 0.022158032283186913, 0.021145936101675034, 0.021706731989979744, 0.02301863580942154, 0.02232157252728939, 0.022353962063789368, 0.022495536133646965, 0.023142507299780846, 0.0224129781126976, 0.02179560996592045, 0.02292390912771225, 0.022156668826937675, 0.0232608150690794, 0.021267376840114594, 0.021699504926800728, 0.021538369357585907, 0.022308526560664177, 0.0208666380494833, 0.021009258925914764, 0.021357033401727676, 0.02136792428791523, 0.02057538740336895, 0.02130640484392643, 0.020981699228286743, 0.021090252324938774, 0.020369820296764374, 0.021077729761600494, 0.021797548979520798, 0.02045729011297226, 0.02244211733341217, 0.021153179928660393, 0.02062750607728958, 0.020907698199152946, 0.020952096208930016, 0.021703006699681282, 0.022255789488554, 0.021343929693102837, 0.022678770124912262, 0.0202386025339365, 0.0214897058904171, 0.022082241252064705, 0.021582387387752533, 0.021115077659487724, 0.02045614644885063, 0.020666589960455894, 0.020570501685142517, 0.020246131345629692, 0.020670033991336823, 0.021927785128355026, 0.021159322932362556, 0.02109975926578045, 0.02282814122736454, 0.021560266613960266, 0.02062920294702053, 0.02085883915424347, 0.020599668845534325, 0.020917046815156937, 0.020405994728207588, 0.021430231630802155, 0.020375540480017662, 0.022987913340330124, 0.021636195480823517, 0.021682702004909515, 0.022511901333928108, 0.021828200668096542, 0.02078918367624283, 0.02191397361457348, 0.020827148109674454, 0.02146441861987114, 0.020925434306263924, 0.03505334258079529, 0.0385097973048687, 0.031142111867666245, 0.029311778023838997, 0.028617747128009796, 0.02708139270544052, 0.026016242802143097, 0.025077002122998238, 0.02446356788277626, 0.02358407899737358, 0.023548582568764687, 0.021812546998262405, 0.02290438674390316, 0.0216948501765728, 0.02153012342751026, 0.02128995954990387, 0.021292472258210182, 0.021734489127993584, 0.021512871608138084, 0.02113218978047371, 0.021027032285928726, 0.022385956719517708, 0.021477945148944855, 0.022099211812019348, 0.021142391487956047, 0.021107841283082962, 0.022602111101150513, 0.020762432366609573, 0.02100767381489277, 0.020956138148903847, 0.024115972220897675, 0.023666417226195335, 0.024252181872725487, 0.023791678249835968, 0.02144910953938961, 0.023020509630441666, 0.021433154121041298, 0.022284774109721184, 0.02285829372704029, 0.02353990077972412] 
--- 
Validation accuracy history = [0.9778229594230652, 0.9861393570899963, 0.9815191030502319, 0.9903899431228638, 0.9903899431228638, 0.9894658923149109, 0.9914988279342651, 0.9890962839126587, 0.9933468699455261, 0.9927924871444702, 0.9933468699455261, 0.9935317039489746, 0.990759551525116, 0.9937164783477783, 0.992053210735321, 0.9916836023330688, 0.9916836023330688, 0.9935317039489746, 0.9940861463546753, 0.9935317039489746, 0.9933468699455261, 0.9927924871444702, 0.9946405291557312, 0.9937164783477783, 0.9933468699455261, 0.9922380447387695, 0.9933468699455261, 0.9933468699455261, 0.9922380447387695, 0.9933468699455261, 0.9929772615432739, 0.9940861463546753, 0.9935317039489746, 0.994270920753479, 0.994270920753479, 0.9933468699455261, 0.9944557547569275, 0.9950101375579834, 0.9940861463546753, 0.9924228191375732, 0.9935317039489746, 0.9937164783477783, 0.9918684363365173, 0.992053210735321, 0.9933468699455261, 0.983182430267334, 0.9940861463546753, 0.9929772615432739, 0.9916836023330688, 0.9933468699455261, 0.9933468699455261, 0.9939013123512268, 0.994270920753479, 0.994270920753479, 0.9939013123512268, 0.9937164783477783, 0.9929772615432739, 0.9939013123512268, 0.9935317039489746, 0.9944557547569275, 0.994270920753479, 0.9948253631591797, 0.9935317039489746, 0.994270920753479, 0.994270920753479, 0.9933468699455261, 0.9929772615432739, 0.9937164783477783, 0.994270920753479, 0.9933468699455261, 0.9939013123512268, 0.9944557547569275, 0.9935317039489746, 0.9940861463546753, 0.9946405291557312, 0.9935317039489746, 0.9955645799636841, 0.9929772615432739, 0.9939013123512268, 0.994270920753479, 0.9940861463546753, 0.9927924871444702, 0.9940861463546753, 0.9935317039489746, 0.9931620955467224, 0.992053210735321, 0.9955645799636841, 0.9937164783477783, 0.994270920753479, 0.9940861463546753, 0.9935317039489746, 0.9937164783477783, 0.994270920753479, 0.9937164783477783, 0.9944557547569275, 0.9948253631591797, 0.994270920753479, 0.994270920753479, 0.9939013123512268, 0.994270920753479, 0.9940861463546753, 0.9944557547569275, 0.994270920753479, 0.9944557547569275, 0.9935317039489746, 0.9937164783477783, 0.9940861463546753, 0.9929772615432739, 0.9948253631591797, 0.9946405291557312, 0.9940861463546753, 0.994270920753479, 0.9931620955467224, 0.9939013123512268, 0.9944557547569275, 0.9944557547569275, 0.9951949715614319, 0.9939013123512268, 0.9939013123512268, 0.9933468699455261, 0.9937164783477783, 0.9937164783477783, 0.9946405291557312, 0.9931620955467224, 0.9937164783477783, 0.9935317039489746, 0.9944557547569275, 0.9937164783477783, 0.9948253631591797, 0.9931620955467224, 0.9933468699455261, 0.9939013123512268, 0.9948253631591797, 0.9939013123512268, 0.994270920753479, 0.9931620955467224, 0.9931620955467224, 0.9944557547569275, 0.9940861463546753, 0.9944557547569275, 0.9935317039489746, 0.9940861463546753, 0.9940861463546753, 0.9929772615432739, 0.9944557547569275, 0.9939013123512268, 0.9933468699455261, 0.994270920753479, 0.992053210735321, 0.9940861463546753, 0.9940861463546753, 0.9935317039489746, 0.9946405291557312, 0.9939013123512268, 0.9937164783477783, 0.9944557547569275, 0.9937164783477783, 0.9946405291557312, 0.9931620955467224, 0.9940861463546753, 0.9811494946479797, 0.9924228191375732, 0.9926076531410217, 0.9935317039489746, 0.9926076531410217, 0.992053210735321, 0.9929772615432739, 0.9927924871444702, 0.9929772615432739, 0.9929772615432739, 0.9939013123512268, 0.9933468699455261, 0.9940861463546753, 0.9937164783477783, 0.9948253631591797, 0.9940861463546753, 0.9939013123512268, 0.9939013123512268, 0.9924228191375732, 0.9929772615432739, 0.9944557547569275, 0.9937164783477783, 0.9937164783477783, 0.9935317039489746, 0.9931620955467224, 0.9939013123512268, 0.9927924871444702, 0.9951949715614319, 0.9937164783477783, 0.9939013123512268, 0.9931620955467224, 0.9933468699455261, 0.9933468699455261, 0.9929772615432739, 0.9933468699455261, 0.9926076531410217, 0.9937164783477783, 0.9931620955467224, 0.9933468699455261, 0.9933468699455261] 
Validation loss history = [0.05961371585726738, 0.0502324253320694, 0.04579416662454605, 0.03637801483273506, 0.03373686969280243, 0.03604685515165329, 0.029703276231884956, 0.03506198525428772, 0.024796465411782265, 0.029347600415349007, 0.025257939472794533, 0.025755327194929123, 0.02858259715139866, 0.025934850797057152, 0.02902091108262539, 0.028366567566990852, 0.030027618631720543, 0.026037156581878662, 0.026256101205945015, 0.027602994814515114, 0.02660665474832058, 0.027201680466532707, 0.025150159373879433, 0.0252404622733593, 0.02532351016998291, 0.027576712891459465, 0.027520863339304924, 0.02643870934844017, 0.0317557230591774, 0.02549203298985958, 0.025471078231930733, 0.02428804710507393, 0.024480780586600304, 0.0242503322660923, 0.02571687661111355, 0.02602994628250599, 0.024044407531619072, 0.022457225248217583, 0.023532811552286148, 0.026981549337506294, 0.024201996624469757, 0.02466653659939766, 0.029851876199245453, 0.02921217679977417, 0.02479427680373192, 0.042027443647384644, 0.023659924045205116, 0.02625214122235775, 0.026704033836722374, 0.02777673676609993, 0.028136154636740685, 0.02420566976070404, 0.024486972019076347, 0.024676069617271423, 0.02333156205713749, 0.024922914803028107, 0.027293704450130463, 0.024709805846214294, 0.02416755072772503, 0.024987220764160156, 0.024259207770228386, 0.02372260019183159, 0.025922609493136406, 0.02374153584241867, 0.02515157125890255, 0.025330035015940666, 0.02538527548313141, 0.023592336103320122, 0.023357922211289406, 0.026325773447752, 0.024421771988272667, 0.024688532575964928, 0.023304946720600128, 0.02702784165740013, 0.02423926442861557, 0.024783728644251823, 0.023750707507133484, 0.026361677795648575, 0.025655463337898254, 0.024936027824878693, 0.02575971558690071, 0.02808508835732937, 0.02564924955368042, 0.027811625972390175, 0.02573411911725998, 0.028642119839787483, 0.02283201552927494, 0.02558159828186035, 0.02598475106060505, 0.02521008625626564, 0.025195036083459854, 0.024692321196198463, 0.025356454774737358, 0.02483295276761055, 0.023505747318267822, 0.022038867697119713, 0.022796059027314186, 0.024586094543337822, 0.026778463274240494, 0.025231042876839638, 0.024323243647813797, 0.024223802611231804, 0.023782998323440552, 0.023575324565172195, 0.025782998651266098, 0.02483011968433857, 0.02538215182721615, 0.02853386290371418, 0.024192307144403458, 0.023972341790795326, 0.025384804233908653, 0.023810768499970436, 0.02558143436908722, 0.026251865550875664, 0.025109432637691498, 0.022960932925343513, 0.024905787780880928, 0.02409238927066326, 0.02607058174908161, 0.027000820264220238, 0.025848357006907463, 0.023742076009511948, 0.02549300156533718, 0.025431819260120392, 0.025637038052082062, 0.027492564171552658, 0.023883262649178505, 0.02440303936600685, 0.025078855454921722, 0.027123574167490005, 0.025469575077295303, 0.024284841492772102, 0.02443554252386093, 0.025386987254023552, 0.025637611746788025, 0.02574951760470867, 0.02630584128201008, 0.024542199447751045, 0.02360931970179081, 0.02449372038245201, 0.025828717276453972, 0.02441701479256153, 0.02471063658595085, 0.026505328714847565, 0.024213673546910286, 0.02405247651040554, 0.025928255170583725, 0.02434142865240574, 0.030333105474710464, 0.02459038235247135, 0.026099376380443573, 0.024616273120045662, 0.025750702247023582, 0.025657756254076958, 0.02707415446639061, 0.024437423795461655, 0.02535843476653099, 0.02478765696287155, 0.02564135007560253, 0.02707618474960327, 0.04834279417991638, 0.030447369441390038, 0.03086993098258972, 0.026664040982723236, 0.029523802921175957, 0.025958869606256485, 0.026464121416211128, 0.028323186561465263, 0.02848106436431408, 0.027211271226406097, 0.026237020269036293, 0.02596716582775116, 0.0253403652459383, 0.025771720334887505, 0.023744501173496246, 0.025935819372534752, 0.025815237313508987, 0.02498469687998295, 0.02690025605261326, 0.025541529059410095, 0.024482347071170807, 0.02523011527955532, 0.02489435486495495, 0.026348810642957687, 0.02634771354496479, 0.02447960339486599, 0.027235833927989006, 0.02267763763666153, 0.024326661601662636, 0.025049768388271332, 0.026358628645539284, 0.026677267625927925, 0.02589458040893078, 0.027960393577814102, 0.0296133141964674, 0.03211535885930061, 0.026644267141819, 0.02574940025806427, 0.027948791161179543, 0.026606054976582527] 
--- 
Radius of the CI = 0.0016365413320897945 
True classification of the model is likely between 0.9916612143861414 and 0.994934297050321 
--- 
Test accuracy = 0.9932977557182312 
Confusion matrix (invalid | valid) = 
 [[4471   49]
 [  15 5014]] 
--- 
