This file contains information about the lstm model 
Analysis directory = C:\Users\cdetr\Documents\GitHub\nomics\jawac_processing_nomics/data/valid_invalid_analysis 
--- 
Segmentation value = 30.0 
Downsampling value = 1.0 
Signal frequency = 1.0 Hz 
Batch size = 32 
Standard scale = 0 
Stateful = 0 
Sliding window = 0 
Center of interest = 10 
Full sequence = 0 
Return sequences = 0 
Data balancing = 0 
--- 
Log time = 11-04-2022 19-28-22 
--- 
Num of epochs = 100, early stop after 45 epochs 
Epochs training computation time history (in sec) = [26.072920322418213, 22.372827291488647, 22.888391971588135, 23.377143383026123, 22.267921686172485, 22.2401602268219, 22.386134386062622, 22.03669548034668, 22.29393458366394, 22.331082582473755, 23.68211007118225, 22.901432514190674, 21.761473417282104, 21.37106466293335, 21.72896671295166, 22.396555185317993, 21.065319776535034, 21.65736436843872, 21.70725989341736, 21.809415340423584, 23.220343828201294, 21.16751503944397, 21.916356801986694, 21.832510709762573, 21.886540412902832, 22.607234001159668, 22.30353593826294, 22.211329221725464, 21.209354639053345, 21.48499321937561, 21.573814868927002, 22.00901198387146, 21.923583030700684, 21.75822353363037, 22.091293334960938, 22.265074491500854, 22.217320680618286, 21.94799494743347, 21.749001264572144, 22.250564098358154, 21.663097620010376, 21.04321002960205, 21.819451808929443, 21.957841634750366, 21.848514318466187] 
Epochs training computation time mean (in sec) = 22.140130784776474 
--- 
Training loss history = [0.10026803612709045, 0.0563475526869297, 0.05193682387471199, 0.04887868091464043, 0.04656554013490677, 0.04691600427031517, 0.04648850858211517, 0.04989505186676979, 0.044363826513290405, 0.04436866566538811, 0.04379916563630104, 0.04208478704094887, 0.04141925275325775, 0.04142024740576744, 0.0400492325425148, 0.039568059146404266, 0.04000180959701538, 0.03839913010597229, 0.037979237735271454, 0.038745127618312836, 0.03793766349554062, 0.037698227912187576, 0.038756728172302246, 0.03761984407901764, 0.03709617629647255, 0.04137519374489784, 0.03885890915989876, 0.0399412140250206, 0.0371970497071743, 0.03824881091713905, 0.03927432745695114, 0.03796346113085747, 0.0378710962831974, 0.037415072321891785, 0.03740593418478966, 0.035307999700307846, 0.03563835844397545, 0.0380045585334301, 0.03967897966504097, 0.04041389003396034, 0.038847628980875015, 0.037612542510032654, 0.03824658691883087, 0.039039984345436096, 0.03720145300030708] 
Training accuracy history = [0.9678614139556885, 0.9828926920890808, 0.9847347140312195, 0.9859660863876343, 0.9864037036895752, 0.986088216304779, 0.9861696362495422, 0.9848262667655945, 0.9871364235877991, 0.9869837760925293, 0.9871771335601807, 0.9878284335136414, 0.9880014657974243, 0.9877979159355164, 0.9886731505393982, 0.9885510206222534, 0.9887138605117798, 0.9892328381538391, 0.9889784455299377, 0.9892532229423523, 0.9893448352813721, 0.9895992279052734, 0.9889886379241943, 0.9893753528594971, 0.9893346428871155, 0.9876554608345032, 0.9889072179794312, 0.9882762432098389, 0.9897518754005432, 0.9887240529060364, 0.988418698310852, 0.9890700578689575, 0.9891107678413391, 0.9892125129699707, 0.9893041253089905, 0.9898536801338196, 0.9901894927024841, 0.9890496730804443, 0.9881032109260559, 0.9883067607879639, 0.9888156056404114, 0.9886731505393982, 0.9886731505393982, 0.9882965683937073, 0.9891107678413391] 
Training f1 history = [0.9678646922111511, 0.9828944206237793, 0.9847362637519836, 0.9859675168991089, 0.9864004850387573, 0.9860896468162537, 0.9861710071563721, 0.9848278164863586, 0.9871377348899841, 0.9869850873947144, 0.9871784448623657, 0.9878296852111816, 0.9880026578903198, 0.9877991676330566, 0.9886742830276489, 0.9885521531105042, 0.9887149930000305, 0.9892339706420898, 0.9889795780181885, 0.9892542958259583, 0.989345908164978, 0.9896003007888794, 0.9889897704124451, 0.989376425743103, 0.9893357157707214, 0.9876567125320435, 0.9889083504676819, 0.9882774353027344, 0.9897482991218567, 0.9887251853942871, 0.9884106516838074, 0.9890665411949158, 0.9891118407249451, 0.9892135858535767, 0.9893051981925964, 0.9898546934127808, 0.9901905059814453, 0.9890462160110474, 0.9880998134613037, 0.9883079528808594, 0.9888167381286621, 0.9886696934700012, 0.9886742830276489, 0.9882977604866028, 0.9891118407249451] 
--- 
Validation loss history = [0.048408716917037964, 0.039847277104854584, 0.03773502632975578, 0.03848082944750786, 0.03757205978035927, 0.03560390695929527, 0.03842689096927643, 0.03886546939611435, 0.03524331748485565, 0.03411438316106796, 0.03486338257789612, 0.03427429124712944, 0.03617788478732109, 0.035731397569179535, 0.03406166285276413, 0.0350213460624218, 0.03268131613731384, 0.03498052805662155, 0.03321954980492592, 0.033507343381643295, 0.03242608904838562, 0.0335049033164978, 0.03606586158275604, 0.03190905228257179, 0.03092844970524311, 0.033729709684848785, 0.03331040218472481, 0.03047170676290989, 0.03114563226699829, 0.03269759938120842, 0.030312972143292427, 0.03256552293896675, 0.03125842660665512, 0.03068757988512516, 0.031249884516000748, 0.030690081417560577, 0.030085844919085503, 0.03434189781546593, 0.030517203733325005, 0.03113650716841221, 0.032086774706840515, 0.030268993228673935, 0.03351275622844696, 0.030719410628080368, 0.031042715534567833] 
Validation accuracy history = [0.9829639196395874, 0.9873602986335754, 0.9882762432098389, 0.9887341856956482, 0.988825798034668, 0.9894669055938721, 0.9887341856956482, 0.9882762432098389, 0.9887341856956482, 0.9899249076843262, 0.9887341856956482, 0.9895585179328918, 0.9892837405204773, 0.9891005754470825, 0.9902912378311157, 0.9889174103736877, 0.9898332953453064, 0.9897416830062866, 0.9901996850967407, 0.9890089631080627, 0.99065762758255, 0.9899249076843262, 0.9885510206222534, 0.9903828501701355, 0.9914819598197937, 0.9905660152435303, 0.9895585179328918, 0.9910240173339844, 0.9902912378311157, 0.9902912378311157, 0.9910240173339844, 0.9898332953453064, 0.9900164604187012, 0.9911155700683594, 0.9904744625091553, 0.9908407926559448, 0.9911155700683594, 0.9894669055938721, 0.9912071824073792, 0.9905660152435303, 0.9892837405204773, 0.9907492399215698, 0.9891005754470825, 0.9902912378311157, 0.9897416830062866] 
Validation f1 history = [0.9830043911933899, 0.9873903393745422, 0.988304078578949, 0.9887609481811523, 0.988852322101593, 0.9894919395446777, 0.9887609481811523, 0.988304078578949, 0.9887609481811523, 0.9899488091468811, 0.9887609481811523, 0.9895833134651184, 0.9893091917037964, 0.989126443862915, 0.9903143048286438, 0.9889436960220337, 0.9898574352264404, 0.9897660613059998, 0.9902229309082031, 0.9890350699424744, 0.9906798005104065, 0.9899488091468811, 0.988578200340271, 0.9904056787490845, 0.9915021657943726, 0.9905884265899658, 0.9895833134651184, 0.9910452961921692, 0.9903143048286438, 0.9903143048286438, 0.9910452961921692, 0.9898574352264404, 0.9900401830673218, 0.9911366701126099, 0.9904970526695251, 0.9908625483512878, 0.9911366701126099, 0.9894919395446777, 0.9912280440330505, 0.9905884265899658, 0.9893091917037964, 0.9907711744308472, 0.989126443862915, 0.9903143048286438, 0.9897660613059998] 
--- 
Radius of the CI = 0.0013395462167441628 
True classification of the model is likely between 0.9895780172216714 and 0.9922571096551597 
--- 
Test accuracy = 0.9909175634384155 
Confusion matrix (0 | 1) = 
 [[ 8927   154]
 [   21 10166]] 
--- 
