This file contains information about the lstm model 
Analysis directory = C:\Users\cdetr\Documents\GitHub\nomics\nomics-AI/data/valid_invalid_analysis 
--- 
Segmentation value = 120.0 
Downsampling value = 1.0 
Signal frequency = 1.0 Hz 
Batch size = 16 
Standard scale = 0 
Stateful = 0 
Sliding window = 1 
Center of interest = 60 
Full sequence = 0 
Return sequences = 0 
Data balancing = 0 
--- 
Log time = 13-05-2022 00-24-53 
--- 
Num of epochs = 100, early stop after 53 epochs 
Epochs training computation time history (in sec) = [40.45100259780884, 37.28000068664551, 38.30400037765503, 37.559000968933105, 38.85199856758118, 38.32699751853943, 38.039000272750854, 38.67100119590759, 38.80099940299988, 39.311999559402466, 38.786999225616455, 38.56700015068054, 37.46999907493591, 37.39500117301941, 37.47199869155884, 38.57699775695801, 40.251996994018555, 39.38199996948242, 38.825000286102295, 36.592995405197144, 35.67099928855896, 34.49499821662903, 36.5119993686676, 37.47000074386597, 37.47099566459656, 35.37100124359131, 38.06999850273132, 37.22200012207031, 36.339998960494995, 36.91900110244751, 37.897998094558716, 39.12201237678528, 36.87099814414978, 33.40199947357178, 36.41700005531311, 36.869999170303345, 36.97600030899048, 36.296998023986816, 36.563000440597534, 34.60399866104126, 34.61600160598755, 36.16700005531311, 37.488998889923096, 37.88999915122986, 35.853010177612305, 35.884000301361084, 38.00800013542175, 38.586997509002686, 37.17799925804138, 37.869996547698975, 36.745999336242676, 36.157999992370605, 34.70399832725525] 
Epochs training computation time mean (in sec) = 37.29484885143784 
--- 
Training loss history = [0.08103826642036438, 0.05551813542842865, 0.04141068458557129, 0.03240003436803818, 0.030360978096723557, 0.027612434700131416, 0.02630247361958027, 0.02438385598361492, 0.0232609324157238, 0.023031888529658318, 0.020632637664675713, 0.02101856656372547, 0.019983679056167603, 0.021135011687874794, 0.020428141579031944, 0.018973708152770996, 0.018383590504527092, 0.023155400529503822, 0.01908065192401409, 0.019643425941467285, 0.019323034211993217, 0.016674768179655075, 0.01929054968059063, 0.02320881560444832, 0.020083453506231308, 0.018141835927963257, 0.018178224563598633, 0.017851082608103752, 0.018579808995127678, 0.019517308101058006, 0.020010603591799736, 0.018578264862298965, 0.017050497233867645, 0.017458446323871613, 0.01947013847529888, 0.019480574876070023, 0.020650073885917664, 0.020136559382081032, 0.023887623101472855, 0.018257327377796173, 0.019705500453710556, 0.01971072144806385, 0.019366895779967308, 0.02047685533761978, 0.019247591495513916, 0.015631359070539474, 0.01724027469754219, 0.01708235777914524, 0.017776042222976685, 0.015404682606458664, 0.01858365349471569, 0.02149764820933342, 0.019224025309085846] 
Training accuracy history = [0.9685955047607422, 0.9788981676101685, 0.9855803847312927, 0.9894490838050842, 0.9905248284339905, 0.9914144277572632, 0.9922419786453247, 0.9926350712776184, 0.9926557540893555, 0.9926764369010925, 0.9935452938079834, 0.9931108951568604, 0.9937108159065247, 0.9934625625610352, 0.9934625625610352, 0.9943521618843079, 0.9943521618843079, 0.9927384853363037, 0.9941866397857666, 0.9936901330947876, 0.9934418797492981, 0.994910717010498, 0.9940211176872253, 0.9927178025245667, 0.9939797520637512, 0.9940625429153442, 0.9943728446960449, 0.9947038292884827, 0.9939383864402771, 0.9944555759429932, 0.9941245913505554, 0.9944762587547302, 0.9944969415664673, 0.9948279857635498, 0.9939590692520142, 0.9936694502830505, 0.99391770362854, 0.9937314987182617, 0.9926350712776184, 0.9941659569740295, 0.9940004348754883, 0.9936487674713135, 0.9936694502830505, 0.9931936264038086, 0.9945176839828491, 0.9950762391090393, 0.9949727654457092, 0.9949727654457092, 0.9946831464767456, 0.9947866201400757, 0.9943314790725708, 0.9934832453727722, 0.99391770362854] 
Training f1 history = [0.9686052203178406, 0.9789047241210938, 0.9855848550796509, 0.9894523620605469, 0.9905278086662292, 0.9914171099662781, 0.9922443628311157, 0.9926373362541199, 0.9926580190658569, 0.992678701877594, 0.9935473203659058, 0.9931129813194275, 0.9937127828598022, 0.9934645891189575, 0.9934645891189575, 0.9943538904190063, 0.9943538904190063, 0.9927407503128052, 0.9941884279251099, 0.9936921000480652, 0.9934439063072205, 0.994912326335907, 0.9940230250358582, 0.9927200675010681, 0.993981659412384, 0.9940643906593323, 0.9943745732307434, 0.9947054982185364, 0.9939402937889099, 0.9944573044776917, 0.9941263794898987, 0.9944779872894287, 0.9944986701011658, 0.9948295950889587, 0.993960976600647, 0.9936714172363281, 0.9939196109771729, 0.9937334656715393, 0.9926373362541199, 0.9941677451133728, 0.9940023422241211, 0.9936507344245911, 0.9936714172363281, 0.9931957125663757, 0.9945193529129028, 0.9950777888298035, 0.9949743747711182, 0.9949743747711182, 0.9946848154067993, 0.9947882294654846, 0.9943332076072693, 0.9934852719306946, 0.9939196109771729] 
--- 
Validation loss history = [0.04421375319361687, 0.028746336698532104, 0.02229257859289646, 0.01656918041408062, 0.015097436495125294, 0.016511855646967888, 0.024651410058140755, 0.017114540562033653, 0.018752682954072952, 0.016800595447421074, 0.017609117552638054, 0.016020772978663445, 0.016133811324834824, 0.018899867311120033, 0.01299244724214077, 0.013496989384293556, 0.01933545246720314, 0.015416333451867104, 0.017645778134465218, 0.01637021265923977, 0.016264839097857475, 0.01382913626730442, 0.0184459425508976, 0.01948508806526661, 0.015224574133753777, 0.016494806855916977, 0.016392098739743233, 0.014113133773207664, 0.023464100435376167, 0.013617980293929577, 0.01378113217651844, 0.014791157096624374, 0.01095348596572876, 0.01611417904496193, 0.013586669228971004, 0.016242753714323044, 0.01423595566302538, 0.01809416525065899, 0.01677640900015831, 0.011313352733850479, 0.013197023421525955, 0.020047694444656372, 0.017906425520777702, 0.01687132753431797, 0.011470269411802292, 0.011612570844590664, 0.012798239476978779, 0.012059852480888367, 0.013569828122854233, 0.010845736600458622, 0.012324122712016106, 0.017059484496712685, 0.011738283559679985] 
Validation accuracy history = [0.9767268896102905, 0.9927387833595276, 0.9914354681968689, 0.9946006536483765, 0.9951592087745667, 0.99478679895401, 0.9906907677650452, 0.9949730038642883, 0.9936696887016296, 0.9932973384857178, 0.9946006536483765, 0.9957177639007568, 0.9949730038642883, 0.9916216731071472, 0.9951592087745667, 0.9949730038642883, 0.9949730038642883, 0.99478679895401, 0.99478679895401, 0.9951592087745667, 0.9949730038642883, 0.9949730038642883, 0.9942282438278198, 0.9955315589904785, 0.9949730038642883, 0.9942282438278198, 0.9953453540802002, 0.9955315589904785, 0.9932973384857178, 0.9940420985221863, 0.9949730038642883, 0.99478679895401, 0.9966486692428589, 0.9955315589904785, 0.9940420985221863, 0.9951592087745667, 0.9951592087745667, 0.9942282438278198, 0.9959039092063904, 0.9953453540802002, 0.9951592087745667, 0.9940420985221863, 0.9942282438278198, 0.9951592087745667, 0.9959039092063904, 0.9959039092063904, 0.9959039092063904, 0.9953453540802002, 0.9953453540802002, 0.9953453540802002, 0.9957177639007568, 0.9919940233230591, 0.9955315589904785] 
Validation f1 history = [0.976748526096344, 0.9927455186843872, 0.9914434552192688, 0.9946056604385376, 0.9951636791229248, 0.9947916865348816, 0.9906994104385376, 0.9949776530265808, 0.9936755895614624, 0.9933035969734192, 0.9946056604385376, 0.995721697807312, 0.9949776530265808, 0.9916294813156128, 0.9951636791229248, 0.9949776530265808, 0.9949776530265808, 0.9947916865348816, 0.9947916865348816, 0.9951636791229248, 0.9949776530265808, 0.9949776530265808, 0.9942336082458496, 0.9955357313156128, 0.9949776530265808, 0.9942336082458496, 0.9953497052192688, 0.9955357313156128, 0.9933035969734192, 0.9940476417541504, 0.9949776530265808, 0.9947916865348816, 0.9966517686843872, 0.9955357313156128, 0.9940476417541504, 0.9951636791229248, 0.9951636791229248, 0.9942336082458496, 0.995907723903656, 0.9953497052192688, 0.9951636791229248, 0.9940476417541504, 0.9942336082458496, 0.9951636791229248, 0.995907723903656, 0.995907723903656, 0.995907723903656, 0.9953497052192688, 0.9953497052192688, 0.9953497052192688, 0.995721697807312, 0.992001473903656, 0.9955357313156128] 
--- 
Radius of the CI = 0.0008867041960604036 
True classification of the model is likely between 0.9963576538666837 and 0.9981310622588045 
--- 
Test accuracy = 0.9972443580627441 
Confusion matrix (0 | 1) = 
 [[6248   24]
 [  13 7142]] 
--- 
