This file contains information about the cnn model 
--- 
Num of classes = 3 
Segmentation value = 0.5 
Downsampling value = 0.1 
Signal resolution = 10.0 
--- 
Is balanced = unbalanced 
Model type = multinomial 
--- 
Num of epochs = 50 
Epochs training computation time (in sec) = [88.85808396339417, 86.99589395523071, 85.3909170627594, 85.60535883903503, 85.9990348815918, 86.08522510528564, 86.8718330860138, 86.30683588981628, 86.28058385848999, 86.1236662864685, 86.15384864807129, 90.55172514915466, 94.92528414726257, 95.43094515800476, 96.20658206939697, 90.43286991119385, 86.283194065094, 90.46641302108765, 92.62194299697876, 95.62158703804016, 92.92349004745483, 88.31470513343811, 86.544606924057, 87.83506417274475, 93.71901416778564, 96.32917189598083, 95.2436900138855, 98.72865509986877, 90.18119597434998, 94.6274778842926, 97.04384899139404, 94.15308213233948, 96.6576988697052, 95.97625803947449, 92.39108204841614, 89.62656092643738, 89.53143978118896, 89.21493935585022, 86.12712383270264, 89.75256705284119, 86.66935181617737, 87.49208498001099, 85.1738109588623, 85.55609393119812, 87.19909477233887, 87.29145288467407, 91.14175415039062, 89.2044129371643, 88.85525417327881, 88.2030520439148] 
Epochs training computation time mean (in sec) = 90.09839720249175 
--- 
Training accuracy history = [0.932380199432373, 0.9616116881370544, 0.9674931168556213, 0.9705150127410889, 0.9725751280784607, 0.973114550113678, 0.9745118021965027, 0.974706768989563, 0.9761104583740234, 0.9767993688583374, 0.9781315922737122, 0.9780471324920654, 0.978079617023468, 0.9801202416419983, 0.9787619709968567, 0.9812769889831543, 0.9807311296463013, 0.9789829254150391, 0.9816474318504333, 0.9812510013580322, 0.9818294048309326, 0.9831941723823547, 0.9824662804603577, 0.9833436012268066, 0.9842989444732666, 0.984188437461853, 0.9824337959289551, 0.9847018718719482, 0.9842989444732666, 0.9844224452972412, 0.9843509197235107, 0.9841494560241699, 0.9833695888519287, 0.9845263957977295, 0.9866319894790649, 0.9866189956665039, 0.9858326315879822, 0.9873079061508179, 0.9866254925727844, 0.9868269562721252, 0.985780656337738, 0.9869764447212219, 0.9877303242683411, 0.9833565950393677, 0.9850853085517883, 0.9860405921936035, 0.9858911633491516, 0.9866254925727844, 0.9854817390441895, 0.9851242899894714] 
Training f1 score history = [0.9286736845970154, 0.9614960551261902, 0.9674616456031799, 0.970453679561615, 0.9725880026817322, 0.9731236100196838, 0.9745230674743652, 0.9747630953788757, 0.9761407971382141, 0.9767785668373108, 0.9781379103660583, 0.9780656099319458, 0.9780495762825012, 0.9801356196403503, 0.9787762761116028, 0.9812595248222351, 0.9807305932044983, 0.9789548516273499, 0.9816462397575378, 0.9812560677528381, 0.9818224906921387, 0.9831688404083252, 0.9824786186218262, 0.9833489656448364, 0.9842922687530518, 0.9842075705528259, 0.9824391603469849, 0.9846915602684021, 0.9842826128005981, 0.9844409227371216, 0.9843465685844421, 0.9841688871383667, 0.9833940863609314, 0.9845424294471741, 0.9866251349449158, 0.9866127371788025, 0.9858256578445435, 0.9873244762420654, 0.9866082668304443, 0.9868043065071106, 0.9857707023620605, 0.9869725704193115, 0.9877340793609619, 0.9833685755729675, 0.9851037263870239, 0.9860852360725403, 0.985884428024292, 0.9866193532943726, 0.9854927062988281, 0.985137939453125] 
Training loss history = [0.2789332866668701, 0.12885688245296478, 0.11443675309419632, 0.10149597376585007, 0.09437592327594757, 0.09476444125175476, 0.0866255834698677, 0.08867528289556503, 0.08663357049226761, 0.08163841813802719, 0.0784182921051979, 0.07916180044412613, 0.07948337495326996, 0.0733180120587349, 0.07834531366825104, 0.07082901149988174, 0.07484162598848343, 0.08026254922151566, 0.07043097168207169, 0.07468103617429733, 0.0764082670211792, 0.06736177951097488, 0.07188872247934341, 0.06781507283449173, 0.06210947781801224, 0.06570407003164291, 0.0721101239323616, 0.0623549148440361, 0.06253649294376373, 0.06490649282932281, 0.061430659145116806, 0.06504131853580475, 0.0729675367474556, 0.06211549788713455, 0.054659608751535416, 0.0569513663649559, 0.06193007528781891, 0.05324817821383476, 0.05680324137210846, 0.05535444989800453, 0.061431191861629486, 0.05835608020424843, 0.053384654223918915, 0.08934108167886734, 0.0817672535777092, 0.07552964985370636, 0.06748053431510925, 0.06426792591810226, 0.06823961436748505, 0.06738843023777008] 
--- 
Validation accuracy history = [0.9622762799263, 0.9695286154747009, 0.970990777015686, 0.9688852429389954, 0.9735056757926941, 0.9739151000976562, 0.9705228805541992, 0.9736226201057434, 0.9742075204849243, 0.9708153009414673, 0.9749093651771545, 0.9726868867874146, 0.9737980961799622, 0.9761375784873962, 0.9757866263389587, 0.9750263094902039, 0.9752602577209473, 0.9743829965591431, 0.9726868867874146, 0.9757866263389587, 0.9777751564979553, 0.9761960506439209, 0.9736226201057434, 0.9761375784873962, 0.9760790467262268, 0.9748508334159851, 0.9759036302566528, 0.9774827361106873, 0.9765469431877136, 0.9615159630775452, 0.9747338891029358, 0.9771318435668945, 0.9652590751647949, 0.9766054749488831, 0.9772487878799438, 0.9771318435668945, 0.9766639471054077, 0.9757281541824341, 0.9764299988746643, 0.977658212184906, 0.9746754169464111, 0.9767224192619324, 0.9768978953361511, 0.975143313407898, 0.9770148396492004, 0.9752017855644226, 0.9773657917976379, 0.9747923612594604, 0.9750847816467285, 0.9732717275619507] 
Validation f1 score history = [0.9624295234680176, 0.9695019125938416, 0.9711708426475525, 0.9688816666603088, 0.9735610485076904, 0.9740569591522217, 0.9705857038497925, 0.9737696051597595, 0.9742100834846497, 0.9709287881851196, 0.9748813509941101, 0.972629189491272, 0.9738317728042603, 0.9761682152748108, 0.9758436679840088, 0.9750584363937378, 0.9752920269966125, 0.9744158983230591, 0.97271728515625, 0.9758177399635315, 0.9777740836143494, 0.9761960506439209, 0.9736843705177307, 0.9761682152748108, 0.9761098027229309, 0.9748831987380981, 0.9759049415588379, 0.9775117039680481, 0.976543664932251, 0.96156245470047, 0.9747663736343384, 0.9771612286567688, 0.9651663899421692, 0.9766355156898499, 0.9772771000862122, 0.9771584868431091, 0.9766939282417297, 0.9757593274116516, 0.9764000177383423, 0.9776869416236877, 0.9747079610824585, 0.9767523407936096, 0.9769275784492493, 0.9750853180885315, 0.977044403553009, 0.9752336740493774, 0.9773948788642883, 0.9748525023460388, 0.9750871658325195, 0.9733041524887085] 
Validation loss history = [0.11711903661489487, 0.10088004171848297, 0.08895591646432877, 0.12242057174444199, 0.08776410669088364, 0.08780205249786377, 0.09195985645055771, 0.09690271317958832, 0.08756475895643234, 0.08895591646432877, 0.08378984034061432, 0.10407467931509018, 0.09044185280799866, 0.0807284414768219, 0.08586205542087555, 0.09720934182405472, 0.09447575360536575, 0.08249778300523758, 0.0964801013469696, 0.09147291630506516, 0.09630699455738068, 0.09222458302974701, 0.0933302715420723, 0.09139470010995865, 0.09334471821784973, 0.10444919764995575, 0.09292750060558319, 0.09440844506025314, 0.10015653818845749, 0.1386571228504181, 0.11093813925981522, 0.09549535810947418, 0.12234550714492798, 0.10369511693716049, 0.09891530871391296, 0.08785451948642731, 0.10221158713102341, 0.0965648666024208, 0.0995689406991005, 0.10638661682605743, 0.11214591562747955, 0.11260554194450378, 0.11180198192596436, 0.11497524380683899, 0.10324109345674515, 0.10727150738239288, 0.10626507550477982, 0.10484064370393753, 0.11994728446006775, 0.11344116181135178] 
--- 
Radius of the CI = 0.0010492881402876936 
True classification of the model is likely between 0.9742033401861283 and 0.9763019164667037 
Lower bound model classification accuracy = 0.9742033705692795 
Upper bound model classification accuracy = 0.9763019078385294 
--- 
Test accuracy = 0.975252628326416 
Confusion matrix (invalid | valid) = 
 [[47206    21     5]
 [  167 29876   192]
 [  120  1579  5045]] 
--- 
