This file contains information about the lstm model 
Analysis directory = C:\Users\cdetr\Documents\GitHub\nomics\nomics-AI/data/awake_sleep_analysis 
--- 
Segmentation value = 180.0 
Downsampling value = 1.0 
Signal frequency = 1.0 Hz 
Batch size = 32 
Standard scale = 0 
Stateful = 0 
Sliding window = 1 
Center of interest = 30 
Full sequence = 0 
Return sequences = 0 
Data balancing = 1 
--- 
Log time = 15-05-2022 16-06-42 
--- 
Num of epochs = 100, early stop after 51 epochs 
Epochs training computation time history (in sec) = [62.78299856185913, 63.00299906730652, 73.76801109313965, 70.05999088287354, 61.76800990104675, 65.88699913024902, 60.40899968147278, 61.31999444961548, 58.31199789047241, 65.13299632072449, 59.5630099773407, 65.44800090789795, 58.96499943733215, 68.58000159263611, 65.08999872207642, 66.69900107383728, 63.36699819564819, 71.17199659347534, 67.12499737739563, 71.33000111579895, 69.67998600006104, 72.60899019241333, 55.33798909187317, 74.93299961090088, 71.56499910354614, 67.322012424469, 62.406999826431274, 68.3340015411377, 65.63499808311462, 63.24099802970886, 68.26198720932007, 57.03999972343445, 68.70599961280823, 66.0700011253357, 62.4159996509552, 75.56100106239319, 62.630998849868774, 65.52900171279907, 61.411999225616455, 71.14499878883362, 65.2200014591217, 68.37301111221313, 59.402000427246094, 58.33599901199341, 57.90099787712097, 66.39901041984558, 65.17199873924255, 64.00600171089172, 71.78899908065796, 58.11001205444336, 62.176997900009155] 
Epochs training computation time mean (in sec) = 65.22554887509814 
--- 
Training loss history = [0.6594531536102295, 0.5274181365966797, 0.4332215189933777, 0.3740758001804352, 0.34131646156311035, 0.31981348991394043, 0.30633991956710815, 0.296825110912323, 0.29109832644462585, 0.28574642539024353, 0.28756314516067505, 0.27673473954200745, 0.27230387926101685, 0.27028509974479675, 0.24756452441215515, 0.22909501194953918, 0.21860620379447937, 0.2114260196685791, 0.21178437769412994, 0.20128880441188812, 0.19422639906406403, 0.19440169632434845, 0.18573635816574097, 0.17942111194133759, 0.18104639649391174, 0.1673196405172348, 0.16553755104541779, 0.15833283960819244, 0.1541709303855896, 0.1483396589756012, 0.14744848012924194, 0.4195921719074249, 0.47858041524887085, 0.4147520959377289, 0.40786904096603394, 0.33339759707450867, 0.2744445204734802, 0.2688702940940857, 0.2863689661026001, 0.4450410008430481, 0.44141677021980286, 0.40414315462112427, 0.33552807569503784, 0.326542466878891, 0.27885526418685913, 0.2628285586833954, 0.29887744784355164, 0.4289873242378235, 0.3482670783996582, 0.27641984820365906, 0.23954609036445618] 
Training accuracy history = [0.6005367040634155, 0.734793484210968, 0.8063435554504395, 0.8370365500450134, 0.8509302735328674, 0.862467885017395, 0.8681944608688354, 0.8728010654449463, 0.8746605515480042, 0.87642502784729, 0.8761503100395203, 0.8810738921165466, 0.882510781288147, 0.8819085359573364, 0.8952106237411499, 0.9030080437660217, 0.9076357483863831, 0.9105095863342285, 0.9117351770401001, 0.9161938428878784, 0.9184548854827881, 0.9198284149169922, 0.9220789074897766, 0.9254387617111206, 0.9240757822990417, 0.9295592904090881, 0.9324120283126831, 0.9349899888038635, 0.9367439150810242, 0.9398713111877441, 0.9397656321525574, 0.81065434217453, 0.7790209650993347, 0.8178071975708008, 0.8179445862770081, 0.8581254482269287, 0.8877830505371094, 0.8879414796829224, 0.8704766035079956, 0.7957779765129089, 0.7923547625541687, 0.8199414610862732, 0.8576816916465759, 0.8632603287696838, 0.8842224478721619, 0.8901919722557068, 0.8701596260070801, 0.8043677806854248, 0.8511732816696167, 0.8853846192359924, 0.9004722833633423] 
Training f1 history = [0.6005539894104004, 0.7347813844680786, 0.8063454031944275, 0.837031364440918, 0.8509320020675659, 0.862472653388977, 0.8681945204734802, 0.8727965354919434, 0.8746641874313354, 0.8764243125915527, 0.876153826713562, 0.8810727000236511, 0.8824971318244934, 0.8819156885147095, 0.8952040076255798, 0.9030172228813171, 0.9076403379440308, 0.9105098247528076, 0.9117393493652344, 0.9161935448646545, 0.9184584617614746, 0.9198236465454102, 0.9220862984657288, 0.9254375100135803, 0.9240788817405701, 0.9295660257339478, 0.9324142336845398, 0.9349920749664307, 0.9367498159408569, 0.9398770332336426, 0.9397672414779663, 0.8106517195701599, 0.7790212631225586, 0.8178203105926514, 0.8179328441619873, 0.8581306338310242, 0.8877770900726318, 0.8879355788230896, 0.8704599738121033, 0.7957808375358582, 0.7923744320869446, 0.8199543952941895, 0.8576703071594238, 0.8632690906524658, 0.8842085003852844, 0.8901940584182739, 0.8701306581497192, 0.8043532371520996, 0.8511791229248047, 0.8853830695152283, 0.9004817605018616] 
--- 
Validation loss history = [0.5460048317909241, 0.4397789537906647, 0.38059529662132263, 0.36666619777679443, 0.31251785159111023, 0.2944486737251282, 0.2840752601623535, 0.29336702823638916, 0.28494131565093994, 0.27889421582221985, 0.2677299380302429, 0.2682284116744995, 0.2579779326915741, 0.27218756079673767, 0.245223268866539, 0.2152443528175354, 0.2086346596479416, 0.21146361529827118, 0.20360128581523895, 0.19643336534500122, 0.20410031080245972, 0.18677008152008057, 0.18688568472862244, 0.1814991533756256, 0.17202246189117432, 0.17326362431049347, 0.16867253184318542, 0.1779131293296814, 0.17405740916728973, 0.1580941081047058, 0.15486687421798706, 0.4260250926017761, 0.43295416235923767, 0.3897944390773773, 0.3693414628505707, 0.2845056653022766, 0.2500428855419159, 0.23949772119522095, 0.5781582593917847, 0.351413756608963, 0.44787007570266724, 0.42534905672073364, 0.3419281840324402, 0.33846914768218994, 0.24424239993095398, 0.3031141459941864, 0.48362523317337036, 0.3732507526874542, 0.29602229595184326, 0.23827871680259705, 0.21913939714431763] 
Validation accuracy history = [0.7430826425552368, 0.806788980960846, 0.8310354948043823, 0.8417799472808838, 0.8655509948730469, 0.867357611656189, 0.8733479380607605, 0.8720167279243469, 0.8728724718093872, 0.8795284032821655, 0.8801939487457275, 0.8777217864990234, 0.885899007320404, 0.8839022517204285, 0.8962631821632385, 0.907863438129425, 0.9111914038658142, 0.9088143110275269, 0.9132832288742065, 0.9163259267807007, 0.9155652523040771, 0.9245032072067261, 0.9244080781936646, 0.9254540205001831, 0.9282114505767822, 0.9282114505767822, 0.9315394163131714, 0.9259294271469116, 0.9308738112449646, 0.9389559626579285, 0.940001904964447, 0.8107825517654419, 0.8017495274543762, 0.8262812495231628, 0.8406389951705933, 0.8810497522354126, 0.8972140550613403, 0.8996862173080444, 0.7013406753540039, 0.8446325063705444, 0.7916706204414368, 0.8081201910972595, 0.8514785766601562, 0.8553770184516907, 0.9014928340911865, 0.8665969371795654, 0.7464105486869812, 0.8326519131660461, 0.8718265891075134, 0.9003518223762512, 0.9093847870826721] 
Validation f1 history = [0.7429530024528503, 0.8068415522575378, 0.8310626745223999, 0.8418954610824585, 0.8656416535377502, 0.8674463629722595, 0.8734304308891296, 0.8721006512641907, 0.8729555010795593, 0.8796044588088989, 0.8802195191383362, 0.877750039100647, 0.8859684467315674, 0.8839737176895142, 0.8963217735290527, 0.9079099297523499, 0.9112344980239868, 0.9089094996452332, 0.9133241176605225, 0.9163636565208435, 0.915603756904602, 0.9245323538780212, 0.9244372844696045, 0.9254822134971619, 0.9282864928245544, 0.9282367825508118, 0.9315611124038696, 0.9260068535804749, 0.9309459328651428, 0.9390197396278381, 0.9400147795677185, 0.8108308911323547, 0.8017575144767761, 0.8263134360313416, 0.8407557606697083, 0.8811241984367371, 0.897321343421936, 0.8997909426689148, 0.701254665851593, 0.8446455001831055, 0.7916394472122192, 0.8081215023994446, 0.851434588432312, 0.8554782867431641, 0.9015459418296814, 0.8665371537208557, 0.7463272213935852, 0.8328266739845276, 0.8719106912612915, 0.9004558324813843, 0.9094297885894775] 
--- 
Radius of the CI = 0.0029182701589640873 
True classification of the model is likely between 0.9349335760591451 and 0.9407701163770732 
--- 
Test accuracy = 0.9378518462181091 
Confusion matrix (0 | 1) = 
 [[12544   506]
 [ 1128 12114]] 
--- 
