This file contains information about the lstm model 
Analysis directory = /home/ckemdetry/Documents/Nomics/thesis_nomics/data/awake_sleep_analysis 
--- 
Segmentation value = 1.0 
Downsampling value = 1.0 
Signal frequency = 1.0 Hz 
Batch size = 32 
Standard scale = 0 
Stateful = 0 
Sliding window = 1 
Data balancing = 0 
--- 
Log time = 28-01-2022 13-56-04 
--- 
Num of epochs = 50 
Epochs training computation time history (in sec) = [89.0284993648529, 103.45002293586731, 103.19335460662842, 101.27069163322449, 101.20800352096558, 101.26205635070801, 101.31397080421448, 101.29560661315918, 101.45050859451294, 101.24101138114929, 101.39506030082703, 101.3519914150238, 101.73667788505554, 101.54421734809875, 101.23879885673523, 102.92422533035278, 101.38200974464417, 101.76777219772339, 101.39694452285767, 101.57893586158752, 101.31502270698547, 101.50334882736206, 101.41219305992126, 101.48130488395691, 103.19680523872375, 108.01230072975159, 105.32200479507446, 101.25932288169861, 101.33958315849304, 101.24297428131104, 101.26504421234131, 101.39019250869751, 101.34236979484558, 101.28615546226501, 101.44233202934265, 101.40423607826233, 101.46288657188416, 101.29132318496704, 101.22346949577332, 101.27888774871826, 101.36299848556519, 101.2964870929718, 101.23165488243103, 101.25811576843262, 101.29655027389526, 101.19477796554565, 101.31274008750916, 101.12790703773499, 101.23207879066467, 101.24380016326904] 
Epochs training computation time mean (in sec) = 101.46118454933166 
--- 
Training accuracy history = [0.7613890767097473, 0.778950572013855, 0.827050507068634, 0.8639402985572815, 0.8798111081123352, 0.8854771256446838, 0.8803594708442688, 0.8695757985115051, 0.8831467628479004, 0.8861320614814758, 0.898560643196106, 0.8901378512382507, 0.9008148908615112, 0.9039981961250305, 0.9056126475334167, 0.9070596098899841, 0.8972203135490417, 0.9065722227096558, 0.9086893796920776, 0.910181999206543, 0.9115680456161499, 0.9112634062767029, 0.8925900459289551, 0.8955753445625305, 0.9100449085235596, 0.9122077822685242, 0.9133653044700623, 0.9123600721359253, 0.9135785698890686, 0.9131368398666382, 0.9145686030387878, 0.914949357509613, 0.9138526916503906, 0.9155281186103821, 0.9156347513198853, 0.9174168109893799, 0.9157870411872864, 0.9160764813423157, 0.9155433773994446, 0.9173863530158997, 0.9168685078620911, 0.9187418818473816, 0.9178889393806458, 0.9185743927955627, 0.9188180565834045, 0.9191988706588745, 0.919762372970581, 0.9196709990501404, 0.9192749857902527, 0.9196862578392029] 
Training loss history = [0.5315027832984924, 0.4821949899196625, 0.3957328796386719, 0.3394748270511627, 0.30293533205986023, 0.2855616807937622, 0.29897546768188477, 0.3156526982784271, 0.2837248146533966, 0.2748548090457916, 0.26097458600997925, 0.2761859893798828, 0.25683313608169556, 0.25057730078697205, 0.24492105841636658, 0.24194441735744476, 0.2662266194820404, 0.2463388442993164, 0.2373408079147339, 0.23397167026996613, 0.23290252685546875, 0.23430265486240387, 0.27999475598335266, 0.2718822956085205, 0.2341257482767105, 0.22823591530323029, 0.226504847407341, 0.22682225704193115, 0.22363786399364471, 0.22490325570106506, 0.22170604765415192, 0.22153544425964355, 0.22359612584114075, 0.2191922515630722, 0.2179107517004013, 0.2145407795906067, 0.21911075711250305, 0.21986490488052368, 0.21582023799419403, 0.21318423748016357, 0.21359895169734955, 0.21199730038642883, 0.2121984362602234, 0.21073974668979645, 0.2103140503168106, 0.21087779104709625, 0.20757517218589783, 0.20910456776618958, 0.20819900929927826, 0.20797492563724518] 
--- 
Validation accuracy history = [0.7542152404785156, 0.819054126739502, 0.8489376306533813, 0.8744345307350159, 0.8852638602256775, 0.8918437361717224, 0.8571624159812927, 0.8864976167678833, 0.8885537981987, 0.8891021013259888, 0.8967786431312561, 0.8948594927787781, 0.8965044617652893, 0.9013022780418396, 0.9037697315216064, 0.9032213687896729, 0.8943111896514893, 0.9048663377761841, 0.9039067625999451, 0.9073337912559509, 0.9069225788116455, 0.908567488193512, 0.8701850771903992, 0.8997943997383118, 0.9069225788116455, 0.9067854881286621, 0.909527063369751, 0.9103495478630066, 0.909252941608429, 0.909527063369751, 0.9069225788116455, 0.9130911827087402, 0.9062371253967285, 0.9118574261665344, 0.9102124571800232, 0.9091158509254456, 0.9115833044052124, 0.9055517315864563, 0.9098012447357178, 0.9143248796463013, 0.9106237292289734, 0.9125428199768066, 0.9115833044052124, 0.9118574261665344, 0.91048663854599, 0.911446213722229, 0.913639485836029, 0.9143248796463013, 0.9108978509902954, 0.9132282137870789] 
Validation loss history = [0.5375707149505615, 0.42461010813713074, 0.3594494163990021, 0.3063931167125702, 0.28396928310394287, 0.2727247476577759, 0.333314448595047, 0.27101969718933105, 0.2713148593902588, 0.2739647626876831, 0.2597430348396301, 0.25227078795433044, 0.24994562566280365, 0.2480149269104004, 0.24289235472679138, 0.2375308871269226, 0.26058754324913025, 0.23495623469352722, 0.23882488906383514, 0.22989299893379211, 0.2277480661869049, 0.23033280670642853, 0.3244878649711609, 0.2466227412223816, 0.23569801449775696, 0.22830095887184143, 0.23348557949066162, 0.22510775923728943, 0.22070322930812836, 0.22186528146266937, 0.22760127484798431, 0.2195499986410141, 0.2291116565465927, 0.21688255667686462, 0.21562063694000244, 0.21794795989990234, 0.213636115193367, 0.22165073454380035, 0.2180149108171463, 0.21260486543178558, 0.21101467311382294, 0.21766185760498047, 0.21725472807884216, 0.2121295928955078, 0.21780291199684143, 0.20894329249858856, 0.21158674359321594, 0.21147505939006805, 0.21172384917736053, 0.20603510737419128] 
--- 
Radius of the CI = 0.0047767113516784055 
True classification of the model is likely between 0.9117993165184998 and 0.9213527392218567 
--- 
Test accuracy = 0.9165760278701782 
Confusion matrix (invalid | valid) = 
 [[2639  571]
 [ 503 9161]] 
--- 
