This file contains information about the lstm model 
Analysis directory = C:\Users\cdetr\Documents\GitHub\nomics\nomics-AI/data/awake_sleep_analysis 
--- 
Segmentation value = 180.0 
Downsampling value = 1.0 
Signal frequency = 1.0 Hz 
Batch size = 8 
Standard scale = 0 
Stateful = 0 
Sliding window = 0 
Center of interest = 10 
Full sequence = 0 
Return sequences = 1 
Data balancing = 1 
--- 
Log time = 14-05-2022 16-19-54 
--- 
Num of epochs = 100, early stop after 52 epochs 
Epochs training computation time history (in sec) = [27.64298152923584, 22.814990997314453, 23.271002054214478, 23.76199960708618, 25.57599949836731, 24.327998399734497, 24.20899724960327, 25.3240008354187, 25.05399990081787, 26.39400029182434, 25.52699613571167, 24.5570170879364, 25.729992151260376, 25.408000230789185, 23.34700036048889, 24.139997959136963, 25.048008918762207, 25.876997232437134, 26.277990102767944, 27.377000093460083, 27.076001167297363, 26.76000189781189, 27.039000034332275, 27.929999351501465, 27.050002574920654, 26.85200047492981, 26.46999168395996, 25.70700716972351, 27.675998210906982, 29.299999237060547, 28.939000844955444, 27.951990127563477, 28.04298734664917, 29.41700029373169, 28.01799964904785, 27.808005332946777, 27.638991117477417, 28.631001234054565, 28.516001224517822, 29.84700107574463, 29.25200057029724, 28.835999488830566, 29.67099928855896, 27.243005514144897, 26.277013778686523, 26.541998624801636, 27.092002868652344, 28.001999139785767, 27.829018354415894, 28.674012660980225, 29.0929913520813, 27.83800220489502] 
Epochs training computation time mean (in sec) = 26.82084604868522 
--- 
Training loss history = [0.6714192032814026, 0.6457877159118652, 0.5516819357872009, 0.5495960712432861, 0.4489704370498657, 0.401418000459671, 0.3903191089630127, 0.3854268789291382, 0.3752233684062958, 0.37314289808273315, 0.36716943979263306, 0.3695274591445923, 0.37906613945961, 0.36423444747924805, 0.3608494699001312, 0.35990220308303833, 0.3594594895839691, 0.36331790685653687, 0.3598402440547943, 0.35886406898498535, 0.37466171383857727, 0.362042635679245, 0.3482219874858856, 0.34702548384666443, 0.34592577815055847, 0.3389388620853424, 0.334058552980423, 0.3320261538028717, 0.32465749979019165, 0.3182302415370941, 0.3116568922996521, 0.30882132053375244, 0.3027053773403168, 0.2989886999130249, 0.29755356907844543, 0.28782159090042114, 0.28970658779144287, 0.2866666615009308, 0.28367334604263306, 0.2747952938079834, 0.2739677131175995, 0.26695266366004944, 0.2667982578277588, 0.26880404353141785, 0.3092484772205353, 0.2757001221179962, 0.26476073265075684, 0.2548023462295532, 0.24335084855556488, 0.24405837059020996, 0.25482839345932007, 0.2519044280052185] 
Training accuracy history = [0.5800330638885498, 0.6113720536231995, 0.7079957127571106, 0.702736496925354, 0.7931673526763916, 0.8179660439491272, 0.8241627812385559, 0.8266094923019409, 0.8340243101119995, 0.832993745803833, 0.8382070660591125, 0.8346275091171265, 0.8303319811820984, 0.8364985585212708, 0.8420383930206299, 0.842864453792572, 0.8427765965461731, 0.8405829668045044, 0.8418469429016113, 0.8429378867149353, 0.830592930316925, 0.8400939106941223, 0.8457136750221252, 0.8497810363769531, 0.8496499061584473, 0.852247416973114, 0.8553261160850525, 0.8568969368934631, 0.8604240417480469, 0.8654577136039734, 0.8643327355384827, 0.866317868232727, 0.8657291531562805, 0.8708795309066772, 0.871501088142395, 0.8772139549255371, 0.8738795518875122, 0.8758962154388428, 0.879014253616333, 0.8804028034210205, 0.8811134696006775, 0.8849854469299316, 0.8858980536460876, 0.8810715079307556, 0.8635302782058716, 0.8793734908103943, 0.884282648563385, 0.8885387778282166, 0.8937613368034363, 0.8935515284538269, 0.8863976001739502, 0.8896887302398682] 
Training f1 history = [0.5801601409912109, 0.6112363338470459, 0.7081370949745178, 0.7027161121368408, 0.7931241989135742, 0.8180403113365173, 0.8239268660545349, 0.8266565203666687, 0.8340738415718079, 0.8331027030944824, 0.8381751775741577, 0.8344730138778687, 0.8303890824317932, 0.8364007472991943, 0.8419328927993774, 0.8428505659103394, 0.8427447080612183, 0.8406897783279419, 0.8419091701507568, 0.8428777456283569, 0.8305749297142029, 0.8401565551757812, 0.8455972075462341, 0.8498654961585999, 0.8497371673583984, 0.8523113131523132, 0.8553688526153564, 0.8569679856300354, 0.8604854941368103, 0.8654139041900635, 0.8642649054527283, 0.8663420677185059, 0.8658211827278137, 0.8708376288414001, 0.8715190291404724, 0.8772139549255371, 0.8738881945610046, 0.8759533166885376, 0.8789028525352478, 0.880471408367157, 0.881095290184021, 0.8848902583122253, 0.885826051235199, 0.8810274004936218, 0.8636034727096558, 0.8794475197792053, 0.884319007396698, 0.8885793089866638, 0.8937695026397705, 0.8934798240661621, 0.8864395022392273, 0.8897069692611694] 
--- 
Validation loss history = [0.5660082697868347, 0.6718873381614685, 0.4802951514720917, 0.5013253688812256, 0.42587944865226746, 0.39842861890792847, 0.389782577753067, 0.3836734890937805, 0.37637200951576233, 0.4085952937602997, 0.39407679438591003, 0.411088228225708, 0.3674590289592743, 0.38220080733299255, 0.39783722162246704, 0.38902536034584045, 0.38549351692199707, 0.372717946767807, 0.3840772211551666, 0.37061548233032227, 0.393892765045166, 0.37500807642936707, 0.4102991223335266, 0.3694922626018524, 0.3864927291870117, 0.3564760982990265, 0.3582291305065155, 0.36921119689941406, 0.35331568121910095, 0.37841105461120605, 0.3494039475917816, 0.3346555531024933, 0.3572835326194763, 0.35551026463508606, 0.33951371908187866, 0.3391294479370117, 0.35774850845336914, 0.35551515221595764, 0.3412635922431946, 0.3541487753391266, 0.3572327196598053, 0.3890431523323059, 0.34557998180389404, 0.36516109108924866, 0.3349432349205017, 0.34103846549987793, 0.3793587386608124, 0.3442346453666687, 0.36532264947891235, 0.40726611018180847, 0.365168035030365, 0.3711831271648407] 
Validation accuracy history = [0.7042462825775146, 0.5178815722465515, 0.7596248984336853, 0.7523236870765686, 0.7935008406639099, 0.815498948097229, 0.825949490070343, 0.8173272013664246, 0.829287588596344, 0.8152276277542114, 0.8138594031333923, 0.8277305960655212, 0.8340764045715332, 0.8313281536102295, 0.8230478763580322, 0.8251710534095764, 0.826786994934082, 0.8293111324310303, 0.8313753008842468, 0.8300542831420898, 0.8186600804328918, 0.836022675037384, 0.8156169056892395, 0.8301839828491211, 0.8293347358703613, 0.8368011116981506, 0.8412597179412842, 0.8299363255500793, 0.8405402302742004, 0.8337697386741638, 0.8476527333259583, 0.8478532433509827, 0.8431941270828247, 0.842108964920044, 0.8374852538108826, 0.8525949716567993, 0.8389714360237122, 0.8443619012832642, 0.8506841063499451, 0.8531493544578552, 0.8415781855583191, 0.849551796913147, 0.8480655550956726, 0.8482661247253418, 0.8506605625152588, 0.8484076261520386, 0.8365062475204468, 0.851368248462677, 0.8527954816818237, 0.849422037601471, 0.8433946967124939, 0.8517692685127258] 
Validation f1 history = [0.7044390439987183, 0.5170550346374512, 0.7595052719116211, 0.7525036334991455, 0.7935314774513245, 0.8155518770217896, 0.8259886503219604, 0.8173896670341492, 0.8293215036392212, 0.8153047561645508, 0.8139106035232544, 0.8278061151504517, 0.8341067433357239, 0.8313659429550171, 0.8231083750724792, 0.8252271413803101, 0.8268358707427979, 0.8293548822402954, 0.8314095735549927, 0.8300944566726685, 0.8187162280082703, 0.836045503616333, 0.8156946897506714, 0.8302292823791504, 0.8293750286102295, 0.8368392586708069, 0.8412882089614868, 0.8300123810768127, 0.840573787689209, 0.8338057398796082, 0.8476593494415283, 0.848086416721344, 0.8432052135467529, 0.8423528075218201, 0.8375065922737122, 0.8526901602745056, 0.8391008377075195, 0.8443569540977478, 0.8509535193443298, 0.8532114624977112, 0.8415960073471069, 0.8496702909469604, 0.8482462763786316, 0.8483636379241943, 0.8508036136627197, 0.8486246466636658, 0.8366963267326355, 0.8516395688056946, 0.8530417084693909, 0.849672257900238, 0.8436911106109619, 0.852024257183075] 
--- 
Radius of the CI = 0.02033541009653386 
True classification of the model is likely between 0.8306549449182672 and 0.8713257651113349 
--- 
Test accuracy = 0.850990355014801 
Confusion matrix (0 | 1) = 
 [[88199 19062]
 [12534 92245]] 
--- 
