This file contains information about the lstm model 
Analysis directory = C:\Users\cdetr\Documents\GitHub\nomics\jawac_processing_nomics/data/valid_invalid_analysis 
--- 
Segmentation value = 10.0 
Downsampling value = 1.0 
Signal frequency = 1.0 Hz 
Batch size = 128 
Standard scale = 0 
Stateful = 0 
Sliding window = 0 
Center of interest = 10 
Full sequence = 0 
Return sequences = 1 
Data balancing = 0 
--- 
Log time = 18-04-2022 00-52-29 
--- 
Num of epochs = 100, early stop after 65 epochs 
Epochs training computation time history (in sec) = [23.620017766952515, 21.67600131034851, 21.664997577667236, 30.06599760055542, 19.49600076675415, 80.58300161361694, 115.40800285339355, 27.893999099731445, 33.477001667022705, 60.030001401901245, 57.06999468803406, 54.70300054550171, 39.484999895095825, 92.77338290214539, 36.51400279998779, 19.501001119613647, 33.014999866485596, 23.13699984550476, 90.36299991607666, 99.51294493675232, 94.73630023002625, 90.67299509048462, 32.97401666641235, 22.526000499725342, 19.72599983215332, 24.722000122070312, 30.10799741744995, 16.567999362945557, 18.482999324798584, 25.26800227165222, 22.726998567581177, 24.576984643936157, 53.72203540802002, 55.111000299453735, 54.70799922943115, 27.966999530792236, 25.490999460220337, 22.503000497817993, 42.18600249290466, 40.51300072669983, 41.06499981880188, 41.0480010509491, 40.003000020980835, 41.08799862861633, 21.372987508773804, 26.013002395629883, 20.02700138092041, 115.89400053024292, 22.886000156402588, 28.604000568389893, 20.877998113632202, 33.408002614974976, 21.458991289138794, 34.2060022354126, 29.62200117111206, 20.828001499176025, 45.72600054740906, 20.17099928855896, 23.535001039505005, 42.74800181388855, 84.91400051116943, 120.10180139541626, 28.231001138687134, 56.73199987411499, 36.8120002746582] 
Epochs training computation time mean (in sec) = 42.19463807252737 
--- 
Training loss history = [0.18954138457775116, 0.15110020339488983, 0.15229292213916779, 0.13748247921466827, 0.13794304430484772, 0.14622007310390472, 0.14348295331001282, 0.14605309069156647, 0.1455715447664261, 0.13817459344863892, 0.13891322910785675, 0.14275909960269928, 0.1279599517583847, 0.14409074187278748, 0.1544928401708603, 0.14721132814884186, 0.14534993469715118, 0.15191365778446198, 0.13905839622020721, 0.13740159571170807, 0.13739225268363953, 0.13993169367313385, 0.14221855998039246, 0.13757078349590302, 0.13442952930927277, 0.1410423368215561, 0.1435699164867401, 0.13554397225379944, 0.12379027903079987, 0.13596293330192566, 0.1387590616941452, 0.13670653104782104, 0.13110855221748352, 0.1387140154838562, 0.12175973504781723, 0.15731054544448853, 0.13220101594924927, 0.11688745021820068, 0.11594260483980179, 0.11185265332460403, 0.11252107471227646, 0.12884190678596497, 0.12667332589626312, 0.12668250501155853, 0.10924672335386276, 0.13110829889774323, 0.13779833912849426, 0.14317263662815094, 0.14218670129776, 0.14092637598514557, 0.1328938603401184, 0.12204741686582565, 0.12140700966119766, 0.13872036337852478, 0.14056900143623352, 0.13701148331165314, 0.1398410201072693, 0.13956840336322784, 0.1387525498867035, 0.12771736085414886, 0.1189831867814064, 0.12423159927129745, 0.13126353919506073, 0.13854855298995972, 0.14018642902374268] 
Training accuracy history = [0.9436178803443909, 0.9535022974014282, 0.9521214962005615, 0.9558786153793335, 0.9553531408309937, 0.952469527721405, 0.9529444575309753, 0.9536484479904175, 0.9516741037368774, 0.9541512131690979, 0.954774022102356, 0.9550931453704834, 0.9586449861526489, 0.9545838236808777, 0.9524891376495361, 0.9545037150382996, 0.9551014304161072, 0.9527474045753479, 0.95405113697052, 0.9534912705421448, 0.9534582495689392, 0.9534276723861694, 0.9526184797286987, 0.9535015821456909, 0.9547967314720154, 0.9533272385597229, 0.9523261189460754, 0.9544057250022888, 0.9605897068977356, 0.9541405439376831, 0.9529943466186523, 0.9548957347869873, 0.9552637338638306, 0.9535115361213684, 0.9607933163642883, 0.9502108097076416, 0.9604724645614624, 0.9629062414169312, 0.9635961055755615, 0.965114414691925, 0.9650628566741943, 0.9597715735435486, 0.9567338824272156, 0.9594696164131165, 0.9667376279830933, 0.9593946933746338, 0.9581229090690613, 0.9553431868553162, 0.9555855989456177, 0.9558830857276917, 0.9593379497528076, 0.9613170623779297, 0.9625096917152405, 0.9576590061187744, 0.9565874338150024, 0.9580717086791992, 0.957394540309906, 0.9567555785179138, 0.9570090174674988, 0.9618387818336487, 0.9627923965454102, 0.9611179232597351, 0.9601505398750305, 0.9567132592201233, 0.9566878080368042] 
Training f1 history = [0.9436126351356506, 0.9535003304481506, 0.9521263837814331, 0.955882728099823, 0.9553545117378235, 0.952467679977417, 0.9529354572296143, 0.9536420702934265, 0.9516743421554565, 0.9541520476341248, 0.9547771215438843, 0.95509272813797, 0.9586459994316101, 0.9545871615409851, 0.9524927139282227, 0.9545072913169861, 0.9551048874855042, 0.9527508616447449, 0.9540504217147827, 0.9534965753555298, 0.9534592032432556, 0.9534264206886292, 0.9526225328445435, 0.9535001516342163, 0.9548003673553467, 0.9533324837684631, 0.952329158782959, 0.9544059634208679, 0.9605944156646729, 0.9541379809379578, 0.9529961347579956, 0.954893946647644, 0.9552637934684753, 0.9535129070281982, 0.9607934951782227, 0.9502140283584595, 0.9604719877243042, 0.9629061222076416, 0.9635950922966003, 0.9651163816452026, 0.9650616645812988, 0.9597715735435486, 0.9567328691482544, 0.9594724178314209, 0.9667373299598694, 0.9593976736068726, 0.9581217169761658, 0.9553468823432922, 0.9555822014808655, 0.9558805227279663, 0.9593371748924255, 0.9613156318664551, 0.9625064730644226, 0.9576593041419983, 0.9565873742103577, 0.9580711126327515, 0.9573946595191956, 0.9567564725875854, 0.9570075869560242, 0.9618390798568726, 0.9627934694290161, 0.9611175060272217, 0.9601508378982544, 0.9567141532897949, 0.9566906094551086] 
--- 
Validation loss history = [0.12211726605892181, 0.13156750798225403, 0.13000176846981049, 0.14538486301898956, 0.11679713428020477, 0.15601368248462677, 0.15899506211280823, 0.12491311877965927, 0.12307271361351013, 0.11583641171455383, 0.14058974385261536, 0.1085195317864418, 0.11117453873157501, 0.13901416957378387, 0.13953854143619537, 0.10953812301158905, 0.1443241685628891, 0.12577685713768005, 0.11519748717546463, 0.1222849190235138, 0.11381257325410843, 0.11462339758872986, 0.11632853001356125, 0.11559169739484787, 0.1013164296746254, 0.13719891011714935, 0.11381924152374268, 0.11865786463022232, 0.09837251901626587, 0.1358489990234375, 0.11312973499298096, 0.11565135419368744, 0.10726948827505112, 0.10572449117898941, 0.10121328383684158, 0.12975965440273285, 0.09943991154432297, 0.09783810377120972, 0.0985293909907341, 0.0948493629693985, 0.0970989242196083, 0.12905438244342804, 0.14429371058940887, 0.09387680888175964, 0.09320418536663055, 0.13829851150512695, 0.12776634097099304, 0.14610324800014496, 0.12531030178070068, 0.12496388703584671, 0.1060117855668068, 0.1071222648024559, 0.1379929482936859, 0.1240430474281311, 0.12518540024757385, 0.12748700380325317, 0.13758373260498047, 0.12609943747520447, 0.12608157098293304, 0.10931336879730225, 0.09288912266492844, 0.10507863014936447, 0.12725122272968292, 0.11556044965982437, 0.12654156982898712] 
Validation accuracy history = [0.9540266394615173, 0.9533704519271851, 0.9532992839813232, 0.9540668725967407, 0.9554162621498108, 0.9466914534568787, 0.946821391582489, 0.9522098302841187, 0.9500742554664612, 0.9567285776138306, 0.9540080428123474, 0.9617486596107483, 0.9555462598800659, 0.955097496509552, 0.9548963308334351, 0.9603311419487, 0.9509532451629639, 0.9550788998603821, 0.9550850987434387, 0.951377272605896, 0.9550819993019104, 0.9546332359313965, 0.9551346302032471, 0.9550479650497437, 0.9616248607635498, 0.9546827673912048, 0.955051064491272, 0.959359347820282, 0.962921679019928, 0.948935329914093, 0.954555869102478, 0.9560600519180298, 0.9556979537010193, 0.956997811794281, 0.9635035395622253, 0.9544258713722229, 0.9660569429397583, 0.9672515988349915, 0.9661807417869568, 0.967864453792572, 0.9678675532341003, 0.9592293500900269, 0.9500495195388794, 0.9694584012031555, 0.9678365588188171, 0.9549582004547119, 0.9584803581237793, 0.9496997594833374, 0.9605911374092102, 0.9593747854232788, 0.9659115076065063, 0.9625131487846375, 0.955391526222229, 0.9611111283302307, 0.9609377980232239, 0.9585298895835876, 0.9540513753890991, 0.9594212174415588, 0.9593160152435303, 0.9675889611244202, 0.9680501222610474, 0.9693902730941772, 0.9588115215301514, 0.9641008973121643, 0.960120677947998] 
Validation f1 history = [0.954089343547821, 0.9534347653388977, 0.9533635377883911, 0.9541297554969788, 0.9554759860038757, 0.9467330574989319, 0.9468588829040527, 0.9522765278816223, 0.9501459002494812, 0.9567857384681702, 0.9540714621543884, 0.9617931246757507, 0.9556054472923279, 0.9551581740379333, 0.9549576640129089, 0.9603795409202576, 0.9510233402252197, 0.955139696598053, 0.9551458358764648, 0.9514456987380981, 0.955142617225647, 0.9546945095062256, 0.9551950693130493, 0.9551087617874146, 0.9616698622703552, 0.9547443985939026, 0.9551118016242981, 0.959409773349762, 0.9629641771316528, 0.9489675164222717, 0.9546178579330444, 0.9561188817024231, 0.9557568430900574, 0.9570533037185669, 0.9635449051856995, 0.9544882774353027, 0.9660918712615967, 0.9672839045524597, 0.9662155508995056, 0.9678955674171448, 0.9678988456726074, 0.959280252456665, 0.9501047730445862, 0.9694856405258179, 0.9678678512573242, 0.9550148844718933, 0.9585329294204712, 0.949730396270752, 0.9606390595436096, 0.9594257473945618, 0.9659470319747925, 0.9625563025474548, 0.9554471969604492, 0.9611583352088928, 0.9609850645065308, 0.9585824608802795, 0.9541146755218506, 0.9594720602035522, 0.9593666195869446, 0.9676207900047302, 0.9680805802345276, 0.9694180488586426, 0.9588637351989746, 0.9641404747962952, 0.9601701498031616] 
--- 
Radius of the CI = 0.0012019646687085762 
True classification of the model is likely between 0.9674377071338122 and 0.9698416364712293 
--- 
Test accuracy = 0.9686396718025208 
Confusion matrix (0 | 1) = 
 [[369776   6766]
 [ 18565 412633]] 
--- 
