This file contains information about the lstm model 
Analysis directory = C:\Users\cdetr\Documents\GitHub\nomics\jawac_processing_nomics/data/valid_invalid_analysis 
--- 
Segmentation value = 60.0 
Downsampling value = 1.0 
Signal frequency = 1.0 Hz 
Batch size = 32 
Standard scale = 0 
Stateful = 0 
Sliding window = 0 
Center of interest = 10 
Full sequence = 0 
Return sequences = 0 
Data balancing = 0 
--- 
Log time = 10-04-2022 20-46-25 
--- 
Num of epochs = 100, early stop after 60 epochs 
Epochs training computation time history (in sec) = [19.3382306098938, 15.933998346328735, 15.59676194190979, 15.958884477615356, 15.170072555541992, 15.504514694213867, 14.99042797088623, 15.357448101043701, 15.380951166152954, 15.157599449157715, 14.978093147277832, 15.009321689605713, 15.01105785369873, 14.841894149780273, 14.8407142162323, 14.983904838562012, 15.637828350067139, 15.744348764419556, 15.11708664894104, 14.306978702545166, 14.462165355682373, 14.484314441680908, 14.384901523590088, 14.84018850326538, 14.721725940704346, 14.966737270355225, 15.00005054473877, 14.843013286590576, 15.4652841091156, 15.12355923652649, 15.155614137649536, 14.958668231964111, 15.242477655410767, 15.4421706199646, 15.230735063552856, 15.264468431472778, 15.355598449707031, 15.165966033935547, 14.821032285690308, 15.267618656158447, 15.26622986793518, 14.868811845779419, 15.242461681365967, 15.417425870895386, 15.910886764526367, 15.234461069107056, 14.804517984390259, 14.831232070922852, 15.104525566101074, 14.907910346984863, 15.235818862915039, 15.616618871688843, 16.225592136383057, 15.271955251693726, 15.315554857254028, 15.220815658569336, 14.84972071647644, 15.058572053909302, 15.26853609085083, 15.359040021896362] 
Epochs training computation time mean (in sec) = 15.23445158402125 
--- 
Training loss history = [0.11986365169286728, 0.08879278600215912, 0.07714267820119858, 0.07319647073745728, 0.07263465225696564, 0.06965695321559906, 0.06828166544437408, 0.07139500230550766, 0.0659087523818016, 0.06597235798835754, 0.06380511075258255, 0.06328998506069183, 0.06458781659603119, 0.06189127266407013, 0.06366370618343353, 0.06504303216934204, 0.0627894327044487, 0.06298185139894485, 0.06231505051255226, 0.06066613644361496, 0.06332568824291229, 0.061973996460437775, 0.06227739527821541, 0.05982469022274017, 0.06107301637530327, 0.05961510166525841, 0.060942430049180984, 0.0615684874355793, 0.05846462771296501, 0.0600789450109005, 0.060949042439460754, 0.05864903703331947, 0.05901280790567398, 0.05956440046429634, 0.060291510075330734, 0.05906486511230469, 0.057895466685295105, 0.06268680840730667, 0.059619735926389694, 0.05856037512421608, 0.057871151715517044, 0.058177147060632706, 0.05739661306142807, 0.057992033660411835, 0.05923530459403992, 0.057667117565870285, 0.05786601081490517, 0.055713824927806854, 0.057598359882831573, 0.05677015706896782, 0.05705730617046356, 0.057113245129585266, 0.06041598320007324, 0.05720127373933792, 0.05653145909309387, 0.05773092806339264, 0.05626649037003517, 0.05515173822641373, 0.05616961419582367, 0.05922970175743103] 
Training accuracy history = [0.9653465151786804, 0.9757199883460999, 0.9802801609039307, 0.9817796945571899, 0.981923520565033, 0.9826219081878662, 0.9826013445854187, 0.9824986457824707, 0.983690083026886, 0.9841830730438232, 0.9839160442352295, 0.9838749170303345, 0.9840187430381775, 0.9843063354492188, 0.9844911694526672, 0.98399817943573, 0.9844295382499695, 0.984100878238678, 0.9843063354492188, 0.9849636554718018, 0.9846144318580627, 0.984655499458313, 0.984655499458313, 0.9848814606666565, 0.9849430918693542, 0.9851279854774475, 0.984758198261261, 0.9852717518806458, 0.9851690530776978, 0.9850663542747498, 0.984696626663208, 0.985456645488739, 0.9851279854774475, 0.9851484894752502, 0.984696626663208, 0.9850869178771973, 0.985662043094635, 0.9849225878715515, 0.9852923154830933, 0.9852306842803955, 0.9855182766914368, 0.9852717518806458, 0.9854771494865417, 0.9857442378997803, 0.9855182766914368, 0.9854155778884888, 0.9854771494865417, 0.9858880043029785, 0.9857853055000305, 0.985908567905426, 0.9858263731002808, 0.9854155778884888, 0.9848403930664062, 0.9854360818862915, 0.985867440700531, 0.985456645488739, 0.9859290719032288, 0.9860523343086243, 0.985764741897583, 0.985353946685791] 
Training f1 history = [0.9653170108795166, 0.9757309556007385, 0.980289101600647, 0.981787919998169, 0.9819316864013672, 0.9826297760009766, 0.982609212398529, 0.9825065732002258, 0.9836522936820984, 0.9841902256011963, 0.9839233160018921, 0.9838822484016418, 0.9840259552001953, 0.984313428401947, 0.9844982028007507, 0.9840053915977478, 0.984391450881958, 0.9841080904006958, 0.984313428401947, 0.9849704504013062, 0.9846214056015015, 0.9846624732017517, 0.9846624732017517, 0.9848431348800659, 0.9849498867988586, 0.9851347208023071, 0.9847651124000549, 0.9852784276008606, 0.9851757287979126, 0.9850730895996094, 0.984703540802002, 0.9854632019996643, 0.9851347208023071, 0.9851552248001099, 0.984703540802002, 0.9850936532020569, 0.9856685400009155, 0.9849293828010559, 0.9852989315986633, 0.9851921796798706, 0.9855247735977173, 0.9852784276008606, 0.9854837656021118, 0.985750675201416, 0.9855247735977173, 0.9854221343994141, 0.9854385852813721, 0.9858943819999695, 0.9857917428016663, 0.9859148859977722, 0.9858328104019165, 0.9854221343994141, 0.9848472476005554, 0.9854426980018616, 0.9858738780021667, 0.9854180812835693, 0.9859354496002197, 0.9860586524009705, 0.9857711791992188, 0.9853605628013611] 
--- 
Validation loss history = [0.08626946061849594, 0.06651056557893753, 0.0696534737944603, 0.062048837542533875, 0.06556717306375504, 0.06053564324975014, 0.07335200905799866, 0.05749714374542236, 0.05931795760989189, 0.05726431682705879, 0.05658801272511482, 0.05706818774342537, 0.057242099195718765, 0.057132307440042496, 0.05888129770755768, 0.061810560524463654, 0.054975155740976334, 0.05667936056852341, 0.05775301530957222, 0.05825463682413101, 0.05803123861551285, 0.06416138261556625, 0.05647807940840721, 0.05622529983520508, 0.05717713013291359, 0.05759870260953903, 0.055446822196245193, 0.057436276227235794, 0.05398281291127205, 0.05716636776924133, 0.055018309503793716, 0.05406054109334946, 0.05413078889250755, 0.055856626480817795, 0.06015487760305405, 0.05429227277636528, 0.05370738357305527, 0.05662718787789345, 0.05462511628866196, 0.05167519673705101, 0.054898038506507874, 0.051851846277713776, 0.053059592843055725, 0.05217546224594116, 0.05327749624848366, 0.05173776298761368, 0.05385932698845863, 0.052121687680482864, 0.054796963930130005, 0.05261240154504776, 0.05323803797364235, 0.0532664991915226, 0.0595339797437191, 0.05233917012810707, 0.05417218059301376, 0.05274994298815727, 0.05322235822677612, 0.05324248597025871, 0.052319906651973724, 0.06004462018609047] 
Validation accuracy history = [0.9739371538162231, 0.98207026720047, 0.9852125644683838, 0.9839186668395996, 0.9813308715820312, 0.9850277304649353, 0.9815157055854797, 0.9850277304649353, 0.9839186668395996, 0.9852125644683838, 0.9844731688499451, 0.9853973984718323, 0.9852125644683838, 0.9853973984718323, 0.9852125644683838, 0.9848428964614868, 0.9859519600868225, 0.9859519600868225, 0.9855822324752808, 0.985767126083374, 0.9853973984718323, 0.9841035008430481, 0.9855822324752808, 0.985767126083374, 0.9855822324752808, 0.9853973984718323, 0.9852125644683838, 0.9850277304649353, 0.985767126083374, 0.9853973984718323, 0.9852125644683838, 0.9852125644683838, 0.9855822324752808, 0.9848428964614868, 0.9850277304649353, 0.9855822324752808, 0.9859519600868225, 0.9855822324752808, 0.986506462097168, 0.986506462097168, 0.9859519600868225, 0.9866912961006165, 0.9859519600868225, 0.9859519600868225, 0.985767126083374, 0.9868761301040649, 0.986136794090271, 0.9859519600868225, 0.986136794090271, 0.986506462097168, 0.9863216280937195, 0.986506462097168, 0.9822551012039185, 0.9866912961006165, 0.9853973984718323, 0.9870610237121582, 0.9868761301040649, 0.9863216280937195, 0.9870610237121582, 0.98207026720047] 
Validation f1 history = [0.9740808606147766, 0.9821690917015076, 0.9852941036224365, 0.9840073585510254, 0.9814338088035583, 0.9851102828979492, 0.9816176295280457, 0.9851102828979492, 0.9840073585510254, 0.9852941036224365, 0.9845588207244873, 0.9854779243469238, 0.9852941036224365, 0.9854779243469238, 0.9852941036224365, 0.9849264621734619, 0.9860293865203857, 0.9860293865203857, 0.9856617450714111, 0.9858455657958984, 0.9854779243469238, 0.9841911792755127, 0.9856617450714111, 0.9858455657958984, 0.9856617450714111, 0.9854779243469238, 0.9852941036224365, 0.9851102828979492, 0.9858455657958984, 0.9854779243469238, 0.9852941036224365, 0.9852941036224365, 0.9856617450714111, 0.9849264621734619, 0.9851102828979492, 0.9856617450714111, 0.9860293865203857, 0.9856617450714111, 0.9865809082984924, 0.9865809082984924, 0.9860293865203857, 0.9867647290229797, 0.9860293865203857, 0.9860293865203857, 0.9858455657958984, 0.986948549747467, 0.986213207244873, 0.9860293865203857, 0.986213207244873, 0.9865809082984924, 0.9863970875740051, 0.9865809082984924, 0.9823529124259949, 0.9867647290229797, 0.9854779243469238, 0.9871323704719543, 0.986948549747467, 0.9863970875740051, 0.9871323704719543, 0.9821690917015076] 
--- 
Radius of the CI = 0.002461865971527663 
True classification of the model is likely between 0.9822437609930414 and 0.9871674929360967 
--- 
Test accuracy = 0.9847056269645691 
Confusion matrix (0 | 1) = 
 [[4438   63]
 [  83 4962]] 
--- 
