This file contains information about the lstm model 
Analysis directory = C:\Users\cdetr\Documents\GitHub\nomics\jawac_processing_nomics/data/valid_invalid_analysis 
--- 
Segmentation value = 180.0 
Downsampling value = 1.0 
Signal frequency = 1.0 Hz 
Batch size = 16 
Standard scale = 0 
Stateful = 0 
Sliding window = 0 
Center of interest = 10 
Full sequence = 0 
Return sequences = 1 
Data balancing = 0 
--- 
Log time = 09-04-2022 20-32-18 
--- 
Num of epochs = 100, early stop after 58 epochs 
Epochs training computation time history (in sec) = [68.80277609825134, 62.70012974739075, 61.73570919036865, 60.645081996917725, 62.2794930934906, 61.158761501312256, 62.84704089164734, 64.65091896057129, 65.6459436416626, 62.723363399505615, 61.60474920272827, 61.88725733757019, 61.18410587310791, 61.47502279281616, 60.59934997558594, 58.665345191955566, 59.68518280982971, 57.76119947433472, 58.4850378036499, 58.720356464385986, 58.39680790901184, 58.9704167842865, 57.52724099159241, 59.67806816101074, 59.869144678115845, 59.584351539611816, 58.111610889434814, 57.374794244766235, 59.6866021156311, 58.03161430358887, 57.65549850463867, 58.625677824020386, 58.47805213928223, 58.73392868041992, 58.100820541381836, 58.81880784034729, 59.91494393348694, 58.69424772262573, 57.74015188217163, 57.755231618881226, 58.11973810195923, 56.13761758804321, 54.93841767311096, 58.021496295928955, 56.98023319244385, 58.395259857177734, 56.16211152076721, 56.15604090690613, 56.10722827911377, 54.8962779045105, 56.225046157836914, 55.99129939079285, 55.793110370635986, 55.99046325683594, 57.33183550834656, 56.1241934299469, 55.252241373062134, 57.601866245269775] 
Epochs training computation time mean (in sec) = 58.98671232420823 
--- 
Training loss history = [0.1536014825105667, 0.14181455969810486, 0.12300534546375275, 0.11379729956388474, 0.1178608387708664, 0.11020240187644958, 0.11643914878368378, 0.10866081714630127, 0.10558506101369858, 0.11223142594099045, 0.11243529617786407, 0.1097651794552803, 0.10866682231426239, 0.10708564519882202, 0.10727014392614365, 0.10759355127811432, 0.10425025224685669, 0.1161462590098381, 0.10744490474462509, 0.09813050925731659, 0.09908188134431839, 0.09496022760868073, 0.09277753531932831, 0.0970572903752327, 0.1019783467054367, 0.09909151494503021, 0.09397750347852707, 0.09953052550554276, 0.0960240587592125, 0.09618779271841049, 0.09856118261814117, 0.09407994151115417, 0.09601021558046341, 0.09440779685974121, 0.0930069237947464, 0.0982198715209961, 0.09753826260566711, 0.0951903834939003, 0.09922541677951813, 0.09454826265573502, 0.09616011381149292, 0.09254274517297745, 0.08875179290771484, 0.09665881842374802, 0.09120339155197144, 0.09223999083042145, 0.09258515387773514, 0.09058289974927902, 0.09581750631332397, 0.08782666176557541, 0.09703412652015686, 0.09401512891054153, 0.09315323829650879, 0.09203527122735977, 0.09197080135345459, 0.09213605523109436, 0.09241966903209686, 0.09077781438827515] 
Training accuracy history = [0.956013560295105, 0.9564732313156128, 0.9577655792236328, 0.9584959745407104, 0.9576732516288757, 0.958300769329071, 0.9586297273635864, 0.9591768980026245, 0.9601193070411682, 0.959223210811615, 0.9599940776824951, 0.9599965214729309, 0.9617118239402771, 0.9612229466438293, 0.9590277075767517, 0.9607996344566345, 0.9599940776824951, 0.9605532884597778, 0.961611270904541, 0.9641430974006653, 0.9640487432479858, 0.9674368500709534, 0.9665709733963013, 0.9671987295150757, 0.9630222916603088, 0.9638151526451111, 0.9644902944564819, 0.9626820087432861, 0.9648981690406799, 0.964442253112793, 0.9639763832092285, 0.9650405645370483, 0.9656762480735779, 0.9658481478691101, 0.9671709537506104, 0.9645551443099976, 0.9639883637428284, 0.9655904769897461, 0.963708758354187, 0.9622648358345032, 0.9631334543228149, 0.9669528007507324, 0.9690704941749573, 0.9648261070251465, 0.9685932993888855, 0.9670931100845337, 0.9651191234588623, 0.9645904302597046, 0.9658415913581848, 0.9661246538162231, 0.9633784294128418, 0.9667009711265564, 0.9667500257492065, 0.9650141596794128, 0.9666694402694702, 0.9652673006057739, 0.9666745662689209, 0.9675030708312988] 
Training f1 history = [0.9560520052909851, 0.9565107226371765, 0.9578021168708801, 0.9585320949554443, 0.9572781324386597, 0.9583345055580139, 0.9586654305458069, 0.9592118859291077, 0.960154116153717, 0.9592584371566772, 0.9600290656089783, 0.9600312113761902, 0.9617446660995483, 0.9612560868263245, 0.9590627551078796, 0.9608335494995117, 0.9600284695625305, 0.9605871438980103, 0.9616445302963257, 0.9641736149787903, 0.9640799760818481, 0.9670329689979553, 0.9665995240211487, 0.9671766757965088, 0.9630539417266846, 0.9638458490371704, 0.9645211100578308, 0.9627136588096619, 0.9649279117584229, 0.9644728302955627, 0.9640069603919983, 0.9650703072547913, 0.9657050967216492, 0.9658776521682739, 0.9671998023986816, 0.9645854234695435, 0.9640197157859802, 0.9652360677719116, 0.9637402296066284, 0.9622976779937744, 0.9629064202308655, 0.9669813513755798, 0.9690967202186584, 0.9648564457893372, 0.9686203002929688, 0.9671213626861572, 0.9651492834091187, 0.9642009139060974, 0.9658709168434143, 0.9661540985107422, 0.963409960269928, 0.9667297005653381, 0.9667791724205017, 0.965044379234314, 0.9666982889175415, 0.9652629494667053, 0.9666935205459595, 0.9675308465957642] 
--- 
Validation loss history = [0.13050055503845215, 0.12841293215751648, 0.10372204333543777, 0.09653227776288986, 0.09818155318498611, 0.09081581979990005, 0.09661519527435303, 0.10755941271781921, 0.10075883567333221, 0.11017028987407684, 0.09452873468399048, 0.08895973861217499, 0.09847245365381241, 0.08902525901794434, 0.10185147821903229, 0.08977252244949341, 0.08594727516174316, 0.09304526448249817, 0.08495356887578964, 0.09509898722171783, 0.07873620092868805, 0.07807523757219315, 0.08098883181810379, 0.0863269492983818, 0.08604755997657776, 0.09009823203086853, 0.08295317739248276, 0.08835282921791077, 0.0787915363907814, 0.0912051871418953, 0.08405155688524246, 0.07735388725996017, 0.09195312857627869, 0.08920874446630478, 0.08359428495168686, 0.1071300134062767, 0.08441441506147385, 0.10096076875925064, 0.08762851357460022, 0.0995519682765007, 0.09139597415924072, 0.08594559878110886, 0.07219776511192322, 0.08015214651823044, 0.07754746824502945, 0.08578632026910782, 0.0810079351067543, 0.08275336027145386, 0.08025666326284409, 0.08225078135728836, 0.08745551109313965, 0.07469668984413147, 0.08838991820812225, 0.09176088124513626, 0.09395095705986023, 0.08722872287034988, 0.07774477452039719, 0.08328640460968018] 
Validation accuracy history = [0.971290111541748, 0.9617438316345215, 0.9655956625938416, 0.9665709733963013, 0.9659537076950073, 0.9704321026802063, 0.9678148031234741, 0.9606728553771973, 0.9686296582221985, 0.9664660692214966, 0.9621326923370361, 0.9670586585998535, 0.9703394770622253, 0.9719321131706238, 0.9659351706504822, 0.9696080088615417, 0.9718518257141113, 0.9708765149116516, 0.9718611240386963, 0.9594629406929016, 0.9779907464981079, 0.9764660596847534, 0.9670092463493347, 0.9698796272277832, 0.9713950753211975, 0.9612129926681519, 0.9719475507736206, 0.9662901163101196, 0.9722870588302612, 0.9687345623970032, 0.9710370302200317, 0.9751604795455933, 0.9747253060340881, 0.9759290218353271, 0.9704074263572693, 0.9705555438995361, 0.973003089427948, 0.966401219367981, 0.9720987677574158, 0.9621821045875549, 0.9701913595199585, 0.9706944227218628, 0.9803117513656616, 0.9768703579902649, 0.9763302206993103, 0.9698426127433777, 0.9738456606864929, 0.9705370664596558, 0.9729043245315552, 0.9714012145996094, 0.9702993631362915, 0.9720277786254883, 0.9756790399551392, 0.9605555534362793, 0.9751049280166626, 0.9734753370285034, 0.971182107925415, 0.9758580327033997] 
Validation f1 history = [0.9714171886444092, 0.9617039561271667, 0.9657323956489563, 0.9667187333106995, 0.96610426902771, 0.9704430103302002, 0.9679571986198425, 0.9602258801460266, 0.968768298625946, 0.9665099382400513, 0.9622939825057983, 0.9671459197998047, 0.9704059958457947, 0.9719946384429932, 0.9659661054611206, 0.9696594476699829, 0.971908688545227, 0.9710054397583008, 0.9719855785369873, 0.9595254063606262, 0.9775838851928711, 0.9765639305114746, 0.9670721292495728, 0.9698070287704468, 0.9714601039886475, 0.9613231420516968, 0.9720070958137512, 0.9663777947425842, 0.9722529053688049, 0.968811571598053, 0.9710452556610107, 0.9751903414726257, 0.974720299243927, 0.9760324954986572, 0.9705352187156677, 0.9705997109413147, 0.9730240106582642, 0.9659229516983032, 0.972160816192627, 0.962238609790802, 0.9702156782150269, 0.9707779884338379, 0.9803587198257446, 0.976960301399231, 0.9763765335083008, 0.9699239134788513, 0.9739214181900024, 0.970363199710846, 0.9729472398757935, 0.9714785814285278, 0.9704245328903198, 0.9721513986587524, 0.9757157564163208, 0.9607145190238953, 0.9752150177955627, 0.9735926389694214, 0.970784068107605, 0.9759616851806641] 
--- 
Radius of the CI = 0.005306898006279294 
True classification of the model is likely between 0.9708405748521497 and 0.9814543708647082 
--- 
Test accuracy = 0.976147472858429 
Confusion matrix (0 | 1) = 
 [[264979   3872]
 [  9764 293065]] 
--- 
