This file contains information about the lstm model 
Analysis directory = C:\Users\cdetr\Documents\GitHub\nomics\nomics-AI/data/valid_invalid_analysis 
--- 
Segmentation value = 180.0 
Downsampling value = 1.0 
Signal frequency = 1.0 Hz 
Batch size = 16 
Standard scale = 0 
Stateful = 0 
Sliding window = 1 
Center of interest = 30 
Full sequence = 0 
Return sequences = 0 
Data balancing = 0 
--- 
Log time = 14-05-2022 11-36-04 
--- 
Num of epochs = 100, early stop after 46 epochs 
Epochs training computation time history (in sec) = [162.91999864578247, 186.50199961662292, 244.8589894771576, 254.91499996185303, 253.0010015964508, 245.9589991569519, 178.91198539733887, 165.9619996547699, 171.47599935531616, 240.71499729156494, 247.11500000953674, 179.64000391960144, 184.2370011806488, 175.72299075126648, 171.8659863471985, 164.64700031280518, 170.51299118995667, 166.97099781036377, 165.95000076293945, 184.0649983882904, 182.01400017738342, 183.58100032806396, 242.87300086021423, 220.75800132751465, 192.85900115966797, 171.282000541687, 169.24100160598755, 165.08300161361694, 167.84399843215942, 222.91698336601257, 166.4729995727539, 159.42999815940857, 182.0440001487732, 253.5129897594452, 230.95299124717712, 189.0820004940033, 165.4849979877472, 165.79200196266174, 214.3870029449463, 213.16100239753723, 175.82799911499023, 275.6450004577637, 196.5279996395111, 212.10899877548218, 187.67900228500366, 186.64399981498718] 
Epochs training computation time mean (in sec) = 195.85115032610685 
--- 
Training loss history = [0.06867686659097672, 0.040747370570898056, 0.031344834715127945, 0.02735116519033909, 0.02395406737923622, 0.02235199511051178, 0.023269513621926308, 0.02386023849248886, 0.02214829996228218, 0.02181614190340042, 0.02193421497941017, 0.021165085956454277, 0.019728977233171463, 0.022168343886733055, 0.02129981853067875, 0.020041344687342644, 0.021227171644568443, 0.024716315791010857, 0.02316020056605339, 0.02113340236246586, 0.019480859860777855, 0.01956581138074398, 0.02118789032101631, 0.019999872893095016, 0.019717102870345116, 0.017482053488492966, 0.018002288416028023, 0.019307561218738556, 0.019012857228517532, 0.017979199066758156, 0.018886826932430267, 0.017863936722278595, 0.01861615851521492, 0.018591929227113724, 0.018715256825089455, 0.020656779408454895, 0.020436009392142296, 0.0194365456700325, 0.0165639016777277, 0.016058992594480515, 0.018142253160476685, 0.01929556205868721, 0.019264210015535355, 0.01947660744190216, 0.01964622549712658, 0.019170889630913734] 
Training accuracy history = [0.9743794202804565, 0.985411524772644, 0.9903157949447632, 0.991176426410675, 0.9925243258476257, 0.9928768277168274, 0.992648720741272, 0.9923480749130249, 0.9928975701332092, 0.9930220246315002, 0.9934056401252747, 0.993208646774292, 0.9938203692436218, 0.9925035834312439, 0.9933330416679382, 0.9937685132026672, 0.9934678673744202, 0.9913630485534668, 0.992368757724762, 0.9936337471008301, 0.9939966201782227, 0.9944114089012146, 0.9925968647003174, 0.9940692186355591, 0.9938514828681946, 0.9944632053375244, 0.9943906664848328, 0.9938929677009583, 0.9941107034683228, 0.9946913123130798, 0.9941314458847046, 0.9941521883010864, 0.9942765831947327, 0.9942765831947327, 0.9938514828681946, 0.9938099980354309, 0.9934989809989929, 0.9936130046844482, 0.9946601986885071, 0.9953134655952454, 0.9947327971458435, 0.9942143559455872, 0.9938618540763855, 0.9940899610519409, 0.9941521883010864, 0.993924081325531] 
Training f1 history = [0.9743799567222595, 0.9854118227958679, 0.9903160333633423, 0.9911766052246094, 0.9925244450569153, 0.9928770065307617, 0.9926488995552063, 0.9923481941223145, 0.9928977489471436, 0.9930221438407898, 0.9934057593345642, 0.9932087659835815, 0.9938204884529114, 0.9925022721290588, 0.9933332204818726, 0.9937686920166016, 0.9934679865837097, 0.9913632273674011, 0.9923689365386963, 0.9936338663101196, 0.9939953088760376, 0.9944114685058594, 0.9925970435142517, 0.9940693378448486, 0.9938501715660095, 0.994463324546814, 0.9943907856941223, 0.9938930869102478, 0.9941108226776123, 0.9946914315223694, 0.9941315650939941, 0.994152307510376, 0.9942767024040222, 0.9942767024040222, 0.9938516020774841, 0.9938101172447205, 0.9934991002082825, 0.9936131238937378, 0.9946603178977966, 0.9953135251998901, 0.9947329163551331, 0.9942144751548767, 0.993861973285675, 0.9940900802612305, 0.994152307510376, 0.9939242005348206] 
--- 
Validation loss history = [0.05058864504098892, 0.030657881870865822, 0.024570591747760773, 0.018954148516058922, 0.01970668137073517, 0.01967737451195717, 0.018445637077093124, 0.017063356935977936, 0.018777893856167793, 0.01896844059228897, 0.022911284118890762, 0.015959398820996284, 0.014041922055184841, 0.016682716086506844, 0.014903122559189796, 0.02078213170170784, 0.01670089364051819, 0.025821372866630554, 0.014391724951565266, 0.021123019978404045, 0.01592347025871277, 0.01777835004031658, 0.01312801893800497, 0.013343091122806072, 0.01814107410609722, 0.01168093178421259, 0.012065684422850609, 0.019746283069252968, 0.014824372716248035, 0.014791054651141167, 0.01422050129622221, 0.015040621161460876, 0.012871460057795048, 0.01606140471994877, 0.015430607832968235, 0.014015713706612587, 0.012720848433673382, 0.014496869407594204, 0.012462550774216652, 0.012683876790106297, 0.011125359684228897, 0.017375091090798378, 0.01173060480505228, 0.013954998925328255, 0.014715515077114105, 0.011410807259380817] 
Validation accuracy history = [0.9765792489051819, 0.9900158643722534, 0.9917887449264526, 0.9934683442115784, 0.9930950999259949, 0.9932817220687866, 0.9922552704811096, 0.9929084777832031, 0.9944013953208923, 0.9950546026229858, 0.9944947361946106, 0.9949612617492676, 0.9950546026229858, 0.9952412247657776, 0.9952412247657776, 0.9939348697662354, 0.9954278469085693, 0.9900158643722534, 0.9944947361946106, 0.9934683442115784, 0.9947746396064758, 0.9941214919090271, 0.9954278469085693, 0.9958943724632263, 0.9929084777832031, 0.9955211281776428, 0.9960809946060181, 0.9943081140518188, 0.9957077503204346, 0.9953345060348511, 0.9952412247657776, 0.9945880174636841, 0.9958010911941528, 0.9940281510353088, 0.9944947361946106, 0.9952412247657776, 0.9953345060348511, 0.9956144690513611, 0.9940281510353088, 0.9969207644462585, 0.9958943724632263, 0.9938415884971619, 0.9955211281776428, 0.9955211281776428, 0.9947746396064758, 0.9958943724632263] 
Validation f1 history = [0.9765858054161072, 0.9900186657905579, 0.9917910695075989, 0.9934701323509216, 0.9930970072746277, 0.9932835698127747, 0.9922574758529663, 0.9929104447364807, 0.9944030046463013, 0.9950559735298157, 0.9944962859153748, 0.9949626922607422, 0.9950559735298157, 0.9952425360679626, 0.9952425360679626, 0.9939365386962891, 0.9954290986061096, 0.9900186657905579, 0.9944962859153748, 0.9934701323509216, 0.9947761297225952, 0.9941231608390808, 0.9954290986061096, 0.995895504951477, 0.9928889274597168, 0.9955223798751831, 0.996082067489624, 0.9943097233772278, 0.9957089424133301, 0.9953358173370361, 0.9952425360679626, 0.9945895671844482, 0.9958022236824036, 0.9940298795700073, 0.9944962859153748, 0.9952425360679626, 0.9953358173370361, 0.9956156611442566, 0.9940298795700073, 0.9969216585159302, 0.995895504951477, 0.9938432574272156, 0.9955223798751831, 0.9955223798751831, 0.9947761297225952, 0.995895504951477] 
--- 
Radius of the CI = 0.000711796644418738 
True classification of the model is likely between 0.9957422634332485 and 0.997165856722086 
--- 
Test accuracy = 0.9964540600776672 
Confusion matrix (0 | 1) = 
 [[12508    87]
 [    8 14188]] 
--- 
