This file contains information about the resnet model 
Analysis directory = C:\Users\cdetr\Documents\GitHub\nomics\nomics-AI/data/task2/tfe/without_oe/analysis_backup 
--- 
Segmentation value = 60.0 
Downsampling value = 1.0 
Signal frequency = 1.0 Hz 
Batch size = 32 
Standard scale = 0 
Stateful = 0 
Sliding window = 0 
Center of interest = 10 
Full sequence = 0 
Return sequences = 0 
Data balancing = 1 
--- 
Log time = 14-06-2022 12-39-45 
--- 
Num of epochs = 100, early stop after 57 epochs 
Epochs training computation time history (in sec) = [26.512975931167603, 20.156503677368164, 19.783066749572754, 20.23487091064453, 21.15199112892151, 21.435250520706177, 20.595913648605347, 21.57926654815674, 21.14691162109375, 19.968993186950684, 20.527029275894165, 20.522118091583252, 21.01100492477417, 21.684311389923096, 21.883668422698975, 21.238383293151855, 19.141979694366455, 19.591197729110718, 20.427795886993408, 20.152592182159424, 20.569198608398438, 19.43181347846985, 18.485997438430786, 17.89800238609314, 18.31199836730957, 19.335997104644775, 18.703999757766724, 20.524999380111694, 19.707998752593994, 20.218001127243042, 20.817000150680542, 21.078000783920288, 20.597001314163208, 20.090997457504272, 20.25899839401245, 19.751001119613647, 19.510000467300415, 18.43299913406372, 17.8940007686615, 18.207998752593994, 19.651997327804565, 20.0129976272583, 20.45000386238098, 20.33189821243286, 19.952436447143555, 18.97462034225464, 20.32985281944275, 22.194196224212646, 22.66183853149414, 20.47908067703247, 18.522999048233032, 19.624998807907104, 18.617001056671143, 19.614998817443848, 20.70199418067932, 21.990107774734497, 19.078428506851196] 
Epochs training computation time mean (in sec) = 20.20633824248063 
--- 
Training loss history = [0.49367907643318176, 0.448595255613327, 0.43854132294654846, 0.434945672750473, 0.43028688430786133, 0.42354661226272583, 0.4211158752441406, 0.41330718994140625, 0.40941914916038513, 0.40407246351242065, 0.40022626519203186, 0.3992546796798706, 0.39824482798576355, 0.39576005935668945, 0.3920859396457672, 0.3809162378311157, 0.3688349723815918, 0.360176146030426, 0.3513552248477936, 0.3505595326423645, 0.34732016921043396, 0.3440563976764679, 0.3422701954841614, 0.33435767889022827, 0.33449870347976685, 0.3282138705253601, 0.3249184191226959, 0.3239207863807678, 0.31942930817604065, 0.31453657150268555, 0.3129497468471527, 0.306156724691391, 0.30182909965515137, 0.2991827130317688, 0.29412880539894104, 0.2889629304409027, 0.28530770540237427, 0.2805211544036865, 0.2749764323234558, 0.27042558789253235, 0.2656897008419037, 0.2596050202846527, 0.2523255944252014, 0.24982784688472748, 0.2445216178894043, 0.23700600862503052, 0.23572292923927307, 0.22755667567253113, 0.2230493724346161, 0.21719597280025482, 0.21429526805877686, 0.20505329966545105, 0.20203058421611786, 0.19380030035972595, 0.19106224179267883, 0.18237051367759705, 0.18034599721431732] 
Training accuracy history = [0.7692210078239441, 0.7958696484565735, 0.8016766309738159, 0.8023523688316345, 0.8052030205726624, 0.8108410835266113, 0.809975266456604, 0.8138818144798279, 0.8174293041229248, 0.8190763592720032, 0.8230884671211243, 0.8217369914054871, 0.8231095671653748, 0.8245032429695129, 0.8267837762832642, 0.8316616415977478, 0.8383132219314575, 0.8410161137580872, 0.8450281620025635, 0.846147358417511, 0.8482800722122192, 0.8506662249565125, 0.8511096835136414, 0.8555862903594971, 0.8556496500968933, 0.8578879833221436, 0.8586481213569641, 0.8605063557624817, 0.8636104464530945, 0.8663555383682251, 0.8674324750900269, 0.8694385290145874, 0.8718668818473816, 0.8739784955978394, 0.8752032518386841, 0.8790252804756165, 0.8805667757987976, 0.8818548321723938, 0.8840509057044983, 0.8871972560882568, 0.8881052136421204, 0.8934265375137329, 0.8962138891220093, 0.8973752856254578, 0.899360179901123, 0.90415358543396, 0.9027810096740723, 0.9067508578300476, 0.9082923531532288, 0.9116709232330322, 0.9139726161956787, 0.9166754484176636, 0.9187659621238708, 0.9209409356117249, 0.9227358102798462, 0.9274658560752869, 0.9281204342842102] 
Training f1 history = [0.7692334055900574, 0.7958672642707825, 0.8016847372055054, 0.8023495078086853, 0.8052000403404236, 0.8108464479446411, 0.8099741339683533, 0.81388258934021, 0.8174320459365845, 0.8190746307373047, 0.8230887055397034, 0.821735143661499, 0.8230966925621033, 0.8245033621788025, 0.8267859220504761, 0.8316634893417358, 0.8383037447929382, 0.8410240411758423, 0.845024824142456, 0.8461417555809021, 0.8482809662818909, 0.8506690859794617, 0.8511146306991577, 0.8555909991264343, 0.8556522130966187, 0.8578968644142151, 0.8586438894271851, 0.8605086803436279, 0.8636102676391602, 0.8663551807403564, 0.8674342632293701, 0.8694379925727844, 0.8718661665916443, 0.8739798665046692, 0.8752110600471497, 0.8790284991264343, 0.8805742263793945, 0.8818535804748535, 0.8840516805648804, 0.8871978521347046, 0.8881034851074219, 0.8934244513511658, 0.8962072134017944, 0.8973751664161682, 0.899357795715332, 0.9041464924812317, 0.902782678604126, 0.9067524075508118, 0.9082916378974915, 0.9116764664649963, 0.9139758944511414, 0.9166762828826904, 0.9187689423561096, 0.9209393262863159, 0.9227319955825806, 0.9274616837501526, 0.9281250238418579] 
--- 
Validation loss history = [0.504389226436615, 0.45008113980293274, 0.4442751705646515, 0.4287656247615814, 0.4482441246509552, 0.4691612124443054, 0.44727587699890137, 0.4217074513435364, 0.4308335483074188, 0.4494537115097046, 0.458322137594223, 0.42721566557884216, 0.39485353231430054, 0.4503512382507324, 0.4194568991661072, 0.43351808190345764, 0.40159547328948975, 0.45183587074279785, 0.3895951807498932, 0.36236482858657837, 0.36846432089805603, 0.3801831305027008, 0.5515888929367065, 0.37744179368019104, 0.4996901750564575, 0.3637159764766693, 0.3872032165527344, 0.34967538714408875, 0.3481830358505249, 0.34845906496047974, 0.3799971640110016, 0.36628246307373047, 0.36150479316711426, 0.39852839708328247, 0.38055652379989624, 0.3823072612285614, 0.3454429805278778, 0.3751522898674011, 0.34882688522338867, 0.38934147357940674, 0.3572007715702057, 0.3583775460720062, 0.3619055151939392, 0.5074734091758728, 0.36198654770851135, 0.3552987277507782, 0.373980849981308, 0.3748682141304016, 0.38580501079559326, 0.36022084951400757, 0.3723531663417816, 0.3756682872772217, 0.40453386306762695, 0.3992885947227478, 0.37858790159225464, 0.4140405058860779, 0.3760915696620941] 
Validation accuracy history = [0.7833523154258728, 0.7922843098640442, 0.803496778011322, 0.8080577850341797, 0.798175573348999, 0.7846826314926147, 0.7905739545822144, 0.8017864227294922, 0.8031166791915894, 0.7926644086837769, 0.7820220589637756, 0.7970353364944458, 0.8158494830131531, 0.7941847443580627, 0.7979855537414551, 0.7928544282913208, 0.8052071332931519, 0.789813756942749, 0.8245913982391357, 0.835233747959137, 0.8323830962181091, 0.8261117339134216, 0.6588749289512634, 0.8304827213287354, 0.7544659972190857, 0.8375142812728882, 0.8278221487998962, 0.8445457816123962, 0.8483466506004333, 0.8494868874549866, 0.8217408061027527, 0.8420752286911011, 0.8439756631851196, 0.8247814774513245, 0.8232611417770386, 0.8207905888557434, 0.8472064137458801, 0.8226909637451172, 0.8481565713882446, 0.8342835307121277, 0.8519574403762817, 0.8555682301521301, 0.8449258804321289, 0.7985556721687317, 0.8443557620048523, 0.861459493637085, 0.8416951894760132, 0.8401748538017273, 0.8401748538017273, 0.8593690395355225, 0.8515773415565491, 0.8546180129051208, 0.8263018131256104, 0.8390346169471741, 0.852907657623291, 0.8407449722290039, 0.8608893752098083] 
Validation f1 history = [0.7833603620529175, 0.7922618389129639, 0.8034361004829407, 0.8082250356674194, 0.7981330752372742, 0.7837120294570923, 0.7908008098602295, 0.801731526851654, 0.8025702238082886, 0.792153537273407, 0.7817909717559814, 0.7969967126846313, 0.8157467246055603, 0.7936686873435974, 0.797213077545166, 0.7928300499916077, 0.8046535849571228, 0.7902867197990417, 0.8242152333259583, 0.8350648880004883, 0.8319804072380066, 0.8257303833961487, 0.6590638160705566, 0.8303300142288208, 0.754815936088562, 0.8373376131057739, 0.8276785016059875, 0.844832181930542, 0.8481330871582031, 0.8497564196586609, 0.8218613862991333, 0.8421265482902527, 0.8442639708518982, 0.8248916864395142, 0.8231330513954163, 0.8204273581504822, 0.8469967246055603, 0.8223212957382202, 0.8481871485710144, 0.8343614339828491, 0.852218508720398, 0.8558170199394226, 0.8447239995002747, 0.7989988327026367, 0.8443992733955383, 0.8614447116851807, 0.8419912457466125, 0.8399891257286072, 0.8402326107025146, 0.8596048951148987, 0.8518397212028503, 0.8548700213432312, 0.8261633515357971, 0.8388527631759644, 0.8531655073165894, 0.8410443067550659, 0.8613635301589966] 
--- 
Radius of the CI = 0.006061852087597236 
True classification of the model is likely between 0.8463136552671391 and 0.8584373594423336 
--- 
Test accuracy = 0.8523755073547363 
Confusion matrix (0 | 1) = 
 [[5600 1000]
 [ 942 5613]] 
--- 
