This file contains information about the lstm model 
Analysis directory = C:\Users\cdetr\Documents\nomics\jawac_processing_nomics/data/awake_sleep_analysis 
--- 
Segmentation value = 1.0 
Downsampling value = 1.0 
Signal frequency = 1.0 Hz 
Batch size = 1 
Standard scale = 0 
Stateful = 1 
Sliding window = 0 
Center of interest = 10 
Full sequence = 1 
Data balancing = 0 
--- 
Log time = 24-03-2022 20-05-34 
--- 
Num of epochs = 100 
Epochs training computation time history (in sec) = [74.99696898460388, 65.31119966506958, 65.51142573356628, 66.1679425239563, 65.90386080741882, 64.8575484752655, 64.8923168182373, 64.43161392211914, 64.56302905082703, 64.36352777481079, 65.33454942703247, 64.80714178085327, 63.83893966674805, 63.70187592506409, 64.55808901786804, 64.11811542510986, 64.44626688957214, 64.22220540046692, 64.46764826774597, 64.62637615203857, 64.31217384338379, 64.37904095649719, 64.82877922058105, 64.16022992134094, 64.29247283935547, 64.24320960044861, 64.05140590667725, 64.10192227363586, 64.52197408676147, 65.43602418899536, 64.77302503585815, 64.78371500968933, 63.39934182167053, 63.840765953063965, 64.68588995933533, 64.02294635772705, 63.83065748214722, 64.04195165634155, 63.98575711250305, 64.99007892608643, 66.59833264350891, 66.17007684707642, 65.83001160621643, 65.72423028945923, 64.9027693271637, 65.43922877311707, 65.03120112419128, 65.40709805488586, 65.83557891845703, 65.12005949020386, 64.99034333229065, 64.6692476272583, 64.72408390045166, 64.35010552406311, 64.45400047302246, 64.33715438842773, 64.51429986953735, 66.05590629577637, 65.7331473827362, 67.3725438117981, 65.62237000465393, 65.92745041847229, 66.2048442363739, 69.96637558937073, 70.2018404006958, 66.5897388458252, 68.46331024169922, 66.28665375709534, 67.05863094329834, 66.70069909095764, 66.9763331413269, 65.81368041038513, 65.28074765205383, 65.12485361099243, 66.0616147518158, 64.3766598701477, 65.243408203125, 66.10109615325928, 65.68485116958618, 65.79517793655396, 65.34197425842285, 65.90641260147095, 65.43676042556763, 66.47660827636719, 67.72325658798218, 67.08325958251953, 66.1023964881897, 67.19369411468506, 66.8777186870575, 66.18745040893555, 66.62104344367981, 66.64569783210754, 65.87716627120972, 66.78107571601868, 67.72945046424866, 68.95458245277405, 66.50776410102844, 69.1666853427887, 66.64804601669312, 65.66805529594421] 
Epochs training computation time mean (in sec) = 65.63470858335495 
--- 
Training loss history = [0.5650737086931864, 0.5534130621190164, 0.5498941400471855, 0.5475020277149537, 0.545544172911083, 0.5438198458914664, 0.5423820085969626, 0.5409184416719511, 0.5394879725633883, 0.5385857504956862, 0.5374075507416445, 0.5370529732283424, 0.5356326854112101, 0.535672315195495, 0.5377824137023851, 0.5360958503157485, 0.5349582375264635, 0.5335569168422737, 0.5324111057847154, 0.5312976682302999, 0.5296963622757033, 0.5269905737802094, 0.5244441108376372, 0.5211548434168685, 0.5173562081421123, 0.5128680476370979, 0.5080728136441287, 0.5030484602731817, 0.49760209374568043, 0.4904929978006026, 0.5137369302557964, 0.49981822540947035, 0.4831620653470357, 0.47568534694465936, 0.4757451324486265, 0.4812537235956566, 0.48206786899005666, 0.47643716165832445, 0.4708828388475904, 0.4650750741654751, 0.46767277431254295, 0.46075507297235374, 0.47302710513273877, 0.46678293335671517, 0.4644092888224359, 0.4625929325234656, 0.460490693794746, 0.4584426231244031, 0.4572027549147606, 0.455010083084013, 0.44979920822615715, 0.44975286517657487, 0.4490644874818185, 0.4458503936435662, 0.4448429367998067, 0.4418658901955567, 0.4428698496491301, 0.444742434165057, 0.45072027661052405, 0.44935788228815676, 0.44741272254317416, 0.4463983055423288, 0.4449878749894161, 0.44361501829881295, 0.4421580596005215, 0.43962263914884303, 0.43786035229762393, 0.43636297273869606, 0.4341679881600773, 0.43193016098994835, 0.43362680325905484, 0.43182356378027037, 0.4299155798028497, 0.4318557032475285, 0.4332842184048073, 0.43161556694437475, 0.4310723792980699, 0.42942631624492944, 0.42710086849390294, 0.4255584463769314, 0.4220456467831836, 0.4168317862877659, 0.42798817099309433, 0.4335827995456901, 0.4238453073536648, 0.4176752009228164, 0.4164331730674295, 0.4154779307690321, 0.41381456805210487, 0.41274289158629435, 0.40993282169687983, 0.4129496527945294, 0.40805496976656075, 0.4082557401236366, 0.44392891140545115, 0.40575761581752817, 0.4109370406059658, 0.4111478189919509, 0.40656765608810913, 0.3985502116528212] 
Training accuracy history = [0.7566033151804232, 0.7627415765149921, 0.7639135607317382, 0.7645227765920115, 0.7648773146610633, 0.7651520675303889, 0.7653391638807222, 0.7654705710855185, 0.7655887723553414, 0.76565295428622, 0.7657861066799537, 0.7658192161835876, 0.765989307679382, 0.7618276444720287, 0.7645872004476248, 0.7655866581435297, 0.7657749243811065, 0.7660317090796489, 0.7661035458246866, 0.7660303933947694, 0.7662739616398718, 0.7665331533142165, 0.766722849186729, 0.7669023699035832, 0.7670124216991312, 0.7672099912283468, 0.767669548590978, 0.7675123398794848, 0.7680802257621989, 0.7688092054689631, 0.7672339274602777, 0.7683872831802742, 0.7692731122175852, 0.7702610089498407, 0.7750190087393218, 0.7653833294616026, 0.7738950255454755, 0.7760048941069958, 0.7789997674670874, 0.7825604542797687, 0.7805310569557489, 0.7837428348321541, 0.7751461542120167, 0.7811219397128797, 0.7829359816569909, 0.7838883846998215, 0.7852648742058698, 0.7864507641278061, 0.787429219659637, 0.7885112844261468, 0.7908128917801613, 0.792400164347069, 0.7925575153500426, 0.7955247844551124, 0.795213038722674, 0.7989356409685284, 0.797775534438152, 0.7976858937272838, 0.7902007327944625, 0.7946846882502238, 0.7978689112499648, 0.799149196229729, 0.8003646757672814, 0.8013147676692289, 0.8023342647973228, 0.8030373670306861, 0.804645894204869, 0.8049770882901024, 0.8062693710420646, 0.8078163520378225, 0.8077726565739688, 0.8092441266658259, 0.8104669098176208, 0.8087986608346304, 0.8102200457862779, 0.8120792128291785, 0.8124471254208508, 0.813064863284429, 0.8138706725017697, 0.8156711780557445, 0.8171380314172483, 0.8191362590182061, 0.8159050684349209, 0.81012108688261, 0.8150614213709738, 0.8188010208746966, 0.8208038882881987, 0.8223651483947155, 0.8234252526479608, 0.8243006900245068, 0.8263661277060416, 0.8259926222118676, 0.8258373293222165, 0.830436693687065, 0.8073635113005545, 0.8276935114580042, 0.8267539675329246, 0.8266681578813815, 0.8262573667601043, 0.8304275163248473] 
Training f1 history = [0.8460499299507515, 0.8501937044601814, 0.8507688302619785, 0.8511018098569384, 0.8513016011200699, 0.8514506331845826, 0.8515346599560157, 0.851583623418621, 0.851607549424265, 0.8516044721883886, 0.8516179106983484, 0.8515640654984642, 0.8515413713221457, 0.8482384541455437, 0.8509339754487953, 0.8517612662969851, 0.8518958343010322, 0.8520407553981332, 0.8520879283839581, 0.8520697933786056, 0.8522127837527032, 0.852360887854707, 0.8524648389395546, 0.8525632386114083, 0.8526172889213935, 0.8527246994130752, 0.8529591817481845, 0.8528609661494985, 0.8531214588997411, 0.8533961539174996, 0.8523380651193506, 0.853164742974674, 0.8535596190714368, 0.8537950428093181, 0.8546918385169086, 0.846507766083175, 0.8548091766881007, 0.8547512748662163, 0.8549853855488347, 0.8566035973090752, 0.8544589000589707, 0.8560704705761928, 0.8501700723872465, 0.8543314805217818, 0.855394743236841, 0.8557372075669906, 0.8563586625398374, 0.8568276365598043, 0.857261097314311, 0.8578024863028059, 0.8589440116695329, 0.8595969355573841, 0.8593915917125403, 0.8610868418917936, 0.8608184848345962, 0.8628652802869385, 0.8618836245116066, 0.861797958612442, 0.856988331266478, 0.8604636315037223, 0.862715166573431, 0.8636087833666334, 0.8642866062183007, 0.8648099022753098, 0.8652632481911603, 0.8656853589357114, 0.8662886835780799, 0.8664973565176421, 0.8671914175444958, 0.8680914996885786, 0.8678722025132647, 0.8689230101950028, 0.8695759346672133, 0.8681745914851918, 0.8695471187432607, 0.8706366115925359, 0.8709081049058952, 0.8712499585806155, 0.8716770959835426, 0.87261576220101, 0.8734894242941165, 0.8747158722550261, 0.8720340857318803, 0.8712970696243585, 0.8729133693610921, 0.8743838025074379, 0.8754143820089453, 0.8763462211571488, 0.87704992703363, 0.8776106472108879, 0.8789232525171018, 0.8787518394928352, 0.8790441821603214, 0.8814040983424467, 0.8637601552056331, 0.8804411239483777, 0.877875397602717, 0.8795855185564827, 0.8772845373434179, 0.8796751072593764] 
--- 
Validation loss history = [0.6132716983556747, 0.611574187874794, 0.6112858752409617, 0.6107765833536783, 0.6100011318922043, 0.6097372621297836, 0.6098827521006266, 0.6090171734491984, 0.6088722596565882, 0.6073158731063207, 0.6052875369787216, 0.6034688105185827, 0.5987774829069773, 0.6040477156639099, 0.6045375714699427, 0.6035670836766561, 0.6038491477568945, 0.6016032447417577, 0.6036665836970011, 0.5996258954207102, 0.5983896851539612, 0.5981320490439733, 0.5959167530139288, 0.5935876419146856, 0.5912048369646072, 0.5870266556739807, 0.583196610212326, 0.5749265899260839, 0.5640337417523066, 0.553830494483312, 0.5805421024560928, 0.561777651309967, 0.5480830172697703, 0.5322280923525492, 0.5232962171236674, 0.5577128479878107, 0.5567524979511896, 0.5436756312847137, 0.5445439020792643, 0.5345638046662012, 0.5285308013359705, 0.518377756079038, 0.5280023664236069, 0.5308157801628113, 0.5273686945438385, 0.52415302892526, 0.5212128460407257, 0.5190140207608541, 0.5157688707113266, 0.5074575791756312, 0.5011256138483683, 0.4899185796578725, 0.48263532916704815, 0.49202853441238403, 0.47793351610501605, 0.4764651035269101, 0.47534555941820145, 0.4902314047018687, 0.49514807760715485, 0.5002055466175079, 0.49448686838150024, 0.49305760363737744, 0.491783211628596, 0.49004600942134857, 0.48910095791021985, 0.4788815726836522, 0.4770349860191345, 0.47391872853040695, 0.47157728175322217, 0.46939973284800846, 0.46907365570465726, 0.4661426991224289, 0.46497126668691635, 0.47075266142686206, 0.46770378450552624, 0.46701209743817645, 0.4688079009453456, 0.4680190334717433, 0.4559423550963402, 0.45311174790064496, 0.45134613662958145, 0.4575166975458463, 0.5212525973717371, 0.4699859370787938, 0.45212144901355106, 0.4402422259251277, 0.4341239556670189, 0.4296953429778417, 0.4317718173066775, 0.426948644220829, 0.42738638321558636, 0.4476999839146932, 0.41484996924797696, 0.42293189962704975, 0.4506845126549403, 0.4195283055305481, 0.4668664758404096, 0.40286201735337573, 0.40365837266047794, 0.3939412186543147] 
Validation accuracy history = [0.7018237014611562, 0.70515043536822, 0.7061122159163157, 0.7065561910470327, 0.7068604131539663, 0.7071157793203989, 0.7077229221661886, 0.7085908552010854, 0.7093677222728729, 0.7102624575297037, 0.7117440700531006, 0.7130028605461121, 0.7155726651350657, 0.7145237922668457, 0.7064334948857626, 0.7058302462100983, 0.7055912812550863, 0.7055904368559519, 0.704865574836731, 0.7051520844300588, 0.7050241629282633, 0.7052391966183981, 0.7052104075749716, 0.7052168746789297, 0.7052877644697825, 0.7066336373488108, 0.7049434185028076, 0.7081497212251028, 0.7115316490332285, 0.7100147803624471, 0.713257888952891, 0.7086178461710612, 0.7115510702133179, 0.7276688516139984, 0.7443134287993113, 0.733822097380956, 0.7305276791254679, 0.744485100110372, 0.74815234541893, 0.7577657401561737, 0.7590988973776499, 0.762958695491155, 0.7577530642350515, 0.7551862796147665, 0.7561252117156982, 0.7595750987529755, 0.7622668047746023, 0.7654440899689993, 0.7682361503442129, 0.7720665335655212, 0.7763979037602743, 0.778955320517222, 0.7844806611537933, 0.7837629119555155, 0.7909485896428426, 0.7918209334214529, 0.7929007709026337, 0.7891638576984406, 0.7860126197338104, 0.7748393913110098, 0.7769082883993784, 0.7787664830684662, 0.779878149429957, 0.7819244265556335, 0.7834826409816742, 0.7886038223902384, 0.7918527921040853, 0.7934802571932474, 0.7947554588317871, 0.7982277373472849, 0.7967088321844736, 0.7995030879974365, 0.80054905017217, 0.7983235816160837, 0.7976686358451843, 0.7977845668792725, 0.7980660498142242, 0.7982570628325144, 0.8030428389708201, 0.8058267633120219, 0.8085623383522034, 0.8058814406394958, 0.7738359173138937, 0.8046314815680186, 0.8152967492739359, 0.8192800382773081, 0.8198352555433909, 0.8208662470181783, 0.818558802207311, 0.8211142917474111, 0.8208886384963989, 0.806913415590922, 0.829307476679484, 0.8270532687505087, 0.8119237025578817, 0.8352269728978475, 0.804052491982778, 0.8420846958955129, 0.8402188718318939, 0.8477348188559214] 
Validation f1 history = [0.8099989692370096, 0.8116733531157175, 0.8121523857116699, 0.8123793601989746, 0.8125334878762563, 0.8126494487126669, 0.8129533131917318, 0.8133741716543833, 0.8137486179669698, 0.8141888280709585, 0.8149056533972422, 0.8155229290326437, 0.8167876899242401, 0.8162289261817932, 0.8123309711615244, 0.8120343387126923, 0.811924159526825, 0.8119230965773264, 0.8115744094053904, 0.811712771654129, 0.8116524815559387, 0.8117555181185404, 0.8117390473683676, 0.8117384513219198, 0.8117740352948507, 0.8124203681945801, 0.811609943707784, 0.813158909479777, 0.8148005902767181, 0.814077208439509, 0.815666009982427, 0.8133756120999655, 0.814811130364736, 0.8225130637486776, 0.8312268257141113, 0.8252222140630087, 0.8239527841409048, 0.8309629162152609, 0.8329194287459055, 0.8376462260882059, 0.838371346394221, 0.8403232793013254, 0.8373869756857554, 0.8360691169897715, 0.8365606367588043, 0.8383985161781311, 0.8398759663105011, 0.8415631453196207, 0.8430982530117035, 0.845166285832723, 0.8475663761297861, 0.8490017950534821, 0.8520641028881073, 0.8517418305079142, 0.8557306428750356, 0.8562348683675131, 0.8567487994829813, 0.8547297219435374, 0.852760781844457, 0.8465713262557983, 0.8477452596028646, 0.8487702012062073, 0.8493864635626475, 0.8505661984284719, 0.851468582948049, 0.8542688190937042, 0.8561428685983022, 0.8571038047472636, 0.8578062057495117, 0.8597923517227173, 0.8589835365613302, 0.8605492611726125, 0.8611306746800741, 0.8599390784899393, 0.8594898581504822, 0.8595613042513529, 0.8597815533479055, 0.8599491516749064, 0.8626387218634287, 0.8642776906490326, 0.8658685982227325, 0.8643842736879984, 0.8466626505057017, 0.8635057906309763, 0.8695048391819, 0.8719162940979004, 0.8722922702630361, 0.8729604283968607, 0.8716594874858856, 0.8732829391956329, 0.8731648723284403, 0.8651069303353628, 0.8782175083955129, 0.8768314818541209, 0.8684049248695374, 0.8821374475955963, 0.8636143704255422, 0.8861654301484426, 0.8860912322998047, 0.8904885152975718] 
--- 
Radius of the CI = 0.25120302635166025 
True classification of the model is likely between 0.5120679330231732 and 1.0144739857264937 
--- 
Test accuracy = 0.7632709593748335 
Confusion matrix (invalid | valid) = 
 [[ 73650  37557]
 [ 53468 279962]] 
--- 
