This file contains information about the lstm model 
Analysis directory = C:\Users\cdetr\Documents\GitHub\nomics\jawac_processing_nomics/data/valid_invalid_analysis 
--- 
Segmentation value = 60.0 
Downsampling value = 1.0 
Signal frequency = 1.0 Hz 
Batch size = 32 
Standard scale = 0 
Stateful = 0 
Sliding window = 0 
Center of interest = 10 
Full sequence = 0 
Return sequences = 0 
Data balancing = 0 
--- 
Log time = 10-04-2022 18-54-09 
--- 
Num of epochs = 100, early stop after 41 epochs 
Epochs training computation time history (in sec) = [75.15361332893372, 79.08343935012817, 82.51683592796326, 85.40951895713806, 82.21123194694519, 80.21073794364929, 81.90194177627563, 80.51468443870544, 77.86291599273682, 78.23669052124023, 77.56768417358398, 72.0012321472168, 78.69285082817078, 81.8839054107666, 80.0952262878418, 77.31420135498047, 79.79475855827332, 78.63285994529724, 85.90323615074158, 79.58304071426392, 73.00412106513977, 79.97486877441406, 81.34168434143066, 82.71962714195251, 85.42035055160522, 80.15899562835693, 79.42662596702576, 82.67808532714844, 78.31384491920471, 76.58626580238342, 78.43099999427795, 81.49333214759827, 78.92386555671692, 65.38510251045227, 53.0159478187561, 51.89286828041077, 51.180691719055176, 52.071237325668335, 54.7324492931366, 54.438443183898926, 53.77725577354431] 
Epochs training computation time mean (in sec) = 74.8667626555373 
--- 
Training loss history = [0.1228746622800827, 0.08729971945285797, 0.08042004704475403, 0.0742989256978035, 0.0718323215842247, 0.07090095430612564, 0.06692066788673401, 0.06915052980184555, 0.06651153415441513, 0.06464779376983643, 0.06513863056898117, 0.06467092782258987, 0.06522264331579208, 0.06509307771921158, 0.06374850869178772, 0.06466023623943329, 0.0624648742377758, 0.06320001184940338, 0.06362487375736237, 0.06291493028402328, 0.06215716525912285, 0.061410609632730484, 0.06197512522339821, 0.06005095690488815, 0.06354645639657974, 0.06335721164941788, 0.06056234985589981, 0.0610358901321888, 0.06206101179122925, 0.059808049350976944, 0.06172914803028107, 0.06116640567779541, 0.05889195203781128, 0.062151361256837845, 0.06158355623483658, 0.06112082675099373, 0.06416311860084534, 0.05998019874095917, 0.060404278337955475, 0.0591714084148407, 0.06011292710900307] 
Training accuracy history = [0.9639497399330139, 0.9754118323326111, 0.9781849384307861, 0.9806088209152222, 0.9814305305480957, 0.982026219367981, 0.9831765294075012, 0.9826424717903137, 0.9834024906158447, 0.9842036366462708, 0.983546257019043, 0.9837105870246887, 0.98399817943573, 0.9839776754379272, 0.983895480632782, 0.983792781829834, 0.984244704246521, 0.984347403049469, 0.9844706654548645, 0.9846144318580627, 0.9845938682556152, 0.9844090342521667, 0.984347403049469, 0.9849430918693542, 0.984347403049469, 0.9842857718467712, 0.984799325466156, 0.9847171306610107, 0.9848403930664062, 0.984902024269104, 0.9848814606666565, 0.9849636554718018, 0.9849430918693542, 0.984696626663208, 0.985353946685791, 0.9848403930664062, 0.9840187430381775, 0.9848403930664062, 0.985456645488739, 0.985210120677948, 0.9853333830833435] 
Training f1 history = [0.9639208316802979, 0.9754229784011841, 0.9781948328018188, 0.9805724620819092, 0.9814388751983643, 0.9820343255996704, 0.9831841588020325, 0.9826502799987793, 0.9834100008010864, 0.984210729598999, 0.9835537075996399, 0.9837179780006409, 0.9840053915977478, 0.9839848875999451, 0.9839027523994446, 0.9838001132011414, 0.9842517971992493, 0.9843544960021973, 0.9844776391983032, 0.9845762252807617, 0.984600841999054, 0.9844160676002502, 0.9843544960021973, 0.9849498867988586, 0.9843544960021973, 0.9842477440834045, 0.9848061800003052, 0.9847240447998047, 0.9848472476005554, 0.9848185181617737, 0.9848883152008057, 0.9849704504013062, 0.9849498867988586, 0.984703540802002, 0.9853605628013611, 0.9848472476005554, 0.9840259552001953, 0.9848020672798157, 0.9854180812835693, 0.9851716756820679, 0.9853399991989136] 
--- 
Validation loss history = [0.07450556755065918, 0.07162702083587646, 0.06376508623361588, 0.059993259608745575, 0.05888061970472336, 0.05841663107275963, 0.05726172775030136, 0.06092090532183647, 0.06604322046041489, 0.058850329369306564, 0.05743158981204033, 0.05654989555478096, 0.0591362789273262, 0.0595046691596508, 0.05838786065578461, 0.05566061660647392, 0.05966672673821449, 0.05793071165680885, 0.059515565633773804, 0.05620872601866722, 0.054323285818099976, 0.05555106699466705, 0.056753579527139664, 0.054814353585243225, 0.06682594120502472, 0.056355349719524384, 0.056456148624420166, 0.056724827736616135, 0.05498461425304413, 0.054703835397958755, 0.060231518000364304, 0.057399436831474304, 0.054374370723962784, 0.05489296093583107, 0.05945863947272301, 0.05415133759379387, 0.05663573369383812, 0.05394512787461281, 0.05380076542496681, 0.05596998706459999, 0.057278938591480255] 
Validation accuracy history = [0.9785582423210144, 0.9800369739532471, 0.9817005395889282, 0.9829944372177124, 0.9828096032142639, 0.9846580624580383, 0.9850277304649353, 0.9833641648292542, 0.9844731688499451, 0.9837338328361511, 0.9848428964614868, 0.9837338328361511, 0.9842883348464966, 0.9850277304649353, 0.9846580624580383, 0.9850277304649353, 0.9835489988327026, 0.9848428964614868, 0.9852125644683838, 0.9852125644683838, 0.9850277304649353, 0.9852125644683838, 0.9846580624580383, 0.9850277304649353, 0.9839186668395996, 0.9852125644683838, 0.9844731688499451, 0.9852125644683838, 0.9852125644683838, 0.9853973984718323, 0.9848428964614868, 0.9850277304649353, 0.9852125644683838, 0.9853973984718323, 0.9846580624580383, 0.9852125644683838, 0.9844731688499451, 0.9859519600868225, 0.985767126083374, 0.9859519600868225, 0.985767126083374] 
Validation f1 history = [0.9786764979362488, 0.9801470637321472, 0.981801450252533, 0.9830882549285889, 0.9829044342041016, 0.9847426414489746, 0.9851102828979492, 0.9834558963775635, 0.9845588207244873, 0.9838235378265381, 0.9849264621734619, 0.9838235378265381, 0.984375, 0.9851102828979492, 0.9847426414489746, 0.9851102828979492, 0.9836397171020508, 0.9849264621734619, 0.9852941036224365, 0.9852941036224365, 0.9851102828979492, 0.9852941036224365, 0.9847426414489746, 0.9851102828979492, 0.9840073585510254, 0.9852941036224365, 0.9845588207244873, 0.9852941036224365, 0.9852941036224365, 0.9854779243469238, 0.9849264621734619, 0.9851102828979492, 0.9852941036224365, 0.9854779243469238, 0.9847426414489746, 0.9852941036224365, 0.9845588207244873, 0.9860293865203857, 0.9858455657958984, 0.9860293865203857, 0.9858455657958984] 
--- 
Radius of the CI = 0.002368691528155829 
True classification of the model is likely between 0.9834892720338559 and 0.9882266550901675 
--- 
Test accuracy = 0.9858579635620117 
Confusion matrix (0 | 1) = 
 [[4460   59]
 [  76 4951]] 
--- 
