This file contains information about the lstm model 
Analysis directory = C:\Users\cdetr\Documents\GitHub\nomics\jawac_processing_nomics/data/valid_invalid_analysis 
--- 
Segmentation value = 120.0 
Downsampling value = 1.0 
Signal frequency = 1.0 Hz 
Batch size = 32 
Standard scale = 0 
Stateful = 0 
Sliding window = 1 
Center of interest = 60 
Full sequence = 0 
Return sequences = 0 
Data balancing = 0 
--- 
Log time = 18-04-2022 12-23-53 
--- 
Num of epochs = 100, early stop after 58 epochs 
Epochs training computation time history (in sec) = [23.891047716140747, 20.785364389419556, 20.42976474761963, 22.056455850601196, 22.411011457443237, 22.620344638824463, 21.874105215072632, 21.904773712158203, 22.67297601699829, 22.559365272521973, 21.882344961166382, 21.46648144721985, 21.538442134857178, 21.20123267173767, 22.55526638031006, 21.775704383850098, 22.202312707901, 21.09679126739502, 21.358248710632324, 22.172062873840332, 20.767072439193726, 20.73390293121338, 21.069057941436768, 21.15030264854431, 22.149943351745605, 21.790217638015747, 21.673716068267822, 21.46377420425415, 21.363380670547485, 20.122618198394775, 20.358277320861816, 19.041034936904907, 20.699751138687134, 19.439972400665283, 19.908202409744263, 20.366977214813232, 20.50107455253601, 20.13088822364807, 19.836194038391113, 20.40266180038452, 19.585110664367676, 20.34641122817993, 20.323054552078247, 21.225208044052124, 21.203134298324585, 20.94946599006653, 20.726783990859985, 21.391636848449707, 21.358665943145752, 20.95341157913208, 20.98326802253723, 20.53238344192505, 20.41133451461792, 19.24162483215332, 19.506351947784424, 19.091378688812256, 19.412692070007324, 21.61398434638977] 
Epochs training computation time mean (in sec) = 21.03929340839386 
--- 
Training loss history = [0.09428515285253525, 0.058681320399045944, 0.04414142668247223, 0.03702673316001892, 0.03161279484629631, 0.023476500064134598, 0.022148068994283676, 0.024660803377628326, 0.023009149357676506, 0.01957625523209572, 0.02023552916944027, 0.018726518377661705, 0.019737372174859047, 0.020836031064391136, 0.018569087609648705, 0.01745428889989853, 0.018472565338015556, 0.016644369810819626, 0.017201879993081093, 0.0171958040446043, 0.016057975590229034, 0.014826671220362186, 0.01821063831448555, 0.015160423703491688, 0.015600359998643398, 0.015440954826772213, 0.01564985327422619, 0.01662052609026432, 0.01484927348792553, 0.014662344008684158, 0.014485903084278107, 0.017252126708626747, 0.015026218257844448, 0.013958628289401531, 0.011774000711739063, 0.01420758105814457, 0.013209577649831772, 0.012736265547573566, 0.01153735164552927, 0.011458484455943108, 0.013441006653010845, 0.012793478555977345, 0.013630876317620277, 0.012094289995729923, 0.012334669008851051, 0.01394801028072834, 0.013640566729009151, 0.013391873799264431, 0.012419207021594048, 0.012556970119476318, 0.013144465163350105, 0.013231777586042881, 0.01316642202436924, 0.013474524021148682, 0.013003441505134106, 0.01321244053542614, 0.013217359781265259, 0.013723960146307945] 
Training accuracy history = [0.9634855389595032, 0.9770569205284119, 0.9821462035179138, 0.9866975545883179, 0.9894490838050842, 0.9927591681480408, 0.9925936460494995, 0.9917868375778198, 0.9926557540893555, 0.9933591485023499, 0.9928833246231079, 0.9941039085388184, 0.9937521815299988, 0.9934418797492981, 0.9942486882209778, 0.9943521618843079, 0.9943728446960449, 0.9943314790725708, 0.9943107962608337, 0.9944762587547302, 0.9949727654457092, 0.9954279065132141, 0.994414210319519, 0.9953658580780029, 0.9950555562973022, 0.9953244924545288, 0.9952003359794617, 0.9949727654457092, 0.9951796531677246, 0.9955313801765442, 0.995448648929596, 0.9944555759429932, 0.9953451752662659, 0.9956141114234924, 0.9962968230247498, 0.9956141114234924, 0.9957382678985596, 0.9960485696792603, 0.9960899353027344, 0.9963381886482239, 0.9962761402130127, 0.9961934089660645, 0.9956762194633484, 0.9963175058364868, 0.9960485696792603, 0.9956969022750854, 0.9960485696792603, 0.9958416819572449, 0.9964002966880798, 0.996441662311554, 0.9963588714599609, 0.9960485696792603, 0.9957796335220337, 0.9956141114234924, 0.9961106181144714, 0.9960485696792603, 0.9960072040557861, 0.9959865212440491] 
Training f1 history = [0.9634968638420105, 0.9770457744598389, 0.9821517467498779, 0.9867016673088074, 0.9894523620605469, 0.9927614331245422, 0.9925959706306458, 0.9917894005775452, 0.9926580190658569, 0.9933611750602722, 0.9928855299949646, 0.9941056966781616, 0.9937541484832764, 0.9934439063072205, 0.994250476360321, 0.9943538904190063, 0.9943380951881409, 0.9943332076072693, 0.9943125247955322, 0.9944779872894287, 0.9949743747711182, 0.9954110980033875, 0.9943976998329163, 0.9953490495681763, 0.9950571060180664, 0.9953259229660034, 0.995201826095581, 0.9949743747711182, 0.995181143283844, 0.995532751083374, 0.9954500198364258, 0.9944573044776917, 0.9953466057777405, 0.9956154823303223, 0.9962979555130005, 0.9956154823303223, 0.9957395792007446, 0.9960498213768005, 0.9960911870002747, 0.9963393211364746, 0.9962772727012634, 0.99619460105896, 0.9956775307655334, 0.9963186383247375, 0.9960498213768005, 0.9956982135772705, 0.9960498213768005, 0.9958429932594299, 0.9964013695716858, 0.9964427351951599, 0.9963600039482117, 0.9960498213768005, 0.9957809448242188, 0.9956154823303223, 0.9961118698120117, 0.9960498213768005, 0.9960084557533264, 0.9959877729415894] 
--- 
Validation loss history = [0.04788919538259506, 0.03599407896399498, 0.028870228677988052, 0.01974477432668209, 0.01718946173787117, 0.021432725712656975, 0.029671717435121536, 0.018120689317584038, 0.013172759674489498, 0.011403461918234825, 0.017280638217926025, 0.01587853394448757, 0.016662709414958954, 0.014320757240056992, 0.01355800498276949, 0.014251372776925564, 0.010994893498718739, 0.009903769940137863, 0.010605338029563427, 0.010955172590911388, 0.015114025212824345, 0.012212592177093029, 0.012943191453814507, 0.01289945375174284, 0.01354485284537077, 0.011859401129186153, 0.014339166693389416, 0.012676955200731754, 0.009956949390470982, 0.012518730945885181, 0.011254887096583843, 0.00928515288978815, 0.010240083560347557, 0.010376883670687675, 0.009709078818559647, 0.013516366481781006, 0.010001325979828835, 0.007534814067184925, 0.008568131364881992, 0.010222908109426498, 0.012581872753798962, 0.012032607570290565, 0.013582063838839531, 0.011740969493985176, 0.008904626592993736, 0.013166445307433605, 0.01225033774971962, 0.014488904736936092, 0.010547150857746601, 0.012742706574499607, 0.008591756224632263, 0.010815542191267014, 0.014205018058419228, 0.015259884297847748, 0.011333463713526726, 0.01237460132688284, 0.01307912077754736, 0.014216498471796513] 
Validation accuracy history = [0.9824985861778259, 0.9839881062507629, 0.9923664331436157, 0.9944144487380981, 0.9944144487380981, 0.9862223267555237, 0.9916216731071472, 0.9940420985221863, 0.9951592087745667, 0.99478679895401, 0.993855893611908, 0.9940420985221863, 0.9936696887016296, 0.9949730038642883, 0.9940420985221863, 0.9949730038642883, 0.9957177639007568, 0.9955315589904785, 0.9970210194587708, 0.9959039092063904, 0.9932973384857178, 0.9955315589904785, 0.9949730038642883, 0.99478679895401, 0.9955315589904785, 0.9964624643325806, 0.9946006536483765, 0.9953453540802002, 0.9964624643325806, 0.9957177639007568, 0.9964624643325806, 0.9964624643325806, 0.996276319026947, 0.9955315589904785, 0.9960901141166687, 0.9957177639007568, 0.9959039092063904, 0.9964624643325806, 0.9957177639007568, 0.9953453540802002, 0.9959039092063904, 0.9964624643325806, 0.9953453540802002, 0.9959039092063904, 0.996276319026947, 0.9951592087745667, 0.9955315589904785, 0.9955315589904785, 0.9960901141166687, 0.996276319026947, 0.9972072243690491, 0.9964624643325806, 0.9953453540802002, 0.9949730038642883, 0.9964624643325806, 0.9955315589904785, 0.9960901141166687, 0.99478679895401] 
Validation f1 history = [0.9824804663658142, 0.984002947807312, 0.992373526096344, 0.9944196343421936, 0.9944196343421936, 0.9862351417541504, 0.9916294813156128, 0.9940476417541504, 0.9951636791229248, 0.9947916865348816, 0.9938616156578064, 0.9940476417541504, 0.9936755895614624, 0.9949776530265808, 0.9940476417541504, 0.9949776530265808, 0.995721697807312, 0.9955357313156128, 0.9970238208770752, 0.995907723903656, 0.9933035969734192, 0.9955357313156128, 0.9949776530265808, 0.9947916865348816, 0.9955357313156128, 0.996465802192688, 0.9946056604385376, 0.9953497052192688, 0.996465802192688, 0.995721697807312, 0.996465802192688, 0.996465802192688, 0.996279776096344, 0.9955357313156128, 0.99609375, 0.995721697807312, 0.995907723903656, 0.996465802192688, 0.995721697807312, 0.9953497052192688, 0.995907723903656, 0.996465802192688, 0.9953497052192688, 0.995907723903656, 0.996279776096344, 0.9951636791229248, 0.9955357313156128, 0.9955357313156128, 0.99609375, 0.996279776096344, 0.9972098469734192, 0.996465802192688, 0.9953497052192688, 0.9949776530265808, 0.996465802192688, 0.9955357313156128, 0.99609375, 0.9947916865348816] 
--- 
Radius of the CI = 0.0010404834793884825 
True classification of the model is likely between 0.9951612105322998 and 0.9972421774910767 
--- 
Test accuracy = 0.9962016940116882 
Confusion matrix (0 | 1) = 
 [[6324   36]
 [  15 7052]] 
--- 
