This file contains information about the resnet model 
Analysis directory = C:\Users\cdetr\Documents\GitHub\nomics\nomics-AI/data/task2/tfe/without_oe/analysis_backup 
--- 
Segmentation value = 300.0 
Downsampling value = 1.0 
Signal frequency = 1.0 Hz 
Batch size = 32 
Standard scale = 0 
Stateful = 0 
Sliding window = 1 
Center of interest = 60 
Full sequence = 0 
Return sequences = 0 
Data balancing = 1 
--- 
Log time = 17-06-2022 14-08-16 
--- 
Num of epochs = 100, early stop after 55 epochs 
Epochs training computation time history (in sec) = [26.286107063293457, 15.871999025344849, 16.49700140953064, 17.29899764060974, 16.160996913909912, 15.965997219085693, 15.51404094696045, 17.264995336532593, 16.744997262954712, 18.01099991798401, 19.568992137908936, 18.656001806259155, 18.27000093460083, 9.903998851776123, 9.839995384216309, 9.844998598098755, 9.49095892906189, 9.713998079299927, 10.565999984741211, 10.648037433624268, 11.20599889755249, 10.213033437728882, 10.115999221801758, 9.81203842163086, 10.914997339248657, 10.556041717529297, 11.08300256729126, 10.714964151382446, 11.029036283493042, 11.302994966506958, 10.91599178314209, 11.078001499176025, 11.540001630783081, 11.215008974075317, 10.712001323699951, 10.77103853225708, 10.656000852584839, 10.98200535774231, 10.432987213134766, 11.022000551223755, 11.175963640213013, 10.728039979934692, 10.771966457366943, 11.04195499420166, 10.919040441513062, 10.832963943481445, 11.042041540145874, 10.819997072219849, 10.326034784317017, 10.848963975906372, 11.441039562225342, 10.621993780136108, 10.618001461029053, 10.473037958145142, 10.45400071144104] 
Epochs training computation time mean (in sec) = 12.372859998182816 
--- 
Training loss history = [0.435873419046402, 0.3543544411659241, 0.3449869453907013, 0.3503079116344452, 0.3335881531238556, 0.33481812477111816, 0.3313870429992676, 0.3199112117290497, 0.3169027268886566, 0.31919237971305847, 0.3073636293411255, 0.30492764711380005, 0.307973176240921, 0.3050214350223541, 0.30635005235671997, 0.30588459968566895, 0.3065410852432251, 0.3010772466659546, 0.3017140328884125, 0.30424559116363525, 0.30012616515159607, 0.2940187454223633, 0.29304981231689453, 0.2966592013835907, 0.28919774293899536, 0.2926919758319855, 0.2838441729545593, 0.2715681195259094, 0.274095743894577, 0.2648136615753174, 0.261703759431839, 0.26063650846481323, 0.25859323143959045, 0.25324222445487976, 0.25756120681762695, 0.2486976683139801, 0.24871651828289032, 0.24319852888584137, 0.24472734332084656, 0.241221621632576, 0.23202718794345856, 0.23942093551158905, 0.23452959954738617, 0.23219163715839386, 0.226253479719162, 0.2234964519739151, 0.22580519318580627, 0.22308383882045746, 0.2215898036956787, 0.21496877074241638, 0.21099871397018433, 0.21068432927131653, 0.20819786190986633, 0.20477616786956787, 0.1991817206144333] 
Training accuracy history = [0.8004123568534851, 0.8412526845932007, 0.8513646125793457, 0.848026692867279, 0.8565678596496582, 0.855978786945343, 0.8570587038993835, 0.8630473017692566, 0.8663852214813232, 0.8610838651657104, 0.8684468865394592, 0.8689377307891846, 0.8700176477432251, 0.8705085515975952, 0.8673669695854187, 0.8703122138977051, 0.86991947889328, 0.8706067204475403, 0.8709012269973755, 0.8712939620018005, 0.8704103827476501, 0.8754172325134277, 0.8743373155593872, 0.8704103827476501, 0.8783624768257141, 0.8771843910217285, 0.8803259134292603, 0.8871980905532837, 0.8889652490615845, 0.8940702676773071, 0.8946593403816223, 0.8944630026817322, 0.8978990912437439, 0.8999607563018799, 0.8963282704353333, 0.8995680212974548, 0.9006479382514954, 0.9028077721595764, 0.8976045846939087, 0.9046730995178223, 0.9093854427337646, 0.9045749306678772, 0.9012370109558105, 0.9066365361213684, 0.9105635285377502, 0.9086000323295593, 0.9093854427337646, 0.9114471077919006, 0.9112507104873657, 0.9110543727874756, 0.9141959547996521, 0.9187119603157043, 0.9180247187614441, 0.9187119603157043, 0.9202827215194702] 
Training f1 history = [0.8006268739700317, 0.8411636352539062, 0.8516848683357239, 0.848138689994812, 0.8564457893371582, 0.855642557144165, 0.8567201495170593, 0.8631268739700317, 0.8660265803337097, 0.8613831400871277, 0.8687303066253662, 0.8690046072006226, 0.8698666095733643, 0.8701410293579102, 0.8674371838569641, 0.8701606392860413, 0.8697686791419983, 0.8708855509757996, 0.8707482814788818, 0.8713557124137878, 0.8706895709037781, 0.8752546906471252, 0.8743925094604492, 0.8700430393218994, 0.8786244988441467, 0.8770179152488708, 0.8805837631225586, 0.8872256875038147, 0.8889889121055603, 0.8940830826759338, 0.894670844078064, 0.8944748044013977, 0.897472620010376, 0.8999606966972351, 0.8963360786437988, 0.8997843861579895, 0.9008619785308838, 0.9023707509040833, 0.8976095914840698, 0.9046629071235657, 0.9093651175498962, 0.9045649170875549, 0.9010186791419983, 0.9059756994247437, 0.9107562899589539, 0.9083658456802368, 0.9095807075500488, 0.9116378426551819, 0.9112263917922974, 0.9110305309295654, 0.9141653180122375, 0.918455958366394, 0.9179858565330505, 0.918455958366394, 0.9202389121055603] 
--- 
Validation loss history = [0.43474504351615906, 0.47577425837516785, 0.40702390670776367, 0.43836715817451477, 0.7228567600250244, 0.4285617470741272, 0.3665366768836975, 0.31754615902900696, 0.4583239257335663, 0.34388601779937744, 0.43378686904907227, 0.31537115573883057, 0.31193140149116516, 0.31225720047950745, 0.42548102140426636, 0.3140970468521118, 0.3336177468299866, 0.3448353409767151, 0.35563573241233826, 0.3798198401927948, 0.3183429539203644, 0.31645676493644714, 0.29750967025756836, 0.3256419003009796, 0.2945098876953125, 0.3155966103076935, 0.3219752013683319, 0.29884570837020874, 0.2710133194923401, 0.3485633432865143, 0.416878342628479, 0.28383535146713257, 0.2919383645057678, 0.33775201439857483, 0.26189616322517395, 0.3187583088874817, 0.3025434911251068, 0.2692084312438965, 0.26051753759384155, 0.4144681990146637, 0.4137631952762604, 0.2689264416694641, 0.28052088618278503, 0.2692851722240448, 0.24838432669639587, 0.513988733291626, 0.3022528886795044, 0.3541889786720276, 0.3160083293914795, 0.2612883746623993, 0.282601535320282, 0.2935197651386261, 0.26463189721107483, 0.25603893399238586, 0.2660141587257385] 
Validation accuracy history = [0.796819806098938, 0.7756183743476868, 0.8109540343284607, 0.7959364056587219, 0.6537102460861206, 0.797703206539154, 0.8312720656394958, 0.8533568978309631, 0.78621906042099, 0.8409894108772278, 0.8021201491355896, 0.8604240417480469, 0.8674911856651306, 0.8586572408676147, 0.8127208352088928, 0.869257926940918, 0.8533568978309631, 0.8436395525932312, 0.8409894108772278, 0.833038866519928, 0.8604240417480469, 0.8542402982711792, 0.869257926940918, 0.8454063534736633, 0.8727915287017822, 0.8604240417480469, 0.8595406413078308, 0.8710247278213501, 0.8825088143348694, 0.8613074421882629, 0.8021201491355896, 0.879858672618866, 0.8895759582519531, 0.8604240417480469, 0.8922261595726013, 0.851590096950531, 0.8736749291419983, 0.8842756152153015, 0.8913427591323853, 0.814487636089325, 0.8136042356491089, 0.8913427591323853, 0.880742073059082, 0.8842756152153015, 0.9010600447654724, 0.7994699478149414, 0.8754416704177856, 0.8436395525932312, 0.8630741834640503, 0.9001767039299011, 0.8851590156555176, 0.8860424160957336, 0.8904593586921692, 0.9134275913238525, 0.8992933034896851] 
Validation f1 history = [0.7974536418914795, 0.775173544883728, 0.8098957538604736, 0.7994791269302368, 0.6539351344108582, 0.7997684478759766, 0.8327545523643494, 0.8544559478759766, 0.7841434478759766, 0.8423031568527222, 0.8012152314186096, 0.8614003658294678, 0.8683448433876038, 0.859664261341095, 0.8145253658294678, 0.8700809478759766, 0.8544559478759766, 0.8449073433876038, 0.8423031568527222, 0.8344906568527222, 0.8614003658294678, 0.8553240299224854, 0.8700809478759766, 0.8466434478759766, 0.8735531568527222, 0.8614003658294678, 0.8605323433876038, 0.8718170523643494, 0.8831018209457397, 0.8622684478759766, 0.8026620149612427, 0.8804976344108582, 0.8914930820465088, 0.8628471493721008, 0.8926504850387573, 0.8541666269302368, 0.875868022441864, 0.8862846493721008, 0.8903356194496155, 0.8177082538604736, 0.8168402314186096, 0.8932291865348816, 0.8828124403953552, 0.8848378658294678, 0.9027777910232544, 0.8015045523643494, 0.8776041269302368, 0.8463541269302368, 0.8654513359069824, 0.9019097089767456, 0.8871527314186096, 0.8865740299224854, 0.8923611044883728, 0.9149305820465088, 0.9010416865348816] 
--- 
Radius of the CI = 0.011571683077023588 
True classification of the model is likely between 0.8774742706735867 and 0.900617636827634 
--- 
Test accuracy = 0.8890459537506104 
Confusion matrix (0 | 1) = 
 [[1230  183]
 [ 131 1286]] 
--- 
