This file contains information about the lstm model 
Analysis directory = C:\Users\cdetr\Documents\GitHub\nomics\nomics-AI/data/valid_invalid_analysis 
--- 
Segmentation value = 20.0 
Downsampling value = 1.0 
Signal frequency = 1.0 Hz 
Batch size = 8 
Standard scale = 0 
Stateful = 0 
Sliding window = 0 
Center of interest = 10 
Full sequence = 0 
Return sequences = 0 
Data balancing = 0 
--- 
Log time = 12-05-2022 20-42-02 
--- 
Num of epochs = 100, early stop after 47 epochs 
Epochs training computation time history (in sec) = [102.55000042915344, 117.2489984035492, 115.1700005531311, 110.14000082015991, 115.66100144386292, 119.75399971008301, 100.15400290489197, 109.33499956130981, 144.73400044441223, 232.30899858474731, 233.15100264549255, 254.52200603485107, 200.63500690460205, 226.9819929599762, 239.8799991607666, 271.0200011730194, 235.639000415802, 227.44000005722046, 271.75799918174744, 223.22000098228455, 201.48999905586243, 250.26099920272827, 233.5519995689392, 206.16198992729187, 267.3219997882843, 242.4969937801361, 223.20600271224976, 285.02699851989746, 224.9909987449646, 207.67700028419495, 251.31299996376038, 246.89299750328064, 223.7729995250702, 275.69600081443787, 234.8009991645813, 227.5590009689331, 292.2559998035431, 245.75699996948242, 192.88800191879272, 202.0569987297058, 292.15500235557556, 225.67299818992615, 295.00900053977966, 169.7469983100891, 152.2050015926361, 195.98900079727173, 281.9629979133606] 
Epochs training computation time mean (in sec) = 212.7494040854434 
--- 
Training loss history = [0.07556001842021942, 0.04324880987405777, 0.04104282334446907, 0.04004454240202904, 0.04044231399893761, 0.04318469017744064, 0.0420592725276947, 0.03906773030757904, 0.03752771019935608, 0.03856496885418892, 0.03856863081455231, 0.03591414913535118, 0.03754546120762825, 0.038627058267593384, 0.035810552537441254, 0.036457642912864685, 0.03624763339757919, 0.034364935010671616, 0.03553885966539383, 0.035585660487413406, 0.03612283989787102, 0.035257063806056976, 0.035296667367219925, 0.03528284654021263, 0.034668922424316406, 0.03511641547083855, 0.03617857024073601, 0.03573504090309143, 0.03720707818865776, 0.03532828390598297, 0.03676394745707512, 0.03424222022294998, 0.03535434976220131, 0.03402573615312576, 0.035810261964797974, 0.036354176700115204, 0.03836851194500923, 0.040016282349824905, 0.03656730055809021, 0.03698213770985603, 0.035688236355781555, 0.03575761988759041, 0.03503451496362686, 0.03640415146946907, 0.03653445839881897, 0.03542877733707428, 0.03527555614709854] 
Training accuracy history = [0.9736398458480835, 0.9860700964927673, 0.986579179763794, 0.9873220920562744, 0.987019419670105, 0.986572265625, 0.9865998029708862, 0.9866892099380493, 0.987191379070282, 0.9872945547103882, 0.9871501326560974, 0.987191379070282, 0.9874528050422668, 0.9873358607292175, 0.9877485632896423, 0.9873496294021606, 0.9879549741744995, 0.9882645010948181, 0.9880375266075134, 0.9882094860076904, 0.9878517985343933, 0.9880856275558472, 0.9878655076026917, 0.9880925416946411, 0.9883058071136475, 0.987631618976593, 0.9874458909034729, 0.9880237579345703, 0.9875284433364868, 0.9881544709205627, 0.9874184131622314, 0.9885603189468384, 0.9883058071136475, 0.9885603189468384, 0.9880306124687195, 0.9876797795295715, 0.9865585565567017, 0.9872120022773743, 0.9880993962287903, 0.9880650043487549, 0.9888354539871216, 0.9879893660545349, 0.9880856275558472, 0.9875628352165222, 0.9875422120094299, 0.9886153340339661, 0.9886428713798523] 
Training f1 history = [0.9736407399177551, 0.9860705733299255, 0.9865796566009521, 0.9873225092887878, 0.9870198369026184, 0.9865727424621582, 0.9866002798080444, 0.9866896867752075, 0.9871918559074402, 0.9872950315475464, 0.9871505498886108, 0.9871918559074402, 0.9874532222747803, 0.987336277961731, 0.9877489805221558, 0.9873500466346741, 0.9879553914070129, 0.9882649183273315, 0.9880379438400269, 0.9882099032402039, 0.9878522157669067, 0.9880860447883606, 0.9878659248352051, 0.9880929589271545, 0.9883061647415161, 0.9876320958137512, 0.9874463677406311, 0.9880241751670837, 0.987528920173645, 0.9881548285484314, 0.9874188303947449, 0.988560676574707, 0.9883061647415161, 0.988560676574707, 0.9880310297012329, 0.987680196762085, 0.9865589737892151, 0.9872124791145325, 0.9880998134613037, 0.9880654215812683, 0.988835871219635, 0.9879897832870483, 0.9880860447883606, 0.9875633120536804, 0.9875426292419434, 0.9886157512664795, 0.988643229007721] 
--- 
Validation loss history = [0.028758419677615166, 0.025822600349783897, 0.02604268491268158, 0.02696888893842697, 0.025059666484594345, 0.02539941668510437, 0.026544446125626564, 0.024988185614347458, 0.022430621087551117, 0.024060197174549103, 0.02471277490258217, 0.025815503671765327, 0.0265746358782053, 0.02229614369571209, 0.03181187063455582, 0.027274273335933685, 0.02212652564048767, 0.02146902121603489, 0.02564193680882454, 0.025062410160899162, 0.021443234756588936, 0.021609250456094742, 0.022311266511678696, 0.02326052077114582, 0.02105494774878025, 0.021858854219317436, 0.019971657544374466, 0.022484442219138145, 0.02354699932038784, 0.020489955320954323, 0.02176850475370884, 0.021162671968340874, 0.020308857783675194, 0.021786734461784363, 0.02403928153216839, 0.03093218430876732, 0.026115840300917625, 0.025960728526115417, 0.022571854293346405, 0.021935075521469116, 0.025414852425456047, 0.022079113870859146, 0.021140053868293762, 0.02314765378832817, 0.020522266626358032, 0.021517883986234665, 0.021103940904140472] 
Validation accuracy history = [0.9919519424438477, 0.9924471974372864, 0.9920758008956909, 0.9931901097297668, 0.9924471974372864, 0.9918281435966492, 0.9923233985900879, 0.9929425120353699, 0.9926329255104065, 0.992509126663208, 0.9926948547363281, 0.9923853278160095, 0.9926329255104065, 0.9924471974372864, 0.9920138716697693, 0.9927567839622498, 0.9932520389556885, 0.9943044781684875, 0.9923233985900879, 0.992509126663208, 0.993375837802887, 0.993375837802887, 0.9946140050888062, 0.9929425120353699, 0.9936234951019287, 0.993375837802887, 0.9934377670288086, 0.9932520389556885, 0.9927567839622498, 0.9949854612350464, 0.9926329255104065, 0.993375837802887, 0.9941187500953674, 0.9926948547363281, 0.9931901097297668, 0.9834705591201782, 0.9918281435966492, 0.9920138716697693, 0.992509126663208, 0.9933139085769653, 0.992261528968811, 0.9934377670288086, 0.99312824010849, 0.991642415523529, 0.9943044781684875, 0.9938710927963257, 0.9944902062416077] 
Validation f1 history = [0.9919554591178894, 0.992450475692749, 0.9920791983604431, 0.9931930899620056, 0.992450475692749, 0.9918316602706909, 0.9923267364501953, 0.9929455518722534, 0.9926361441612244, 0.9925124049186707, 0.9926980137825012, 0.9923886060714722, 0.9926361441612244, 0.992450475692749, 0.9920173287391663, 0.9927598834037781, 0.9932549595832825, 0.9943069219589233, 0.9923267364501953, 0.9925124049186707, 0.9933786988258362, 0.9933786988258362, 0.9946163296699524, 0.9929455518722534, 0.9936262369155884, 0.9933786988258362, 0.993440568447113, 0.9932549595832825, 0.9927598834037781, 0.9949876070022583, 0.9926361441612244, 0.9933786988258362, 0.9941213130950928, 0.9926980137825012, 0.9931930899620056, 0.9834777116775513, 0.9918316602706909, 0.9920173287391663, 0.9925124049186707, 0.9933168292045593, 0.9922648668289185, 0.993440568447113, 0.993131160736084, 0.9916460514068604, 0.9943069219589233, 0.9938737750053406, 0.9944925904273987] 
--- 
Radius of the CI = 0.0007756396761067107 
True classification of the model is likely between 0.9928599551687114 and 0.9944112345209248 
--- 
Test accuracy = 0.9936355948448181 
Confusion matrix (0 | 1) = 
 [[18691   127]
 [  130 21433]] 
--- 
