This file contains information about the cnn model 
--- 
Segmentation value = 1.0 
Downsampling value = 1.0 
Signal frequency = 1.0 Hz 
Batch size = 32 
Standard scale = 0 
Stateful = 0 
Data balancing = 0 
--- 
Log time = 2021-12-30 14:58:25.877947 
--- 
Num of epochs = 200 
Epochs training computation time history (in sec) = [8.346797943115234, 5.769148588180542, 6.197856426239014, 5.061607599258423, 2.7759668827056885, 3.586475133895874, 3.0899269580841064, 3.9233176708221436, 4.861940145492554, 6.139391183853149, 4.1419055461883545, 4.73032283782959, 2.5225741863250732, 3.466644763946533, 3.9873838424682617, 6.122866153717041, 3.779231071472168, 4.264779567718506, 3.019056558609009, 5.129853963851929, 6.2203967571258545, 6.113708734512329, 3.55501127243042, 6.093625783920288, 2.575124502182007, 5.7566001415252686, 4.600267648696899, 2.525843858718872, 3.123396635055542, 5.053343057632446, 5.392980575561523, 3.9636874198913574, 4.173685550689697, 4.286617994308472, 3.081007719039917, 3.120722770690918, 5.384553670883179, 4.8073201179504395, 2.3756682872772217, 2.8928074836730957, 3.6400811672210693, 4.838510751724243, 4.563066005706787, 3.748896598815918, 6.129112720489502, 3.5755321979522705, 5.515212059020996, 4.18831729888916, 5.737080097198486, 4.291888236999512, 3.4747183322906494, 4.581418752670288, 5.067194223403931, 3.3213388919830322, 3.3593568801879883, 5.0656445026397705, 3.3727517127990723, 5.747567892074585, 4.13789963722229, 5.364661931991577, 3.086052179336548, 3.3801910877227783, 2.4780328273773193, 2.6579127311706543, 4.972567081451416, 2.350963830947876, 2.326158285140991, 2.330021381378174, 2.301893472671509, 4.216053485870361, 3.100752592086792, 2.603074073791504, 2.8874149322509766, 3.6665279865264893, 4.778905868530273, 4.116041660308838, 3.9506540298461914, 2.224677801132202, 2.4113314151763916, 3.4950497150421143, 4.841823577880859, 3.9923219680786133, 6.171261787414551, 4.135128498077393, 4.609135627746582, 6.080792427062988, 2.6756162643432617, 6.106679677963257, 2.28112530708313, 3.881911516189575, 5.219555616378784, 5.766718149185181, 3.6633942127227783, 5.789801836013794, 6.1393537521362305, 3.662776470184326, 5.683251857757568, 2.700545310974121, 3.8209404945373535, 6.168567895889282, 4.353397607803345, 6.141250133514404, 4.806345462799072, 5.101057767868042, 3.7764101028442383, 2.4491989612579346, 2.7716219425201416, 3.097311019897461, 3.9693918228149414, 4.325958490371704, 4.829854965209961, 5.102896451950073, 4.5610926151275635, 4.147161483764648, 5.097073316574097, 2.5186779499053955, 2.76501727104187, 2.5050199031829834, 2.3413312435150146, 4.145108222961426, 4.527703762054443, 2.856688976287842, 2.423112630844116, 2.457686424255371, 3.021559238433838, 6.1473493576049805, 3.3573246002197266, 6.1441168785095215, 3.153273105621338, 5.424990653991699, 6.136950969696045, 2.8595597743988037, 2.9020302295684814, 6.231560707092285, 5.172252416610718, 3.9532806873321533, 4.5278637409210205, 4.366279602050781, 5.730936050415039, 3.2540528774261475, 4.783967733383179, 2.884596109390259, 3.6545748710632324, 5.787402153015137, 6.144844055175781, 3.6330277919769287, 4.140552282333374, 4.058199405670166, 2.6595118045806885, 5.734573841094971, 3.92352294921875, 3.7916781902313232, 5.730454206466675, 3.0835976600646973, 3.1100757122039795, 3.978501319885254, 5.42077112197876, 5.087408781051636, 4.283025741577148, 4.366945743560791, 6.123247385025024, 3.482511520385742, 4.585434675216675, 6.149755954742432, 3.585991382598877, 3.131199359893799, 4.524373531341553, 3.9836606979370117, 4.6145920753479, 5.109126329421997, 4.326894521713257, 3.970531940460205, 3.9820122718811035, 4.524515151977539, 3.107954740524292, 3.5264835357666016, 6.139390707015991, 3.6356499195098877, 4.125053405761719, 4.572326183319092, 3.7858362197875977, 3.7829461097717285, 3.7432522773742676, 3.3195488452911377, 3.3508403301239014, 6.201158285140991, 6.108105659484863, 3.477278232574463, 5.397301197052002, 4.516591548919678, 3.3552355766296387, 4.4606688022613525, 5.476027250289917, 6.145858287811279, 3.2302727699279785, 3.550252914428711, 2.680662155151367, 2.4419291019439697, 4.822194814682007, 2.674588680267334] 
Epochs training computation time mean (in sec) = 4.209454404115677 
--- 
Training accuracy history = [0.9404275417327881, 0.9606546759605408, 0.9645769000053406, 0.965583086013794, 0.9681499600410461, 0.9691972732543945, 0.9691972732543945, 0.9698338508605957, 0.9702240228652954, 0.9699365496635437, 0.9700392484664917, 0.9699570536613464, 0.9704704880714417, 0.9701829552650452, 0.9700803160667419, 0.9702240228652954, 0.9711481332778931, 0.9705936908721924, 0.9708811640739441, 0.971209704875946, 0.9710454344749451, 0.9711275696754456, 0.971805214881897, 0.9714561700820923, 0.9719900488853455, 0.971743643283844, 0.9715998768806458, 0.971743643283844, 0.9713534712791443, 0.971805214881897, 0.9717025756835938, 0.9711275696754456, 0.9726061224937439, 0.9723597168922424, 0.9725239872932434, 0.9724623560905457, 0.9726676940917969, 0.9725855588912964, 0.9726676940917969, 0.9729962944984436, 0.9732016324996948, 0.9728525280952454, 0.9733659029006958, 0.9729757308959961, 0.973776638507843, 0.973406970500946, 0.9741668105125427, 0.973940908908844, 0.9726882576942444, 0.974002480506897, 0.9742900133132935, 0.9728730916976929, 0.973406970500946, 0.9729141592979431, 0.9739203453063965, 0.9739819765090942, 0.9738998413085938, 0.9747417569160461, 0.9757274389266968, 0.9748855233192444, 0.9724418520927429, 0.9741462469100952, 0.9751114249229431, 0.9737971425056458, 0.9754194021224976, 0.9752346277236938, 0.9758301377296448, 0.9730784296989441, 0.9732221961021423, 0.9747623205184937, 0.9752551317214966, 0.9758095741271973, 0.9741668105125427, 0.9756453037261963, 0.9753783345222473, 0.9744747877120972, 0.9767952561378479, 0.9762818813323975, 0.9772470593452454, 0.9739819765090942, 0.9744542837142944, 0.9754605293273926, 0.9752961993217468, 0.9756247997283936, 0.9753783345222473, 0.9746185541152954, 0.9759944081306458, 0.9759328365325928, 0.9750497937202454, 0.976302444934845, 0.9732016324996948, 0.9768979549407959, 0.9768774509429932, 0.9761586785316467, 0.976138174533844, 0.9765899181365967, 0.9757890701293945, 0.976199746131897, 0.9756453037261963, 0.976302444934845, 0.974207878112793, 0.9732221961021423, 0.9753988981246948, 0.9759533405303955, 0.9759328365325928, 0.9768568873405457, 0.9754194021224976, 0.9763229489326477, 0.9772881269454956, 0.975768506526947, 0.9771032929420471, 0.9770006537437439, 0.9766720533370972, 0.9771238565444946, 0.976466715335846, 0.9762818813323975, 0.9774523973464966, 0.9774523973464966, 0.9776782989501953, 0.9774318933486938, 0.9775140285491943, 0.9771032929420471, 0.9769185185432434, 0.978561282157898, 0.9786229133605957, 0.9778220653533936, 0.9748855233192444, 0.973571240901947, 0.9741668105125427, 0.9750292897224426, 0.9753167629241943, 0.9776782989501953, 0.9780274033546448, 0.9755631685256958, 0.9766720533370972, 0.9776372313499451, 0.9778836369514465, 0.9783559441566467, 0.9789925217628479, 0.978068470954895, 0.9788488149642944, 0.9765283465385437, 0.9769800901412964, 0.9734686017036438, 0.9737560749053955, 0.9735918045043945, 0.977801501750946, 0.9759533405303955, 0.9768774509429932, 0.9779863357543945, 0.9793416261672974, 0.9784380793571472, 0.9786434769630432, 0.9780889749526978, 0.9785407781600952, 0.978766679763794, 0.9766515493392944, 0.9786434769630432, 0.9793826937675476, 0.9787871837615967, 0.9790130853652954, 0.9790335893630981, 0.978663980960846, 0.9794443249702454, 0.9791773557662964, 0.9798755645751953, 0.9794648289680481, 0.9743105173110962, 0.9737971425056458, 0.9743105173110962, 0.9733453989028931, 0.9743310809135437, 0.9750087261199951, 0.9747623205184937, 0.9740435481071472, 0.9753988981246948, 0.9768158197402954, 0.9756863713264465, 0.9756453037261963, 0.976199746131897, 0.9763229489326477, 0.9782738089561462, 0.9782943725585938, 0.9796291589736938, 0.9789925217628479, 0.979998767375946, 0.9792389869689941, 0.9796496629714966, 0.9787461161613464, 0.9795264601707458, 0.9790541529655457, 0.9801219701766968, 0.9772059917449951, 0.9769390225410461, 0.9752756953239441, 0.978766679763794, 0.9794853925704956, 0.9791362881660461, 0.9788898825645447, 0.9797112941741943] 
Training loss history = [0.20599815249443054, 0.135060116648674, 0.12787581980228424, 0.11955060809850693, 0.11145315319299698, 0.10617628693580627, 0.10178467631340027, 0.10015919804573059, 0.09894371032714844, 0.09659990668296814, 0.09725018590688705, 0.09477142989635468, 0.09343414008617401, 0.10273896157741547, 0.0987810418009758, 0.09330464154481888, 0.08976557105779648, 0.09829585999250412, 0.09427199512720108, 0.09142286330461502, 0.08931779116392136, 0.08848289400339127, 0.08561069518327713, 0.08480212837457657, 0.0842311903834343, 0.08180908858776093, 0.08341240882873535, 0.08201352506875992, 0.08278006315231323, 0.08237191289663315, 0.08424832671880722, 0.07982999086380005, 0.0772031918168068, 0.07692413777112961, 0.07787318527698517, 0.07445782423019409, 0.07713854312896729, 0.07433494925498962, 0.07151941955089569, 0.07209817320108414, 0.07052479684352875, 0.07042284309864044, 0.07042299956083298, 0.07081571221351624, 0.06850835680961609, 0.0686802938580513, 0.07002389430999756, 0.07004786282777786, 0.08408809453248978, 0.06798051297664642, 0.06457337737083435, 0.07264077663421631, 0.06836330890655518, 0.08023471385240555, 0.06720373034477234, 0.07478862255811691, 0.07076119631528854, 0.06791411340236664, 0.06451751291751862, 0.06227080523967743, 0.06826946139335632, 0.06652630120515823, 0.06332703679800034, 0.06882546842098236, 0.06115706264972687, 0.06459559500217438, 0.0601322203874588, 0.08050543814897537, 0.07601229846477509, 0.06234484165906906, 0.06367754936218262, 0.06041755899786949, 0.061918534338474274, 0.06105174496769905, 0.0635175108909607, 0.07030367851257324, 0.06154850870370865, 0.058745477348566055, 0.05718734860420227, 0.08144568651914597, 0.08183731138706207, 0.07797105610370636, 0.0756460502743721, 0.07359035313129425, 0.07469677180051804, 0.07403203099966049, 0.06668787449598312, 0.06262587010860443, 0.07450049370527267, 0.07619870454072952, 0.08581330627202988, 0.06300146132707596, 0.062164194881916046, 0.065150685608387, 0.06098416820168495, 0.05906682088971138, 0.07479487359523773, 0.07437653094530106, 0.08542769402265549, 0.08126847445964813, 0.08984941244125366, 0.08607778698205948, 0.08228371292352676, 0.08037025481462479, 0.07868120819330215, 0.07394737005233765, 0.07023611664772034, 0.0626436322927475, 0.059763576835393906, 0.06321383267641068, 0.05745033547282219, 0.056271445006132126, 0.05891586095094681, 0.059942059218883514, 0.058444708585739136, 0.05881049111485481, 0.05616125836968422, 0.05559875816106796, 0.05508757010102272, 0.05942133814096451, 0.057304877787828445, 0.07134610414505005, 0.05871737748384476, 0.05955138057470322, 0.05881066247820854, 0.05914899706840515, 0.06745093315839767, 0.07801081985235214, 0.07313020527362823, 0.07677160948514938, 0.06860308349132538, 0.05967056006193161, 0.061089977622032166, 0.08432704210281372, 0.07315170764923096, 0.05892667546868324, 0.0560247041285038, 0.05703350156545639, 0.05970960482954979, 0.06149720773100853, 0.05348474159836769, 0.06594618409872055, 0.05918905511498451, 0.07213025540113449, 0.07259224355220795, 0.07251906394958496, 0.05471685901284218, 0.06867476552724838, 0.060447558760643005, 0.05768367648124695, 0.05422497168183327, 0.055804528295993805, 0.05037803575396538, 0.0536959134042263, 0.05436771735548973, 0.059067144989967346, 0.064121313393116, 0.05773056671023369, 0.06961580365896225, 0.07015163451433182, 0.06752374768257141, 0.05643421411514282, 0.054695840924978256, 0.05413094162940979, 0.05530055984854698, 0.05887116864323616, 0.060227829962968826, 0.07209069281816483, 0.0652623102068901, 0.06284964084625244, 0.07404223084449768, 0.06138148158788681, 0.06082173436880112, 0.062120094895362854, 0.06460608541965485, 0.06434457004070282, 0.05966911464929581, 0.06759823858737946, 0.05815655738115311, 0.060420189052820206, 0.06710906326770782, 0.05383909121155739, 0.06084756925702095, 0.05058559402823448, 0.05520623177289963, 0.055195584893226624, 0.05190665274858475, 0.04895801842212677, 0.05252114310860634, 0.04939297214150429, 0.0584782138466835, 0.05654476583003998, 0.07072681933641434, 0.07620831578969955, 0.07505413144826889, 0.05894404649734497, 0.06029101461172104, 0.06027189642190933, 0.06030961871147156, 0.05588432773947716] 
--- 
Validation accuracy history = [0.952688992023468, 0.9691369533538818, 0.9663648009300232, 0.9689521193504333, 0.9539826512336731, 0.9693217277526855, 0.9698761701583862, 0.9634078741073608, 0.9683977365493774, 0.9700610041618347, 0.9722787141799927, 0.9671040177345276, 0.9720938801765442, 0.9669192433357239, 0.9715394377708435, 0.9626686573028564, 0.9630382657051086, 0.9622990489006042, 0.9687673449516296, 0.968212902545929, 0.9685825109481812, 0.968212902545929, 0.9685825109481812, 0.9635927081108093, 0.9724634885787964, 0.963777482509613, 0.9733875393867493, 0.9733875393867493, 0.9722787141799927, 0.9678432941436768, 0.9691369533538818, 0.9685825109481812, 0.9720938801765442, 0.9641470909118652, 0.971724271774292, 0.9720938801765442, 0.9719090461730957, 0.9732027053833008, 0.9683977365493774, 0.9656255841255188, 0.9709850549697876, 0.9639623165130615, 0.9648863673210144, 0.9652559757232666, 0.9709850549697876, 0.9761596918106079, 0.9743115901947021, 0.9732027053833008, 0.9757900834083557, 0.9700610041618347, 0.963777482509613, 0.9733875393867493, 0.9635927081108093, 0.9704306125640869, 0.9765293002128601, 0.9654407501220703, 0.9750508069992065, 0.9719090461730957, 0.9669192433357239, 0.9780077338218689, 0.9711698293685913, 0.9713546633720398, 0.9708002209663391, 0.9735723733901978, 0.9724634885787964, 0.9732027053833008, 0.9741267561912537, 0.9645166993141174, 0.9724634885787964, 0.9728330969810486, 0.9726483225822449, 0.9748660326004028, 0.9663648009300232, 0.977453351020813, 0.969506561756134, 0.9759748578071594, 0.9672888517379761, 0.9776381254196167, 0.9672888517379761, 0.9693217277526855, 0.9772685170173645, 0.9763444662094116, 0.9759748578071594, 0.9765293002128601, 0.971724271774292, 0.9671040177345276, 0.9741267561912537, 0.9687673449516296, 0.9700610041618347, 0.9757900834083557, 0.969506561756134, 0.9744964241981506, 0.9759748578071594, 0.9728330969810486, 0.9737571477890015, 0.9767140746116638, 0.9713546633720398, 0.9743115901947021, 0.9744964241981506, 0.9785621762275696, 0.9708002209663391, 0.9713546633720398, 0.9680280685424805, 0.9772685170173645, 0.9680280685424805, 0.9709850549697876, 0.9787470102310181, 0.975235641002655, 0.9737571477890015, 0.9748660326004028, 0.9783774018287659, 0.9763444662094116, 0.9757900834083557, 0.9737571477890015, 0.9763444662094116, 0.9674736857414246, 0.9744964241981506, 0.9767140746116638, 0.9768989086151123, 0.968212902545929, 0.9754204154014587, 0.9757900834083557, 0.9767140746116638, 0.9759748578071594, 0.9709850549697876, 0.9720938801765442, 0.9737571477890015, 0.9643319249153137, 0.9750508069992065, 0.9678432941436768, 0.9804102778434753, 0.9756052494049072, 0.9744964241981506, 0.9676584601402283, 0.9744964241981506, 0.9724634885787964, 0.9757900834083557, 0.9785621762275696, 0.9757900834083557, 0.9757900834083557, 0.9750508069992065, 0.9698761701583862, 0.9652559757232666, 0.9733875393867493, 0.9711698293685913, 0.9656255841255188, 0.9715394377708435, 0.9724634885787964, 0.979671061038971, 0.979671061038971, 0.977453351020813, 0.969506561756134, 0.9757900834083557, 0.9778229594230652, 0.9802254438400269, 0.9757900834083557, 0.9713546633720398, 0.9787470102310181, 0.9785621762275696, 0.975235641002655, 0.9791166186332703, 0.9708002209663391, 0.9763444662094116, 0.9785621762275696, 0.9787470102310181, 0.968212902545929, 0.9798558354377747, 0.9726483225822449, 0.9711698293685913, 0.9645166993141174, 0.9672888517379761, 0.9702457785606384, 0.9715394377708435, 0.9737571477890015, 0.9689521193504333, 0.9663648009300232, 0.9680280685424805, 0.9728330969810486, 0.9578636288642883, 0.9776381254196167, 0.9768989086151123, 0.9793014526367188, 0.9807798862457275, 0.9785621762275696, 0.9787470102310181, 0.9770837426185608, 0.980964720249176, 0.9759748578071594, 0.9767140746116638, 0.9693217277526855, 0.9763444662094116, 0.9676584601402283, 0.9772685170173645, 0.9726483225822449, 0.9693217277526855, 0.9798558354377747, 0.9687673449516296, 0.9794862270355225, 0.9776381254196167, 0.9765293002128601] 
Validation loss history = [0.14281383156776428, 0.11559472233057022, 0.10952237993478775, 0.10841336846351624, 0.13427530229091644, 0.10823602229356766, 0.10086717456579208, 0.09248252213001251, 0.09458853304386139, 0.09319765865802765, 0.0875437930226326, 0.09470755606889725, 0.09443999081850052, 0.11711439490318298, 0.09353169053792953, 0.09246253967285156, 0.08687574416399002, 0.09729714691638947, 0.0906759649515152, 0.09882882982492447, 0.0950850248336792, 0.10233264416456223, 0.08566313982009888, 0.08825164288282394, 0.08686729520559311, 0.08527715504169464, 0.08585916459560394, 0.08203624933958054, 0.0848197415471077, 0.09804559499025345, 0.08867448568344116, 0.09489013999700546, 0.08177295327186584, 0.08045230060815811, 0.083262600004673, 0.08019839227199554, 0.08214548230171204, 0.07790697365999222, 0.09527213126420975, 0.08209680020809174, 0.08139433711767197, 0.07841720432043076, 0.07750219106674194, 0.08669939637184143, 0.07809459418058395, 0.0716615542769432, 0.07609210908412933, 0.08807205408811569, 0.0960737019777298, 0.08317436277866364, 0.08507335186004639, 0.08319463580846786, 0.09164589643478394, 0.08472989499568939, 0.08949054777622223, 0.10087774693965912, 0.09452074766159058, 0.09321291744709015, 0.08679807931184769, 0.08598652482032776, 0.09864894300699234, 0.0986713320016861, 0.08529742807149887, 0.08425920456647873, 0.0798092633485794, 0.0783124640583992, 0.08254286646842957, 0.09831225126981735, 0.08116783201694489, 0.10417228937149048, 0.09924222528934479, 0.08842822164297104, 0.07661621272563934, 0.06583178788423538, 0.09391498565673828, 0.08009911328554153, 0.07958441227674484, 0.07431691884994507, 0.10856834799051285, 0.09827852249145508, 0.09267465025186539, 0.09514327347278595, 0.09006453305482864, 0.11737889796495438, 0.09910399466753006, 0.08595683425664902, 0.09222868084907532, 0.10314079374074936, 0.08546577394008636, 0.08722313493490219, 0.08035261183977127, 0.0919911339879036, 0.08206990361213684, 0.08616236597299576, 0.07768727838993073, 0.08837788552045822, 0.08254526555538177, 0.08271898329257965, 0.09483463317155838, 0.08687704801559448, 0.10269486159086227, 0.1000591591000557, 0.09062153100967407, 0.09164195507764816, 0.09028098732233047, 0.08960498124361038, 0.07777898758649826, 0.07780404388904572, 0.07085279375314713, 0.07860186696052551, 0.0803704559803009, 0.08075200766324997, 0.08245130628347397, 0.0792587548494339, 0.0716356560587883, 0.09343158453702927, 0.07709340006113052, 0.07309173792600632, 0.0720767006278038, 0.06592962890863419, 0.08540688455104828, 0.08308062702417374, 0.0895334929227829, 0.0720059797167778, 0.09595806151628494, 0.08303209394216537, 0.08683416247367859, 0.08417285233736038, 0.07869542390108109, 0.10423232614994049, 0.07175509631633759, 0.0885980948805809, 0.1046968400478363, 0.12174635380506516, 0.07016529887914658, 0.09680478274822235, 0.0734560638666153, 0.07251312583684921, 0.07405666261911392, 0.08157141506671906, 0.09033717215061188, 0.07811229676008224, 0.08714143931865692, 0.09052910655736923, 0.09776394814252853, 0.09297382086515427, 0.08118806034326553, 0.0867927223443985, 0.09121517837047577, 0.07412745803594589, 0.07874821126461029, 0.07067196816205978, 0.08124229311943054, 0.06712911278009415, 0.07219670712947845, 0.07209563255310059, 0.07451395690441132, 0.08442595601081848, 0.09230081737041473, 0.08687394857406616, 0.07193058729171753, 0.0876256674528122, 0.12956827878952026, 0.07380843162536621, 0.07530836760997772, 0.079477459192276, 0.07983819395303726, 0.10092023760080338, 0.08712316304445267, 0.086279958486557, 0.1209336444735527, 0.08020737767219543, 0.08653490990400314, 0.07916299253702164, 0.08127637207508087, 0.0897219106554985, 0.07839988172054291, 0.09002745896577835, 0.10059574246406555, 0.07631965726613998, 0.07718025892972946, 0.06696165353059769, 0.06470707803964615, 0.07011603564023972, 0.08287584036588669, 0.09366167336702347, 0.07405675947666168, 0.07274395227432251, 0.08420011401176453, 0.10838502645492554, 0.0907040387392044, 0.09140755236148834, 0.0975918173789978, 0.11730287224054337, 0.07918979227542877, 0.09999755024909973, 0.12760233879089355, 0.08839870989322662, 0.08417011797428131, 0.08316998183727264] 
--- 
Radius of the CI = 0.002927842482314561 
True classification of the model is likely between 0.9752897592938085 and 0.9811454442584376 
--- 
Test accuracy = 0.978217601776123 
Confusion matrix (invalid | valid) = 
 [[4429   30]
 [ 178 4912]] 
--- 
