This file contains information about the resnet model 
Analysis directory = C:\Users\cdetr\Documents\GitHub\nomics\nomics-AI/data/task2/tfe/without_oe/analysis_backup 
--- 
Segmentation value = 120.0 
Downsampling value = 1.0 
Signal frequency = 1.0 Hz 
Batch size = 32 
Standard scale = 0 
Stateful = 0 
Sliding window = 1 
Center of interest = 30 
Full sequence = 0 
Return sequences = 0 
Data balancing = 1 
--- 
Log time = 14-06-2022 13-48-08 
--- 
Num of epochs = 100, early stop after 70 epochs 
Epochs training computation time history (in sec) = [123.85840272903442, 161.97974228858948, 153.05293703079224, 166.70289015769958, 145.42223191261292, 144.81971740722656, 151.5004744529724, 172.00634622573853, 200.4657440185547, 207.72769474983215, 198.05601525306702, 144.66945433616638, 218.25949025154114, 185.46429777145386, 240.2227463722229, 223.1424868106842, 224.35803174972534, 236.3709990978241, 212.6359989643097, 224.32800126075745, 246.8250002861023, 242.5300006866455, 165.9439992904663, 169.76500129699707, 224.95699977874756, 204.0819993019104, 185.59899997711182, 170.37797379493713, 139.10900020599365, 147.6080026626587, 146.53098845481873, 121.37200236320496, 135.41200184822083, 145.33199858665466, 138.80599236488342, 138.92700004577637, 142.30003905296326, 146.26696848869324, 150.91099977493286, 151.3170018196106, 157.23299932479858, 133.72999000549316, 117.8629891872406, 120.32299709320068, 120.51799726486206, 163.3850028514862, 231.92200136184692, 205.1000006198883, 190.15899896621704, 144.87099766731262, 166.4079988002777, 217.83999943733215, 199.25657153129578, 148.85673761367798, 159.8849174976349, 204.02413177490234, 155.33353185653687, 211.74706983566284, 174.34735369682312, 195.30478763580322, 215.56994152069092, 187.83169174194336, 163.79399991035461, 191.98900032043457, 197.9760012626648, 196.420019865036, 166.90718364715576, 221.8819763660431, 211.62871956825256, 171.20654606819153] 
Epochs training computation time mean (in sec) = 177.03325467450279 
--- 
Training loss history = [0.41107240319252014, 0.37333816289901733, 0.33232736587524414, 0.3139226734638214, 0.3043646514415741, 0.29714930057525635, 0.289880633354187, 0.28226104378700256, 0.2746461033821106, 0.26870259642601013, 0.2618102729320526, 0.2526528239250183, 0.24116219580173492, 0.23181213438510895, 0.22156544029712677, 0.2073880285024643, 0.1961444765329361, 0.18452247977256775, 0.17357538640499115, 0.16009022295475006, 0.1503332108259201, 0.13951647281646729, 0.13165728747844696, 0.12131526321172714, 0.11537357419729233, 0.10657688230276108, 0.1010904312133789, 0.09482114762067795, 0.08862286061048508, 0.08447917550802231, 0.08113513141870499, 0.07486967742443085, 0.0733679011464119, 0.07081647217273712, 0.06830999255180359, 0.06343985348939896, 0.06063569709658623, 0.05909927189350128, 0.05964134633541107, 0.055712927132844925, 0.05383121967315674, 0.05195557326078415, 0.05071082338690758, 0.05030136927962303, 0.048125579953193665, 0.045809533447027206, 0.04717229679226875, 0.04365215823054314, 0.041457485407590866, 0.042942214757204056, 0.039476118981838226, 0.040296074002981186, 0.038460634648799896, 0.038021575659513474, 0.03807519003748894, 0.03517761453986168, 0.03657490387558937, 0.033383436501026154, 0.03263983875513077, 0.0324803926050663, 0.034365616738796234, 0.030412696301937103, 0.03126449137926102, 0.03301398456096649, 0.029555339366197586, 0.030566342175006866, 0.029985537752509117, 0.028608663007616997, 0.026802899315953255, 0.02909333072602749] 
Training accuracy history = [0.8155576586723328, 0.8343050479888916, 0.8567490577697754, 0.8668251037597656, 0.8709125518798828, 0.8747570514678955, 0.878601610660553, 0.8804287910461426, 0.884378969669342, 0.8872835040092468, 0.8910857439041138, 0.8947824239730835, 0.8998521566390991, 0.9056823253631592, 0.9088402986526489, 0.9158956408500671, 0.9218842387199402, 0.9251478910446167, 0.931094229221344, 0.936649739742279, 0.9399451017379761, 0.9447612762451172, 0.9475285410881042, 0.9523025155067444, 0.9554816484451294, 0.9584600925445557, 0.9615124464035034, 0.9637515544891357, 0.9658745527267456, 0.9678179025650024, 0.9690430760383606, 0.9712505340576172, 0.9718314409255981, 0.9733312129974365, 0.973933219909668, 0.9766687750816345, 0.9769433736801147, 0.9784537553787231, 0.9773447513580322, 0.9793515205383301, 0.980185866355896, 0.9802703857421875, 0.9803126454353333, 0.9813688397407532, 0.9824355840682983, 0.982942521572113, 0.9822877049446106, 0.9839036464691162, 0.9848014116287231, 0.9842205047607422, 0.9854457378387451, 0.9850126504898071, 0.9859421253204346, 0.986280083656311, 0.9862061738967896, 0.9870511293411255, 0.9868398904800415, 0.9882340431213379, 0.9879699945449829, 0.9882445931434631, 0.9875264167785645, 0.9891846179962158, 0.9884347319602966, 0.9883291125297546, 0.9890789985656738, 0.9885509014129639, 0.9890472888946533, 0.9894169569015503, 0.9904203414916992, 0.9896599054336548] 
Training f1 history = [0.8155590891838074, 0.8342978358268738, 0.85675048828125, 0.8668257594108582, 0.8709198236465454, 0.874764084815979, 0.8786118030548096, 0.8804318308830261, 0.8843886256217957, 0.8872824311256409, 0.8910878896713257, 0.894780695438385, 0.8998463749885559, 0.9056726098060608, 0.9088408946990967, 0.9158957600593567, 0.9218838214874268, 0.9251400828361511, 0.931089460849762, 0.9366481304168701, 0.939950168132782, 0.9447624087333679, 0.9475293755531311, 0.9523029923439026, 0.9554818272590637, 0.9584600329399109, 0.9615121483802795, 0.9637546539306641, 0.9658738374710083, 0.9678206443786621, 0.969042181968689, 0.971252977848053, 0.9718302488327026, 0.973333477973938, 0.9739319086074829, 0.9766672253608704, 0.9769453406333923, 0.9784555435180664, 0.977346658706665, 0.9793532490730286, 0.980184018611908, 0.9802720546722412, 0.9803072810173035, 0.9813668727874756, 0.9824334979057312, 0.9829404354095459, 0.98228919506073, 0.983905017375946, 0.9847956895828247, 0.984221875667572, 0.9854434132575989, 0.9850139617919922, 0.9859433174133301, 0.9862812757492065, 0.9862037897109985, 0.9870522022247314, 0.9868374466896057, 0.9882350564002991, 0.9879710078239441, 0.9882456064224243, 0.9875274300575256, 0.9891855120658875, 0.9884321689605713, 0.988330066204071, 0.9890763759613037, 0.9885518550872803, 0.9890446662902832, 0.9894178509712219, 0.9904211759567261, 0.9896607995033264] 
--- 
Validation loss history = [0.4572109878063202, 0.3949751555919647, 0.3174809217453003, 0.3150748908519745, 0.3292369842529297, 0.3060317635536194, 0.29986023902893066, 0.2904687821865082, 0.2888432443141937, 0.29864782094955444, 0.3254850208759308, 0.2620231509208679, 0.25836363434791565, 0.2623414099216461, 0.2709670066833496, 0.2576501667499542, 0.27329763770103455, 0.23515084385871887, 0.21327966451644897, 0.25572893023490906, 0.24484819173812866, 0.2077384740114212, 0.20198149979114532, 0.30150270462036133, 0.19841638207435608, 0.22782525420188904, 0.2114550620317459, 0.22180573642253876, 0.19755591452121735, 0.24306578934192657, 0.22455711662769318, 0.19708052277565002, 0.24737663567066193, 0.33412474393844604, 0.1848430633544922, 0.20985697209835052, 0.24072325229644775, 0.4452087879180908, 0.1862667202949524, 0.17960253357887268, 0.23720137774944305, 0.21525704860687256, 0.1575683206319809, 0.25259682536125183, 0.4585210084915161, 0.3294999301433563, 0.2552087604999542, 0.18928641080856323, 0.1967938393354416, 0.15184615552425385, 0.17132453620433807, 0.29760098457336426, 0.18286928534507751, 0.1779550164937973, 0.17326202988624573, 0.24797721207141876, 0.17759935557842255, 0.16032761335372925, 0.24208709597587585, 0.18790946900844574, 0.23936054110527039, 0.3092358708381653, 0.25469616055488586, 0.17653721570968628, 0.23192350566387177, 0.19991081953048706, 0.20522600412368774, 0.3343137800693512, 0.20161500573158264, 0.39136412739753723] 
Validation accuracy history = [0.7843360900878906, 0.8360422253608704, 0.8619903326034546, 0.8640813827514648, 0.8610398173332214, 0.8692139387130737, 0.8714000582695007, 0.8782435059547424, 0.8760573863983154, 0.8729208111763, 0.864651620388031, 0.8922155499458313, 0.8913601636886597, 0.8952571153640747, 0.8850869536399841, 0.8955422639846802, 0.888413667678833, 0.9006748199462891, 0.9130311012268066, 0.8924056887626648, 0.9008649587631226, 0.9205398559570312, 0.9230111241340637, 0.8837562799453735, 0.9227259755134583, 0.9096093773841858, 0.9244368672370911, 0.9175933599472046, 0.9251972436904907, 0.9186388850212097, 0.9182587265968323, 0.927383303642273, 0.9211101531982422, 0.8878433704376221, 0.9387890696525574, 0.9241517186164856, 0.9268130660057068, 0.8745366334915161, 0.9425910115242004, 0.9369831681251526, 0.9285238981246948, 0.9332762956619263, 0.952761173248291, 0.922916054725647, 0.883946418762207, 0.897348165512085, 0.928904116153717, 0.9486740827560425, 0.9372683167457581, 0.9556125998497009, 0.9491493105888367, 0.9209200739860535, 0.9488641619682312, 0.9446820616722107, 0.9512403607368469, 0.9285238981246948, 0.9496245384216309, 0.954472005367279, 0.9393593668937683, 0.9494344592094421, 0.9324208498001099, 0.9182587265968323, 0.9316604733467102, 0.9502899050712585, 0.9322307705879211, 0.9453474283218384, 0.9424009323120117, 0.911700427532196, 0.9414504170417786, 0.9046668410301208] 
Validation f1 history = [0.7843198180198669, 0.8360979557037354, 0.8620288372039795, 0.8641185164451599, 0.8610789775848389, 0.8692476749420166, 0.8714323043823242, 0.878297746181488, 0.8760866522789001, 0.8729521036148071, 0.8646883964538574, 0.8922606110572815, 0.8913791179656982, 0.895300030708313, 0.8851101398468018, 0.8955585360527039, 0.8884080052375793, 0.9006877541542053, 0.9130357503890991, 0.8924505114555359, 0.9008243680000305, 0.9205129146575928, 0.9230090379714966, 0.8838334679603577, 0.92275071144104, 0.909616231918335, 0.9244604706764221, 0.917648196220398, 0.925220251083374, 0.9186928868293762, 0.9182597994804382, 0.9274315237998962, 0.9211626052856445, 0.8878912329673767, 0.9388297200202942, 0.924202024936676, 0.9268350601196289, 0.8745934367179871, 0.9426290988922119, 0.93697190284729, 0.928544819355011, 0.9332674145698547, 0.9527925252914429, 0.9229141473770142, 0.883970320224762, 0.8973897695541382, 0.9289512634277344, 0.9486550688743591, 0.9373099207878113, 0.9556154608726501, 0.9491565227508545, 0.9209194779396057, 0.9488450288772583, 0.9446921944618225, 0.9512462019920349, 0.9285182952880859, 0.9496580362319946, 0.954502284526825, 0.939346432685852, 0.9494680762290955, 0.9324657917022705, 0.9182597994804382, 0.9316526651382446, 0.9503228664398193, 0.932249128818512, 0.9453571438789368, 0.9424391984939575, 0.9117324948310852, 0.9414627552032471, 0.9047036170959473] 
--- 
Radius of the CI = 0.0025289260432010082 
True classification of the model is likely between 0.9515793121770139 and 0.9566371642634158 
--- 
Test accuracy = 0.9541082382202148 
Confusion matrix (0 | 1) = 
 [[12570   514]
 [  693 12524]] 
--- 
