This file contains information about the resnet model 
Analysis directory = C:\Users\cdetr\Documents\GitHub\nomics\nomics-AI/data/task2/tfe/without_oe/analysis_backup_bis 
--- 
Segmentation value = 300.0 
Downsampling value = 1.0 
Signal frequency = 1.0 Hz 
Batch size = 32 
Standard scale = 0 
Stateful = 0 
Sliding window = 1 
Center of interest = 180 
Full sequence = 0 
Return sequences = 0 
Data balancing = 1 
--- 
Log time = 16-06-2022 15-59-58 
--- 
Num of epochs = 100, early stop after 60 epochs 
Epochs training computation time history (in sec) = [11.701001644134521, 6.454998970031738, 6.26400089263916, 6.340998888015747, 6.327000856399536, 6.424999475479126, 6.379000663757324, 6.592001438140869, 6.386999130249023, 6.274998188018799, 6.122000217437744, 6.410998582839966, 6.472999095916748, 6.367999315261841, 6.450000762939453, 6.523002862930298, 6.467997789382935, 6.395000219345093, 6.4519994258880615, 6.678997755050659, 6.757998943328857, 6.539998769760132, 6.746000528335571, 6.854000806808472, 7.08651876449585, 7.586003065109253, 6.953996896743774, 6.94399619102478, 6.717996597290039, 6.699000120162964, 6.433998107910156, 6.549998998641968, 6.259998559951782, 6.569997549057007, 6.387998819351196, 6.505996227264404, 6.331998586654663, 6.45197319984436, 6.59700083732605, 6.366000175476074, 6.46100115776062, 6.422000169754028, 6.5579986572265625, 6.563999652862549, 6.556000709533691, 6.470998525619507, 6.504992961883545, 6.556996583938599, 6.859997987747192, 7.19699764251709, 7.143002510070801, 6.387001991271973, 6.189000129699707, 6.110997676849365, 6.2109997272491455, 6.06899881362915, 6.180999755859375, 6.18800163269043, 6.285017967224121, 6.328999757766724] 
Epochs training computation time mean (in sec) = 6.601191198825836 
--- 
Training loss history = [0.4087723195552826, 0.3051163852214813, 0.2916722297668457, 0.2888820171356201, 0.2823067903518677, 0.275908887386322, 0.27330660820007324, 0.2743554413318634, 0.26646894216537476, 0.264249712228775, 0.2652740180492401, 0.2677183747291565, 0.26141461730003357, 0.2594625651836395, 0.2672353684902191, 0.266956090927124, 0.2598314881324768, 0.25918522477149963, 0.26159828901290894, 0.2592034935951233, 0.2551223337650299, 0.2481870949268341, 0.2537432909011841, 0.25383251905441284, 0.24579325318336487, 0.2492920309305191, 0.2538405656814575, 0.24895906448364258, 0.24363383650779724, 0.24319587647914886, 0.235261932015419, 0.22673583030700684, 0.21552400290966034, 0.21118520200252533, 0.20621663331985474, 0.20742475986480713, 0.20015117526054382, 0.19858871400356293, 0.19375938177108765, 0.1906687617301941, 0.19452181458473206, 0.19272679090499878, 0.18991877138614655, 0.1860513985157013, 0.18622784316539764, 0.1904122531414032, 0.189222514629364, 0.182597815990448, 0.1815386712551117, 0.1787494271993637, 0.17545826733112335, 0.17483684420585632, 0.1696544587612152, 0.16443699598312378, 0.1632320135831833, 0.16198569536209106, 0.15776394307613373, 0.1572178155183792, 0.15093128383159637, 0.15011785924434662] 
Training accuracy history = [0.8181904554367065, 0.8700683116912842, 0.8756638765335083, 0.8763277530670166, 0.8794575333595276, 0.8831562995910645, 0.8830614686012268, 0.8826820850372314, 0.887424111366272, 0.8880879878997803, 0.8884673714637756, 0.8868550658226013, 0.886191189289093, 0.8882777094841003, 0.8865705728530884, 0.8853376507759094, 0.888372540473938, 0.890553891658783, 0.8897002935409546, 0.889320969581604, 0.8889415860176086, 0.8937784433364868, 0.8897002935409546, 0.8930197358131409, 0.8958649635314941, 0.8933990597724915, 0.8914074301719666, 0.8923558592796326, 0.8992792367935181, 0.8975721001625061, 0.9030728340148926, 0.9051593542098999, 0.9116085171699524, 0.9148330688476562, 0.9173938035964966, 0.9157814979553223, 0.9194802641868591, 0.9212822318077087, 0.9216616153717041, 0.9230841994285583, 0.924127459526062, 0.9247913360595703, 0.9218512773513794, 0.9247913360595703, 0.9279211163520813, 0.921946108341217, 0.925550103187561, 0.9273520708084106, 0.9281107783317566, 0.9285849928855896, 0.9310508370399475, 0.9311456680297852, 0.9356980323791504, 0.9352238178253174, 0.9350341558456421, 0.9350341558456421, 0.938258707523346, 0.9390174746513367, 0.9409142732620239, 0.9419575333595276] 
Training f1 history = [0.8183711171150208, 0.8700756430625916, 0.8756628036499023, 0.8761362433433533, 0.8793559670448303, 0.8831438422203064, 0.8830491304397583, 0.8827650547027588, 0.8873105049133301, 0.8881627917289734, 0.8884468674659729, 0.8868371248245239, 0.8862688541412354, 0.8883521556854248, 0.886647641658783, 0.885416567325592, 0.8883521556854248, 0.8903408050537109, 0.8893939256668091, 0.88910973072052, 0.8889203667640686, 0.893560528755188, 0.8895832300186157, 0.8930870294570923, 0.8957385420799255, 0.8932763934135437, 0.8913824558258057, 0.8923294544219971, 0.899337112903595, 0.8973484039306641, 0.9029355049133301, 0.9053029417991638, 0.9114582538604736, 0.914772629737854, 0.9173294305801392, 0.9157196283340454, 0.9195075631141663, 0.9211173057556152, 0.9215909242630005, 0.9231060743331909, 0.9241477251052856, 0.9247158169746399, 0.9216855764389038, 0.924810528755188, 0.9278408885002136, 0.9219695925712585, 0.9256628751754761, 0.927462100982666, 0.9280303120613098, 0.9285984039306641, 0.9311552047729492, 0.9312499165534973, 0.9357954263687134, 0.9353219866752625, 0.9350378513336182, 0.9350377917289734, 0.9383522868156433, 0.9389204382896423, 0.9409090280532837, 0.9420454502105713] 
--- 
Validation loss history = [0.49698349833488464, 0.2999246418476105, 0.5156000256538391, 0.32161638140678406, 0.39321914315223694, 0.2813688814640045, 0.4651094973087311, 0.3168940544128418, 0.4235209822654724, 0.4293003976345062, 0.30235424637794495, 0.289794921875, 0.26349642872810364, 0.3560504913330078, 0.8230298161506653, 0.3071061968803406, 0.27588653564453125, 0.26808902621269226, 0.44386401772499084, 0.4159069061279297, 0.273916631937027, 0.28858134150505066, 0.25498637557029724, 0.2969924509525299, 0.2890557050704956, 0.275187224149704, 0.2764042019844055, 0.28822481632232666, 0.44156572222709656, 0.6065496802330017, 0.3513511121273041, 0.24701084196567535, 0.2612980306148529, 0.2192462682723999, 0.22389338910579681, 0.2208290547132492, 0.210014209151268, 0.27854397892951965, 0.23093664646148682, 0.22987321019172668, 0.20391684770584106, 0.2526375353336334, 0.24941623210906982, 0.23401181399822235, 0.2180892527103424, 0.21444441378116608, 0.20469680428504944, 0.220293328166008, 0.28670865297317505, 0.19868072867393494, 0.24008561670780182, 0.2137639969587326, 0.22692139446735382, 0.2008439600467682, 0.241420179605484, 0.24353857338428497, 0.21468107402324677, 0.20086665451526642, 0.23565098643302917, 0.24981270730495453] 
Validation accuracy history = [0.814846396446228, 0.8626279830932617, 0.7849829196929932, 0.8532423377037048, 0.8336177468299866, 0.8745733499526978, 0.7807167172431946, 0.8643344640731812, 0.8131399154663086, 0.8165528774261475, 0.8575085401535034, 0.8651877045631409, 0.8950511813163757, 0.8523890972137451, 0.6774743795394897, 0.8549488186836243, 0.8754266500473022, 0.8907849788665771, 0.8174061179161072, 0.8080204725265503, 0.8805460929870605, 0.86774742603302, 0.8865187764167786, 0.8694539070129395, 0.876279890537262, 0.8831058144569397, 0.8779863715171814, 0.873720109462738, 0.8182593584060669, 0.7209897637367249, 0.8540955781936646, 0.8950511813163757, 0.8933447003364563, 0.9197952151298523, 0.908703088760376, 0.9095563292503357, 0.9172354936599731, 0.8788396120071411, 0.9069966077804565, 0.9061433672904968, 0.9197952151298523, 0.8899317383766174, 0.8916382193565369, 0.908703088760376, 0.914675772190094, 0.9180887341499329, 0.9138225317001343, 0.9172354936599731, 0.8839590549468994, 0.9249146580696106, 0.9044368863105774, 0.9104095697402954, 0.9138225317001343, 0.9240614175796509, 0.9078498482704163, 0.894197940826416, 0.9121160507202148, 0.9197952151298523, 0.8976109027862549, 0.8993173837661743] 
Validation f1 history = [0.8157094120979309, 0.8630067110061646, 0.7856418490409851, 0.8537161350250244, 0.8342905044555664, 0.8753377795219421, 0.781925618648529, 0.8646959066390991, 0.8140202164649963, 0.8173986077308655, 0.8579391241073608, 0.8655405044555664, 0.8961147665977478, 0.8528715372085571, 0.6787161231040955, 0.855405330657959, 0.8761823773384094, 0.8913850784301758, 0.8182432055473328, 0.8089526295661926, 0.8812499046325684, 0.8680742383003235, 0.8871620893478394, 0.8702701926231384, 0.8770269155502319, 0.8832769393920898, 0.8787161111831665, 0.8739864230155945, 0.8190878033638, 0.7217904925346375, 0.8545607328414917, 0.8961147665977478, 0.8934121131896973, 0.9206081032752991, 0.9096282720565796, 0.9104728698730469, 0.9180742502212524, 0.8795608282089233, 0.907939076423645, 0.9070944786071777, 0.9206081032752991, 0.8900338411331177, 0.8917230367660522, 0.9096282720565796, 0.9155404567718506, 0.9189189076423645, 0.9146958589553833, 0.9180742502212524, 0.8846282958984375, 0.9251688122749329, 0.9054052829742432, 0.9113174676895142, 0.9146958589553833, 0.924830973148346, 0.9087836742401123, 0.8952701687812805, 0.9124999046325684, 0.9206079840660095, 0.8981418013572693, 0.8993242383003235] 
--- 
Radius of the CI = 0.009601768720207949 
True classification of the model is likely between 0.914289000761451 and 0.9334925382018668 
--- 
Test accuracy = 0.9238907694816589 
Confusion matrix (0 | 1) = 
 [[1295  119]
 [ 104 1412]] 
--- 
