This file contains information about the lstm model 
Analysis directory = C:\Users\cdetr\Documents\GitHub\nomics\jawac_processing_nomics/data/awake_sleep_analysis 
--- 
Segmentation value = 450.0 
Downsampling value = 1.0 
Signal frequency = 1.0 Hz 
Batch size = 32 
Standard scale = 0 
Stateful = 0 
Sliding window = 1 
Center of interest = 120 
Full sequence = 0 
Return sequences = 1 
Data balancing = 1 
--- 
Log time = 07-04-2022 14-04-58 
--- 
Num of epochs = 100, early stop after 45 epochs 
Epochs training computation time history (in sec) = [32.84746956825256, 26.898698568344116, 26.765994787216187, 27.015172958374023, 27.17683696746826, 27.661322116851807, 29.84940195083618, 30.13656997680664, 27.819666385650635, 28.939969539642334, 28.34885859489441, 29.055039405822754, 27.736048460006714, 26.686352968215942, 26.89224934577942, 27.220337390899658, 27.333595991134644, 26.5890634059906, 26.84304690361023, 26.593517303466797, 26.88159680366516, 27.07621192932129, 27.139511108398438, 27.37445592880249, 27.12925124168396, 27.25918483734131, 26.399810075759888, 26.966471195220947, 27.18935751914978, 27.056885957717896, 26.994677543640137, 27.711736917495728, 27.25659704208374, 27.225677728652954, 27.008121490478516, 26.622271060943604, 27.651344537734985, 27.11345076560974, 27.104453086853027, 26.847734689712524, 26.750860452651978, 26.768285989761353, 26.861226320266724, 26.804189443588257, 27.304399728775024] 
Epochs training computation time mean (in sec) = 27.442377244101632 
--- 
Training loss history = [0.6770771741867065, 0.6834147572517395, 0.6685653328895569, 0.600426435470581, 0.43110740184783936, 0.3753073215484619, 0.43657946586608887, 0.6645974516868591, 0.645402729511261, 0.5136187672615051, 0.4334533214569092, 0.39071959257125854, 0.37286216020584106, 0.35662737488746643, 0.34650206565856934, 0.3454930782318115, 0.34168142080307007, 0.3355613350868225, 0.336137056350708, 0.33646103739738464, 0.3326217532157898, 0.3295641243457794, 0.3298633098602295, 0.3280741274356842, 0.3299906849861145, 0.3265705704689026, 0.32610756158828735, 0.32179298996925354, 0.32097184658050537, 0.31885799765586853, 0.3147870600223541, 0.31319040060043335, 0.3139876127243042, 0.31187883019447327, 0.3085519075393677, 0.3102704584598541, 0.32360345125198364, 0.31788206100463867, 0.3099968731403351, 0.346858948469162, 0.3364313244819641, 0.318149209022522, 0.3083236515522003, 0.3050524890422821, 0.30036672949790955] 
Training accuracy history = [0.5734553933143616, 0.5263410806655884, 0.5890876054763794, 0.6841018199920654, 0.7992414832115173, 0.8341267704963684, 0.7768452167510986, 0.6010159850120544, 0.6223201751708984, 0.7559822201728821, 0.8003000617027283, 0.8269133567810059, 0.8367214798927307, 0.8468528985977173, 0.8480710387229919, 0.8500707149505615, 0.8519704341888428, 0.8537327647209167, 0.8537089228630066, 0.8535550236701965, 0.8558411598205566, 0.8583997488021851, 0.8569599390029907, 0.8574059009552002, 0.8555371165275574, 0.8579634428024292, 0.8586163520812988, 0.8603454828262329, 0.8609544038772583, 0.8623954057693481, 0.8631803393363953, 0.8641162514686584, 0.8635885715484619, 0.864585816860199, 0.8667438626289368, 0.8654658198356628, 0.8590742349624634, 0.8640918731689453, 0.8660216927528381, 0.847435712814331, 0.8542959690093994, 0.8641480803489685, 0.867650032043457, 0.8689567446708679, 0.8694969415664673] 
Training f1 history = [0.5736938714981079, 0.5265929102897644, 0.5891610383987427, 0.6841970086097717, 0.799315333366394, 0.8342031240463257, 0.7764175534248352, 0.6012270450592041, 0.622474730014801, 0.7560157179832458, 0.8002352118492126, 0.8268543481826782, 0.8367279767990112, 0.846917986869812, 0.8480063676834106, 0.8499957323074341, 0.8519428968429565, 0.8536338806152344, 0.8538049459457397, 0.85352623462677, 0.8558986186981201, 0.8583124876022339, 0.8570088744163513, 0.8574833869934082, 0.8554081916809082, 0.8579568862915039, 0.8586462736129761, 0.8602351546287537, 0.8608118891716003, 0.862432599067688, 0.8631294965744019, 0.8641575574874878, 0.8633821606636047, 0.86468106508255, 0.8667773008346558, 0.865421712398529, 0.8590992093086243, 0.8640783429145813, 0.8660938739776611, 0.8474684357643127, 0.8542942404747009, 0.8642513155937195, 0.867595911026001, 0.8688288331031799, 0.8694737553596497] 
--- 
Validation loss history = [0.6824150085449219, 0.6928240060806274, 0.6549038887023926, 0.613892138004303, 0.38799023628234863, 0.3864348530769348, 0.687675416469574, 0.6542620658874512, 0.606377899646759, 0.5019646883010864, 0.4029299020767212, 0.3815155625343323, 0.3801063597202301, 0.3858659267425537, 0.39575469493865967, 0.35503053665161133, 0.35803157091140747, 0.3561705946922302, 0.3596632778644562, 0.3418210744857788, 0.3490975499153137, 0.34640756249427795, 0.3454490005970001, 0.3559552729129791, 0.3666924834251404, 0.374496191740036, 0.3354637324810028, 0.34331002831459045, 0.35277432203292847, 0.33118343353271484, 0.3374195396900177, 0.33357352018356323, 0.36003583669662476, 0.3360534608364105, 0.32908400893211365, 0.3346087336540222, 0.3399101197719574, 0.3338920772075653, 0.349183589220047, 0.3579719066619873, 0.3525198996067047, 0.3405463695526123, 0.3362950086593628, 0.3291111886501312, 0.3303547203540802] 
Validation accuracy history = [0.47707024216651917, 0.5226845741271973, 0.6152311563491821, 0.6825312972068787, 0.8185440897941589, 0.8320996165275574, 0.5393614172935486, 0.6269885301589966, 0.6730319261550903, 0.757683277130127, 0.8070038557052612, 0.8301225900650024, 0.8324853181838989, 0.8206436634063721, 0.8264521360397339, 0.8468071222305298, 0.8463984727859497, 0.852120041847229, 0.8445619344711304, 0.8548505902290344, 0.8495913147926331, 0.8514074087142944, 0.8510370254516602, 0.8549297451972961, 0.8500229716300964, 0.8392924666404724, 0.8590370416641235, 0.8553512096405029, 0.844485342502594, 0.8628097176551819, 0.8612362742424011, 0.8595095872879028, 0.8479463458061218, 0.8569042086601257, 0.8596117496490479, 0.8630932569503784, 0.8604367971420288, 0.8605695962905884, 0.8477956652641296, 0.8472873568534851, 0.8447254300117493, 0.8573869466781616, 0.8617650270462036, 0.8596653938293457, 0.8583601713180542] 
Validation f1 history = [0.46815964579582214, 0.5169104933738708, 0.6140261292457581, 0.6784705519676208, 0.8135566115379333, 0.8256654739379883, 0.5335870981216431, 0.6280753016471863, 0.6727718114852905, 0.7539674043655396, 0.8004059195518494, 0.8228967785835266, 0.8242343664169312, 0.8152942657470703, 0.8195908665657043, 0.8391400575637817, 0.8394849896430969, 0.8458570837974548, 0.8381315469741821, 0.8491103053092957, 0.8427785038948059, 0.8445097208023071, 0.8448057770729065, 0.848585307598114, 0.8423056602478027, 0.8346593976020813, 0.8513913750648499, 0.8491343855857849, 0.8366063833236694, 0.8551835417747498, 0.8537309765815735, 0.8532257080078125, 0.840009868144989, 0.8493096232414246, 0.8530563712120056, 0.8566409349441528, 0.8538466095924377, 0.8533201217651367, 0.8400355577468872, 0.8388110995292664, 0.8390103578567505, 0.8505412936210632, 0.8560069799423218, 0.8532374501228333, 0.8523569703102112] 
--- 
Radius of the CI = 0.0175706204681811 
True classification of the model is likely between 0.8381831589431348 and 0.8733243998794971 
--- 
Test accuracy = 0.8557537794113159 
Confusion matrix (0 | 1) = 
 [[296441  48619]
 [ 51084 295056]] 
--- 
