This file contains information about the lstm model 
Analysis directory = C:\Users\cdetr\Documents\GitHub\nomics\jawac_processing_nomics/data/awake_sleep_analysis 
--- 
Segmentation value = 180.0 
Downsampling value = 1.0 
Signal frequency = 1.0 Hz 
Batch size = 32 
Standard scale = 0 
Stateful = 0 
Sliding window = 1 
Center of interest = 60 
Full sequence = 0 
Data balancing = 0 
--- 
Log time = 04-04-2022 23-35-01 
--- 
Num of epochs = 100, early stop after 54 epochs 
Epochs training computation time history (in sec) = [171.50241231918335, 193.8180854320526, 170.06721377372742, 153.47774386405945, 160.51640272140503, 151.42462539672852, 141.3691258430481, 158.28040885925293, 167.27120995521545, 163.06470274925232, 170.81122064590454, 168.92649030685425, 167.55993747711182, 165.2261860370636, 161.73367166519165, 157.05454063415527, 159.05441904067993, 151.88699436187744, 161.37885069847107, 159.18563747406006, 164.27408409118652, 167.13328909873962, 148.5239541530609, 153.68622612953186, 149.59558701515198, 151.61430954933167, 147.51380014419556, 146.0626094341278, 145.81216168403625, 160.2761948108673, 156.72635102272034, 149.4048023223877, 146.89870715141296, 147.9645721912384, 157.02744150161743, 148.6540937423706, 157.165851354599, 159.93424224853516, 160.44595098495483, 161.66364097595215, 170.74460172653198, 179.42953252792358, 178.2269139289856, 171.66021466255188, 168.64187502861023, 167.24373936653137, 167.41282391548157, 160.5175633430481, 173.36914443969727, 180.17948055267334, 178.11895775794983, 155.51746654510498, 162.91899752616882, 165.31878805160522] 
Epochs training computation time mean (in sec) = 161.35718237470698 
--- 
Training loss history = [0.5382320284843445, 0.5238102674484253, 0.536078155040741, 0.5275061130523682, 0.4746650457382202, 0.365107923746109, 0.3296571969985962, 0.3206706941127777, 0.3116353750228882, 0.3083466589450836, 0.3023412227630615, 0.29960760474205017, 0.2970747947692871, 0.29490217566490173, 0.29386308789253235, 0.29128319025039673, 0.2892085909843445, 0.286626935005188, 0.285622775554657, 0.2831924557685852, 0.2834073007106781, 0.28192418813705444, 0.28128111362457275, 0.279203325510025, 0.27728351950645447, 0.27581262588500977, 0.27478334307670593, 0.2717237174510956, 0.2652619779109955, 0.2574518322944641, 0.2525864839553833, 0.24958308041095734, 0.24536029994487762, 0.2434702068567276, 0.24151194095611572, 0.23826175928115845, 0.23503373563289642, 0.2336333841085434, 0.23016305267810822, 0.22820760309696198, 0.22469854354858398, 0.22455337643623352, 0.22112883627414703, 0.21868069469928741, 0.21556666493415833, 0.21526968479156494, 0.21102392673492432, 0.2085752636194229, 0.2051147073507309, 0.20269586145877838, 0.20065531134605408, 0.1984109878540039, 0.19714678823947906, 0.19590403139591217] 
Training accuracy history = [0.7578992247581482, 0.7562605142593384, 0.7568174600601196, 0.7586908936500549, 0.7864475846290588, 0.8521901965141296, 0.8658402562141418, 0.8690052628517151, 0.8733465075492859, 0.8751037120819092, 0.8774762153625488, 0.8788912296295166, 0.879967451095581, 0.8807662129402161, 0.8809296488761902, 0.8823787569999695, 0.8831177949905396, 0.8834009766578674, 0.8841464519500732, 0.884876012802124, 0.8854905962944031, 0.885890007019043, 0.8860711455345154, 0.8861531019210815, 0.8872846364974976, 0.8881049752235413, 0.889251172542572, 0.8901064395904541, 0.8914450407028198, 0.8938693404197693, 0.8955705761909485, 0.8968157768249512, 0.8984088897705078, 0.8988848328590393, 0.9003192782402039, 0.9013649225234985, 0.9022647142410278, 0.9035058617591858, 0.9045253992080688, 0.9060554504394531, 0.9072018265724182, 0.9072930812835693, 0.9086058735847473, 0.9098412990570068, 0.9107967615127563, 0.9115757346153259, 0.9128909707069397, 0.9145238995552063, 0.9158323407173157, 0.9167833924293518, 0.91771000623703, 0.9193747639656067, 0.9196196794509888, 0.9206943511962891] 
Training f1 history = [0.7577930092811584, 0.7563251852989197, 0.7568129897117615, 0.7587036490440369, 0.786395788192749, 0.8522696495056152, 0.865854799747467, 0.8690267205238342, 0.8733739256858826, 0.8751373887062073, 0.8774540424346924, 0.878883421421051, 0.8799353837966919, 0.8807223439216614, 0.8809506297111511, 0.882387638092041, 0.8831871747970581, 0.8834531307220459, 0.8841895461082458, 0.8848990201950073, 0.8854527473449707, 0.8857663869857788, 0.8860467076301575, 0.886189341545105, 0.8873172402381897, 0.8880005478858948, 0.8892115354537964, 0.8900115489959717, 0.8912980556488037, 0.8938626050949097, 0.8954214453697205, 0.8968137502670288, 0.8984599709510803, 0.8988310694694519, 0.9003087282180786, 0.9013835787773132, 0.9023185968399048, 0.9035163521766663, 0.9045615196228027, 0.9060907363891602, 0.9072208404541016, 0.9073476791381836, 0.9086559414863586, 0.9097954034805298, 0.9108261466026306, 0.9116122126579285, 0.9128738641738892, 0.9145469665527344, 0.9157311916351318, 0.916725218296051, 0.91764235496521, 0.9193727374076843, 0.9196202754974365, 0.9206973314285278] 
--- 
Validation loss history = [0.538855254650116, 0.5370650887489319, 0.5485164523124695, 0.5244641900062561, 0.4065192937850952, 0.34917569160461426, 0.3421802520751953, 0.3376486003398895, 0.3335197865962982, 0.32418397068977356, 0.32742172479629517, 0.32454371452331543, 0.3233236074447632, 0.3143041133880615, 0.32233476638793945, 0.3196789026260376, 0.31249111890792847, 0.31248828768730164, 0.3145398199558258, 0.3096926510334015, 0.3124885559082031, 0.31285253167152405, 0.3038557469844818, 0.30719277262687683, 0.30529242753982544, 0.30407389998435974, 0.3009660542011261, 0.3005325198173523, 0.2892918884754181, 0.28101158142089844, 0.2852153480052948, 0.27463412284851074, 0.2768807113170624, 0.27436670660972595, 0.2741219699382782, 0.27402058243751526, 0.27852287888526917, 0.27544161677360535, 0.26774775981903076, 0.2684217095375061, 0.26935330033302307, 0.2720017433166504, 0.27292704582214355, 0.2660025954246521, 0.26835837960243225, 0.27342674136161804, 0.2716009318828583, 0.26921913027763367, 0.2706609070301056, 0.27336716651916504, 0.28592753410339355, 0.2700892686843872, 0.2792542278766632, 0.2760760486125946] 
Validation accuracy history = [0.7479356527328491, 0.7486490607261658, 0.7479356527328491, 0.755182147026062, 0.832994818687439, 0.8601563572883606, 0.8608484864234924, 0.8566029071807861, 0.8613296747207642, 0.8651517629623413, 0.8674256205558777, 0.8664162158966064, 0.8665892481803894, 0.8696478605270386, 0.869069516658783, 0.8703157305717468, 0.8700106143951416, 0.8721827268600464, 0.8698558211326599, 0.8715725541114807, 0.8715164065361023, 0.8707073330879211, 0.8732832670211792, 0.873054027557373, 0.8727352619171143, 0.873520016670227, 0.874751091003418, 0.8770537376403809, 0.8771387338638306, 0.8818640112876892, 0.8796053528785706, 0.8843032717704773, 0.8847206830978394, 0.8835762143135071, 0.8830661773681641, 0.8839420080184937, 0.8853931427001953, 0.8865558505058289, 0.8875607252120972, 0.8884031772613525, 0.8882225155830383, 0.8867076635360718, 0.8855525255203247, 0.8853051066398621, 0.8866469264030457, 0.8871144652366638, 0.8867896199226379, 0.8893306255340576, 0.8896994590759277, 0.8863964676856995, 0.8885625600814819, 0.8880282044410706, 0.8884987831115723, 0.8891575336456299] 
Validation f1 history = [0.7479469180107117, 0.7486563920974731, 0.7479469180107117, 0.7551538944244385, 0.8323777318000793, 0.8596355319023132, 0.8607140779495239, 0.8564965128898621, 0.8613232970237732, 0.8649965524673462, 0.8673310875892639, 0.8664097785949707, 0.8664334416389465, 0.8695886731147766, 0.8691141605377197, 0.8701422810554504, 0.8698714375495911, 0.8719539046287537, 0.869700014591217, 0.8714176416397095, 0.8713891506195068, 0.8705645799636841, 0.8732573390007019, 0.8729739189147949, 0.8725966215133667, 0.8734043836593628, 0.8746491074562073, 0.8770703673362732, 0.8769863843917847, 0.8817459344863892, 0.8793864250183105, 0.8841443061828613, 0.8845621347427368, 0.8833206295967102, 0.8827427625656128, 0.8836921453475952, 0.8851277828216553, 0.8863897323608398, 0.8873215317726135, 0.8882170915603638, 0.888067364692688, 0.886465311050415, 0.8851728439331055, 0.8850954174995422, 0.8863095641136169, 0.8869304656982422, 0.8866274356842041, 0.8890814781188965, 0.8894156217575073, 0.8862013220787048, 0.8883048892021179, 0.8877989649772644, 0.8881964087486267, 0.8889217376708984] 
--- 
Radius of the CI = 0.007433162939151962 
True classification of the model is likely between 0.8889293801669271 and 0.9037957060452311 
--- 
Test accuracy = 0.8963625431060791 
Confusion matrix (0 | 1) = 
 [[194040  86613]
 [ 33878 848089]] 
--- 
