This file contains information about the resnet model 
Analysis directory = C:\Users\cdetr\Documents\GitHub\nomics\nomics-AI/data/task2/tfe/without_oe/analysis_backup_bis 
--- 
Segmentation value = 300.0 
Downsampling value = 1.0 
Signal frequency = 1.0 Hz 
Batch size = 32 
Standard scale = 0 
Stateful = 0 
Sliding window = 1 
Center of interest = 60 
Full sequence = 0 
Return sequences = 0 
Data balancing = 1 
--- 
Log time = 21-06-2022 16-06-38 
--- 
Num of epochs = 100, early stop after 71 epochs 
Epochs training computation time history (in sec) = [49.29428720474243, 26.546289920806885, 25.438495874404907, 25.408000946044922, 28.05400061607361, 34.49094200134277, 34.34884309768677, 39.12100028991699, 43.21622681617737, 47.40811252593994, 46.40392827987671, 45.5989990234375, 47.802462577819824, 44.36357879638672, 51.21118903160095, 44.99934411048889, 45.65929055213928, 47.10499835014343, 43.83439874649048, 46.2040331363678, 45.40687823295593, 46.68771553039551, 46.88607859611511, 39.852071046829224, 38.18904256820679, 37.020262241363525, 42.17206907272339, 38.62095499038696, 37.59659695625305, 40.13300824165344, 37.749001264572144, 35.759000062942505, 35.124998331069946, 34.816996812820435, 32.884013414382935, 34.102999210357666, 37.476001501083374, 38.42499923706055, 39.360997676849365, 37.72800040245056, 37.6929976940155, 36.504000186920166, 38.703999757766724, 38.150999546051025, 45.30700135231018, 50.86731576919556, 40.71525955200195, 40.144999742507935, 38.62899684906006, 43.0478880405426, 44.82700824737549, 42.530324935913086, 40.77992796897888, 49.535524129867554, 46.8627233505249, 44.06240725517273, 44.397639989852905, 52.687785148620605, 41.116817474365234, 41.39626955986023, 43.92285895347595, 43.803844928741455, 44.60940098762512, 44.81124472618103, 42.938692808151245, 50.80860447883606, 48.38581871986389, 52.77309060096741, 45.3639976978302, 42.75314211845398, 41.99723720550537] 
Epochs training computation time mean (in sec) = 41.58630883189994 
--- 
Training loss history = [0.37753602862358093, 0.31893810629844666, 0.31119054555892944, 0.29972508549690247, 0.29469969868659973, 0.29332152009010315, 0.28817638754844666, 0.28435224294662476, 0.27246543765068054, 0.26876121759414673, 0.263308584690094, 0.2554807662963867, 0.251718133687973, 0.24566037952899933, 0.2432393878698349, 0.23719455301761627, 0.23288145661354065, 0.2290370911359787, 0.22601403295993805, 0.22176390886306763, 0.21828728914260864, 0.2122185081243515, 0.20714232325553894, 0.19914403557777405, 0.19561266899108887, 0.1886226385831833, 0.1838798224925995, 0.17976436018943787, 0.17077197134494781, 0.16371551156044006, 0.1595376878976822, 0.15251773595809937, 0.14391833543777466, 0.13683553040027618, 0.13288375735282898, 0.12524938583374023, 0.1237001046538353, 0.11853721737861633, 0.11055734753608704, 0.10464879870414734, 0.09451798349618912, 0.09843381494283676, 0.08987969160079956, 0.08607188612222672, 0.07998282462358475, 0.07752461731433868, 0.07866513729095459, 0.07289678603410721, 0.07087087631225586, 0.06575200706720352, 0.060406431555747986, 0.06096873804926872, 0.057548847049474716, 0.059699829667806625, 0.05423836037516594, 0.04652908071875572, 0.04947953298687935, 0.05215505138039589, 0.04919452592730522, 0.04711835831403732, 0.04392057657241821, 0.044703371822834015, 0.04367725923657417, 0.04220246151089668, 0.03991734981536865, 0.03659169003367424, 0.04158550500869751, 0.03673224523663521, 0.034774139523506165, 0.036749329417943954, 0.03351894021034241] 
Training accuracy history = [0.8313342332839966, 0.8611491918563843, 0.8632625341415405, 0.8690313100814819, 0.870602011680603, 0.8725725412368774, 0.8744288086891174, 0.8753427267074585, 0.8829106688499451, 0.8862519860267639, 0.8888222575187683, 0.8935915231704712, 0.8977610468864441, 0.9007025361061096, 0.9004740715026855, 0.9028158783912659, 0.9054146409034729, 0.9069567918777466, 0.9080134630203247, 0.9086988568305969, 0.9107836484909058, 0.9129826426506042, 0.9146961569786072, 0.9193511605262756, 0.9208647608757019, 0.9249200224876404, 0.9273189306259155, 0.929375171661377, 0.9319168329238892, 0.9337731599807739, 0.9360007047653198, 0.9397989511489868, 0.9434258341789246, 0.9476810693740845, 0.94756680727005, 0.951964795589447, 0.9529358148574829, 0.9542495012283325, 0.9566198587417603, 0.9600753784179688, 0.962931215763092, 0.962788462638855, 0.9655585885047913, 0.9670150876045227, 0.9700137376785278, 0.9713559746742249, 0.9702707529067993, 0.9735263586044312, 0.9738405346870422, 0.9755254983901978, 0.97806715965271, 0.9778386950492859, 0.9795236587524414, 0.9782099723815918, 0.9799805879592896, 0.9831505417823792, 0.9820653200149536, 0.9805517196655273, 0.9821510314941406, 0.9829506278038025, 0.9845499396324158, 0.9846070408821106, 0.9841501116752625, 0.9854352474212646, 0.9858921766281128, 0.9868060350418091, 0.9858636260032654, 0.986577570438385, 0.9873486161231995, 0.9866632223129272, 0.9878627061843872] 
Training f1 history = [0.8311928510665894, 0.8611586689949036, 0.8633561134338379, 0.8688641786575317, 0.8704337477684021, 0.8726598024368286, 0.8744291663169861, 0.8752567768096924, 0.8829051852226257, 0.8860729932785034, 0.8888983726501465, 0.8936643004417419, 0.8977453708648682, 0.9005992412567139, 0.9005422592163086, 0.9027111530303955, 0.9053937792778015, 0.9070205092430115, 0.9080764651298523, 0.9086757898330688, 0.9107590913772583, 0.9130421876907349, 0.9145833253860474, 0.9193207621574402, 0.9206621050834656, 0.9249714612960815, 0.9272830486297607, 0.9292522072792053, 0.9319634437561035, 0.9337328672409058, 0.9359589219093323, 0.9398401975631714, 0.9434645175933838, 0.9477168917655945, 0.9474315047264099, 0.9517408609390259, 0.9529680609703064, 0.9542807936668396, 0.9566495418548584, 0.9601027369499207, 0.9629566073417664, 0.9627283215522766, 0.9654965996742249, 0.9670376777648926, 0.9700342416763306, 0.971375584602356, 0.9702910780906677, 0.9734588861465454, 0.9737728238105774, 0.9755422472953796, 0.9780821800231934, 0.9778538942337036, 0.9795376658439636, 0.9782248735427856, 0.9799942970275879, 0.9830765128135681, 0.9820775985717773, 0.9803938269615173, 0.9819920063018799, 0.9829623103141785, 0.984560489654541, 0.9846175909042358, 0.9840753674507141, 0.9854452013969421, 0.9859018325805664, 0.9868150949478149, 0.985873281955719, 0.9865867495536804, 0.9873573184013367, 0.9866724014282227, 0.987870991230011] 
--- 
Validation loss history = [0.5004218220710754, 0.4031953513622284, 0.35777294635772705, 0.34160345792770386, 0.29785946011543274, 0.3050154447555542, 0.29428160190582275, 0.3275279402732849, 0.33770933747291565, 0.29005810618400574, 0.40531495213508606, 0.26373982429504395, 0.24896322190761566, 0.3289045989513397, 0.25605544447898865, 0.3363294303417206, 0.2408076822757721, 0.2431894838809967, 0.3027384877204895, 0.23439233005046844, 0.2894749045372009, 0.23363769054412842, 0.25748446583747864, 0.33772650361061096, 0.2383456826210022, 0.22099940478801727, 0.20941126346588135, 0.2657441198825836, 0.2779262959957123, 0.24096611142158508, 0.2003544718027115, 0.24433177709579468, 0.22354824841022491, 0.2326972484588623, 0.21383097767829895, 0.19317477941513062, 0.3968088626861572, 0.17708444595336914, 0.3001246154308319, 0.2694123685359955, 0.2950766086578369, 0.2570367157459259, 0.19926166534423828, 0.3505103886127472, 0.15440362691879272, 0.16685065627098083, 0.2895475924015045, 0.23920156061649323, 0.20058128237724304, 0.2516561448574066, 0.26809996366500854, 0.12647579610347748, 0.2874636948108673, 0.1542092114686966, 0.17469315230846405, 0.19555965065956116, 0.5711708068847656, 0.29010212421417236, 0.18620198965072632, 0.12758533656597137, 0.1184496283531189, 0.15839682519435883, 0.1683182567358017, 0.20601491630077362, 0.2551639974117279, 0.18558426201343536, 0.2312719076871872, 0.240164116024971, 0.1960856020450592, 0.37761300802230835, 0.1755039244890213] 
Validation accuracy history = [0.788743257522583, 0.8200976848602295, 0.8342328667640686, 0.8501670360565186, 0.8632742166519165, 0.8586481809616089, 0.8684142827987671, 0.8550500869750977, 0.8439989686012268, 0.8745823502540588, 0.8082755208015442, 0.8894885778427124, 0.8977126479148865, 0.8421999216079712, 0.8920586109161377, 0.8488820195198059, 0.9100488424301147, 0.9007967114448547, 0.8702133297920227, 0.9095348119735718, 0.885376513004303, 0.9054227471351624, 0.9007967114448547, 0.8797224164009094, 0.9087638258934021, 0.9100488424301147, 0.9128758907318115, 0.88486248254776, 0.8774093985557556, 0.9079927802085876, 0.9228990077972412, 0.9064508080482483, 0.9036237597465515, 0.9090208411216736, 0.9123618602752686, 0.9177589416503906, 0.8601901531219482, 0.9306091070175171, 0.8704703450202942, 0.8953996300697327, 0.8938575983047485, 0.9090208411216736, 0.9262400269508362, 0.8604471683502197, 0.9429452419281006, 0.9370341897010803, 0.885376513004303, 0.9131328463554382, 0.9244410395622253, 0.9015676975250244, 0.9087638258934021, 0.955795407295227, 0.8974556922912598, 0.9442302584648132, 0.9347211718559265, 0.929067075252533, 0.8316628336906433, 0.9031097292900085, 0.9403752088546753, 0.9560524225234985, 0.9619635343551636, 0.9450013041496277, 0.9439732432365417, 0.9223849773406982, 0.9108198285102844, 0.9336931109428406, 0.9298380613327026, 0.9210999608039856, 0.9360061883926392, 0.9115908741950989, 0.9414032101631165] 
Validation f1 history = [0.7885703444480896, 0.8203461170196533, 0.8342589735984802, 0.8499649167060852, 0.8632036447525024, 0.8585929870605469, 0.8681513667106628, 0.8546563982963562, 0.8438173532485962, 0.8744741082191467, 0.8083880543708801, 0.8895059823989868, 0.8977027535438538, 0.8418490290641785, 0.8918921947479248, 0.848508894443512, 0.9099977612495422, 0.9007765054702759, 0.8701196908950806, 0.9096607565879822, 0.8850570917129517, 0.9053871035575867, 0.9009516835212708, 0.8795970678329468, 0.9088922739028931, 0.9101729989051819, 0.9126400947570801, 0.8848953247070312, 0.8774670362472534, 0.9081238508224487, 0.9229803681373596, 0.9067622423171997, 0.903769314289093, 0.9091484546661377, 0.91230309009552, 0.9176822304725647, 0.8601298928260803, 0.9308401346206665, 0.8702005743980408, 0.8952220678329468, 0.8938604593276978, 0.9091483950614929, 0.9264855980873108, 0.8605613112449646, 0.9429599642753601, 0.9370685815811157, 0.8854076266288757, 0.913246750831604, 0.9243420362472534, 0.9017201662063599, 0.9087170362472534, 0.9557673335075378, 0.897621750831604, 0.9442406892776489, 0.9347631931304932, 0.9293032288551331, 0.8316975235939026, 0.9032570123672485, 0.9405737519264221, 0.9560234546661377, 0.9620901346206665, 0.944658637046814, 0.9438093304634094, 0.9221175909042358, 0.9107662439346313, 0.933738648891449, 0.9297212362289429, 0.9211873412132263, 0.9362192749977112, 0.9117099642753601, 0.9414230585098267] 
--- 
Radius of the CI = 0.0040117393209703825 
True classification of the model is likely between 0.9534263123796216 and 0.9614497910215625 
--- 
Test accuracy = 0.957438051700592 
Confusion matrix (0 | 1) = 
 [[4553  332]
 [  82 4760]] 
--- 
