This file contains information about the lstm model 
Analysis directory = C:\Users\cdetr\Documents\GitHub\nomics\jawac_processing_nomics/data/awake_sleep_analysis_update 
--- 
Segmentation value = 360.0 
Downsampling value = 1.0 
Signal frequency = 1.0 Hz 
Batch size = 16 
Standard scale = 0 
Stateful = 0 
Sliding window = 1 
Center of interest = 120 
Full sequence = 0 
Return sequences = 1 
Data balancing = 1 
--- 
Log time = 08-04-2022 17-31-16 
--- 
Num of epochs = 100, early stop after 58 epochs 
Epochs training computation time history (in sec) = [71.96976351737976, 59.5989887714386, 58.652132511138916, 58.250927209854126, 54.94883465766907, 54.71794843673706, 56.33238339424133, 54.99956297874451, 54.48562002182007, 55.62502908706665, 54.609036922454834, 55.59950661659241, 55.73679542541504, 53.03691506385803, 52.62882924079895, 52.89424204826355, 53.06350922584534, 52.853673696517944, 53.26039481163025, 53.76818299293518, 59.94348740577698, 59.35201954841614, 59.323938846588135, 59.437344789505005, 59.095526695251465, 59.21614623069763, 59.4257333278656, 59.582231283187866, 62.01663661003113, 55.445807456970215, 57.501182317733765, 59.97999024391174, 57.03473496437073, 57.180126428604126, 57.791560649871826, 56.492634534835815, 54.017297983169556, 54.26754951477051, 57.896817207336426, 56.94906258583069, 56.91637659072876, 56.592901945114136, 56.664785385131836, 56.65128254890442, 57.50198221206665, 56.65270709991455, 56.62501549720764, 57.91759538650513, 60.84020924568176, 60.3231303691864, 58.97541069984436, 60.01064157485962, 60.39754819869995, 59.56565809249878, 58.71929383277893, 58.675541162490845, 59.43995714187622, 59.0517578125] 
Epochs training computation time mean (in sec) = 57.422481035364086 
--- 
Training loss history = [0.6137666702270508, 0.40624234080314636, 0.32663723826408386, 0.3103438913822174, 0.2900840938091278, 0.30811402201652527, 0.33862748742103577, 0.5766507387161255, 0.6680170893669128, 0.5993795394897461, 0.4332139194011688, 0.35632696747779846, 0.327224463224411, 0.3158916234970093, 0.3064146339893341, 0.2794343829154968, 0.2663405239582062, 0.26214709877967834, 0.25797799229621887, 0.2573969066143036, 0.2573334574699402, 0.2487052083015442, 0.24718952178955078, 0.24302460253238678, 0.2393377721309662, 0.23655590415000916, 0.34100988507270813, 0.3491535782814026, 0.3149290084838867, 0.2764180302619934, 0.2690128982067108, 0.2621793746948242, 0.24907301366329193, 0.24204330146312714, 0.23661492764949799, 0.23856516182422638, 0.23039455711841583, 0.23358194530010223, 0.23378147184848785, 0.24639250338077545, 0.24815164506435394, 0.24995532631874084, 0.24591851234436035, 0.27275440096855164, 0.2632637321949005, 0.25103774666786194, 0.26648080348968506, 0.2585947811603546, 0.24662578105926514, 0.23826636373996735, 0.24366502463817596, 0.2343730330467224, 0.2364203780889511, 0.24057678878307343, 0.2301747351884842, 0.22882527112960815, 0.22597569227218628, 0.21864071488380432] 
Training accuracy history = [0.6676445007324219, 0.8255173563957214, 0.863669216632843, 0.8693485260009766, 0.8791305422782898, 0.8691463470458984, 0.8557286858558655, 0.629996657371521, 0.5879077315330505, 0.6738357543945312, 0.8098576068878174, 0.8492887616157532, 0.8633391261100769, 0.8684254884719849, 0.8753761649131775, 0.88563072681427, 0.8908383250236511, 0.891461968421936, 0.8941500782966614, 0.8935143947601318, 0.8923484683036804, 0.8968722224235535, 0.8998505473136902, 0.9017331004142761, 0.9017571806907654, 0.9026469588279724, 0.8468514084815979, 0.8499115705490112, 0.8651424050331116, 0.8838170766830444, 0.8880476951599121, 0.8923588395118713, 0.8975066542625427, 0.901820719242096, 0.9054118990898132, 0.9037638902664185, 0.9046516418457031, 0.9077653288841248, 0.9049630165100098, 0.8997525572776794, 0.9010903239250183, 0.8965649604797363, 0.9008698463439941, 0.8877424597740173, 0.891449511051178, 0.8971030712127686, 0.8914889693260193, 0.894075334072113, 0.8972749710083008, 0.9020698666572571, 0.9009429216384888, 0.9040346145629883, 0.9029036164283752, 0.9021433591842651, 0.9062792658805847, 0.9071919322013855, 0.9075672626495361, 0.9129156470298767] 
Training f1 history = [0.6683385372161865, 0.825831949710846, 0.8639538884162903, 0.8696209788322449, 0.8783387541770935, 0.8683756589889526, 0.8560065627098083, 0.6302177309989929, 0.586697518825531, 0.6739482283592224, 0.8096544146537781, 0.8495833873748779, 0.8636103868484497, 0.8687002658843994, 0.8755232691764832, 0.8856896758079529, 0.8910659551620483, 0.8916885852813721, 0.8943712115287781, 0.8928464651107788, 0.8919114470481873, 0.897087574005127, 0.9000598192214966, 0.9008941054344177, 0.9019593596458435, 0.902336835861206, 0.8471713662147522, 0.8502250909805298, 0.8654152750968933, 0.8823307752609253, 0.8882819414138794, 0.8915395736694336, 0.8977205753326416, 0.9020169377326965, 0.9056094288825989, 0.9039648771286011, 0.9038069248199463, 0.9078912734985352, 0.9051620960235596, 0.8999617099761963, 0.901296854019165, 0.8967806100845337, 0.9010767936706543, 0.8879770636558533, 0.8916733860969543, 0.8973033428192139, 0.8906188607215881, 0.8932494521141052, 0.8974897861480713, 0.9022742509841919, 0.9004769921302795, 0.904194176197052, 0.9025059342384338, 0.9020627737045288, 0.9064721465110779, 0.9071767926216125, 0.9077309370040894, 0.9129703044891357] 
--- 
Validation loss history = [0.4569048583507538, 0.32105961441993713, 0.295217365026474, 0.3014252483844757, 0.30184346437454224, 0.28818899393081665, 0.3345540165901184, 0.6688891649246216, 0.6611243486404419, 0.5043795704841614, 0.41440099477767944, 0.3348195552825928, 0.3060895800590515, 0.3207830488681793, 0.2995232343673706, 0.26713716983795166, 0.2534097731113434, 0.27114632725715637, 0.25235608220100403, 0.2468225061893463, 0.254138708114624, 0.28692302107810974, 0.25102972984313965, 0.2511218190193176, 0.2597557008266449, 0.2600416839122772, 0.39106419682502747, 0.3616820275783539, 0.27680808305740356, 0.29209810495376587, 0.2703041732311249, 0.27335184812545776, 0.23951880633831024, 0.23717857897281647, 0.2378033846616745, 0.2476266771554947, 0.24130940437316895, 0.23604534566402435, 0.2797694206237793, 0.2386702448129654, 0.2500518560409546, 0.26592737436294556, 0.26896581053733826, 0.2768748700618744, 0.24688337743282318, 0.27597105503082275, 0.27451300621032715, 0.28586068749427795, 0.24428771436214447, 0.2549285888671875, 0.24649544060230255, 0.2543388605117798, 0.25320306420326233, 0.24455028772354126, 0.2550443708896637, 0.23764780163764954, 0.24064815044403076, 0.24358826875686646] 
Validation accuracy history = [0.8015046119689941, 0.859808087348938, 0.8682534098625183, 0.8694780468940735, 0.8801112771034241, 0.874193549156189, 0.8626008033752441, 0.5800403356552124, 0.6028636693954468, 0.7690747976303101, 0.8384109735488892, 0.8631981611251831, 0.8730323910713196, 0.8785842061042786, 0.8665060997009277, 0.8890979886054993, 0.895631730556488, 0.8888851404190063, 0.8908340930938721, 0.9006757736206055, 0.8920997381210327, 0.8847819566726685, 0.8962253332138062, 0.8992756605148315, 0.8958296179771423, 0.8976777195930481, 0.8335610628128052, 0.8451313972473145, 0.8902404308319092, 0.8827994465827942, 0.8856070637702942, 0.8898297548294067, 0.897042989730835, 0.8989060521125793, 0.9027964472770691, 0.8960162997245789, 0.9014710187911987, 0.8961208462715149, 0.8748693466186523, 0.906085729598999, 0.8947543501853943, 0.8905764818191528, 0.8916218876838684, 0.8873879909515381, 0.8964830040931702, 0.888418436050415, 0.8944257497787476, 0.8925850987434387, 0.9019750356674194, 0.8977150321006775, 0.8943660259246826, 0.8958930969238281, 0.8996079564094543, 0.8939403891563416, 0.9020124077796936, 0.8993877172470093, 0.895907998085022, 0.9017249345779419] 
Validation f1 history = [0.8019614815711975, 0.861088752746582, 0.8696553111076355, 0.870866596698761, 0.8813868761062622, 0.875531792640686, 0.8640625476837158, 0.5831781029701233, 0.6041630506515503, 0.7704527974128723, 0.8396387100219727, 0.8646461963653564, 0.8743830919265747, 0.8798684477806091, 0.8679263591766357, 0.8902776837348938, 0.896742045879364, 0.8900671601295471, 0.8919916152954102, 0.9017324447631836, 0.8932475447654724, 0.8860076665878296, 0.8973292112350464, 0.9003472924232483, 0.8969377279281616, 0.8987662196159363, 0.8339205980300903, 0.8467788696289062, 0.8914079666137695, 0.884046196937561, 0.8868240118026733, 0.8910019993782043, 0.8981383442878723, 0.8999813795089722, 0.903830349445343, 0.8971225023269653, 0.902519166469574, 0.8972257971763611, 0.8762005567550659, 0.907084584236145, 0.8958737850189209, 0.8917405009269714, 0.8927747011184692, 0.8885858654975891, 0.8975841999053955, 0.8896055221557617, 0.8955488204956055, 0.893727719783783, 0.9030178189277649, 0.8988031148910522, 0.8954896926879883, 0.8970005512237549, 0.9006760120391846, 0.8950686454772949, 0.9030548334121704, 0.9004580974578857, 0.8970153331756592, 0.9027702808380127] 
--- 
Radius of the CI = 0.016203453514398586 
True classification of the model is likely between 0.8842114901806698 and 0.9166183972094669 
--- 
Test accuracy = 0.9004149436950684 
Confusion matrix (0 | 1) = 
 [[204769  24863]
 [ 22173 220515]] 
--- 
