This file contains information about the lstm model 
Analysis directory = C:\Users\cdetr\Documents\GitHub\nomics\jawac_processing_nomics/data/awake_sleep_analysis 
--- 
Segmentation value = 180.0 
Downsampling value = 1.0 
Signal frequency = 1.0 Hz 
Batch size = 32 
Standard scale = 0 
Stateful = 0 
Sliding window = 1 
Center of interest = 60 
Full sequence = 0 
Data balancing = 1 
--- 
Log time = 31-03-2022 14-37-44 
--- 
Num of epochs = 100, early stop after 72 epochs 
Epochs training computation time history (in sec) = [35.9365873336792, 31.84706211090088, 31.868126153945923, 31.083374977111816, 30.821085214614868, 32.357985496520996, 32.54417967796326, 32.04511857032776, 31.953142166137695, 29.881715297698975, 30.08564829826355, 31.139684438705444, 30.5104079246521, 30.818225860595703, 30.37323832511902, 30.817450523376465, 30.43725347518921, 29.922963857650757, 30.61969256401062, 30.736151218414307, 30.118961095809937, 30.277037858963013, 30.21743106842041, 30.614808320999146, 30.248656749725342, 30.268955945968628, 31.003085136413574, 30.29347324371338, 30.39577841758728, 30.45798897743225, 30.313548803329468, 30.185559511184692, 30.45492720603943, 30.964214324951172, 30.553278923034668, 30.772907733917236, 30.439136743545532, 30.551700353622437, 30.570443630218506, 30.360675811767578, 29.911257028579712, 31.02953338623047, 31.594321489334106, 30.518489599227905, 30.617566347122192, 30.11129355430603, 30.443033695220947, 30.85257124900818, 30.669673204421997, 30.66749930381775, 30.171976566314697, 30.87390446662903, 30.923067808151245, 30.586512804031372, 30.244168758392334, 30.375722408294678, 28.78915500640869, 26.60800838470459, 27.35886025428772, 27.027031421661377, 26.572765827178955, 26.155892372131348, 26.527071714401245, 26.67029118537903, 26.868229150772095, 26.522488117218018, 26.395066022872925, 26.75166368484497, 26.497912645339966, 26.79435896873474, 26.983367681503296, 27.18602967262268] 
Epochs training computation time mean (in sec) = 29.918895098898147 
--- 
Training loss history = [0.6736186742782593, 0.6372666954994202, 0.5502989888191223, 0.5437175035476685, 0.6301676630973816, 0.6175613403320312, 0.6319089531898499, 0.6140092611312866, 0.6397534608840942, 0.6047168970108032, 0.566656231880188, 0.46082380414009094, 0.43648555874824524, 0.38584062457084656, 0.3743573725223541, 0.36257660388946533, 0.35711249709129333, 0.347411572933197, 0.39662548899650574, 0.35862892866134644, 0.3460404872894287, 0.38454338908195496, 0.35997894406318665, 0.33872053027153015, 0.33087942004203796, 0.3284957706928253, 0.32551896572113037, 0.3217594623565674, 0.32875898480415344, 0.32810303568840027, 0.32197871804237366, 0.3024488687515259, 0.29368942975997925, 0.28009316325187683, 0.27734652161598206, 0.26758119463920593, 0.2657238245010376, 0.2518312633037567, 0.24727043509483337, 0.24463921785354614, 0.23863238096237183, 0.23597653210163116, 0.2331572324037552, 0.23162314295768738, 0.22906817495822906, 0.22286105155944824, 0.21986566483974457, 0.22913432121276855, 0.21694985032081604, 0.21223314106464386, 0.2063262164592743, 0.20698320865631104, 0.20014549791812897, 0.2026502639055252, 0.19845567643642426, 0.19296041131019592, 0.18968068063259125, 0.1922418773174286, 0.19989341497421265, 0.1810503900051117, 0.18132489919662476, 0.17729292809963226, 0.17400935292243958, 0.17023822665214539, 0.16970743238925934, 0.17230407893657684, 0.1674909144639969, 0.15951398015022278, 0.162119522690773, 0.15434293448925018, 0.1530800610780716, 0.153769850730896] 
Training accuracy history = [0.574808657169342, 0.634000837802887, 0.719987154006958, 0.6951614022254944, 0.6302850246429443, 0.6504107713699341, 0.6326349973678589, 0.6625624895095825, 0.6245003938674927, 0.6686685085296631, 0.7028943300247192, 0.7911301851272583, 0.8046277165412903, 0.8281679749488831, 0.8345552086830139, 0.8420872688293457, 0.8420270085334778, 0.8459035754203796, 0.8174222111701965, 0.8430513739585876, 0.8459437489509583, 0.822162389755249, 0.8409825563430786, 0.852049708366394, 0.8551830649375916, 0.8560266494750977, 0.8553638458251953, 0.8578946590423584, 0.852571964263916, 0.8536967635154724, 0.8566292524337769, 0.8685399889945984, 0.875750720500946, 0.881555438041687, 0.8825396299362183, 0.8879426121711731, 0.8885653018951416, 0.8957358598709106, 0.8968204259872437, 0.8981661796569824, 0.9010986685752869, 0.9014200568199158, 0.9030871391296387, 0.9044931530952454, 0.9046940207481384, 0.9080683588981628, 0.9098559617996216, 0.9047743678092957, 0.9099563956260681, 0.9127081632614136, 0.9138931632041931, 0.9132705330848694, 0.9175487756729126, 0.915379524230957, 0.9184526205062866, 0.9195372462272644, 0.9224094748497009, 0.9203205704689026, 0.9165846705436707, 0.9264466762542725, 0.9260047674179077, 0.9281137585639954, 0.9275513887405396, 0.9314078092575073, 0.9298009276390076, 0.9299214482307434, 0.9304236173629761, 0.9349830150604248, 0.9335569739341736, 0.9386587142944336, 0.9373732209205627, 0.9378753304481506] 
Training f1 history = [0.5748215913772583, 0.6340003609657288, 0.7199891209602356, 0.6951621770858765, 0.6302960515022278, 0.6504160165786743, 0.6326309442520142, 0.6625480055809021, 0.6245120167732239, 0.6686719655990601, 0.7028868794441223, 0.7911250591278076, 0.8046212196350098, 0.828177809715271, 0.8345605731010437, 0.8420807719230652, 0.8420316576957703, 0.8459003567695618, 0.8174182176589966, 0.8430485129356384, 0.8459479808807373, 0.8221765160560608, 0.8409798741340637, 0.8520384430885315, 0.855190098285675, 0.8560299277305603, 0.8553522229194641, 0.857890248298645, 0.8525755405426025, 0.8536890745162964, 0.856624960899353, 0.868545651435852, 0.8757519721984863, 0.8815597891807556, 0.8825252652168274, 0.8879426717758179, 0.8885726928710938, 0.8957351446151733, 0.8968232870101929, 0.8981651663780212, 0.9010899662971497, 0.9014188051223755, 0.9030930995941162, 0.9044990539550781, 0.9046960473060608, 0.9080626964569092, 0.9098426699638367, 0.9047726988792419, 0.9099467992782593, 0.9126946330070496, 0.9138906002044678, 0.9132717251777649, 0.9175494909286499, 0.9153805375099182, 0.9184570908546448, 0.9195303916931152, 0.9224098324775696, 0.9203136563301086, 0.9165818095207214, 0.9264503717422485, 0.9260084629058838, 0.9281135201454163, 0.9275512099266052, 0.9314146637916565, 0.9297968745231628, 0.9299284815788269, 0.9304268956184387, 0.9349858164787292, 0.9335561990737915, 0.9386537075042725, 0.9373757839202881, 0.9378778338432312] 
--- 
Validation loss history = [0.6636857986450195, 0.6198821067810059, 0.4271163046360016, 0.6136772632598877, 0.6380724906921387, 0.5926815271377563, 0.6217642426490784, 0.5962044596672058, 0.6298251152038574, 0.5368635058403015, 0.5228314995765686, 0.400556355714798, 0.4006684422492981, 0.3713996410369873, 0.4025621712207794, 0.3629959225654602, 0.3518589437007904, 0.3472594916820526, 0.36814361810684204, 0.35558193922042847, 0.34499800205230713, 0.396353155374527, 0.3568859398365021, 0.3541806638240814, 0.3731321394443512, 0.33495354652404785, 0.3339740037918091, 0.33756405115127563, 0.337319940328598, 0.3309023976325989, 0.32678547501564026, 0.2974764406681061, 0.29984068870544434, 0.2769656777381897, 0.2766861617565155, 0.2589324414730072, 0.27400216460227966, 0.2670342028141022, 0.2645787000656128, 0.25016582012176514, 0.253874808549881, 0.25495004653930664, 0.25381430983543396, 0.2429169863462448, 0.23747114837169647, 0.24280817806720734, 0.2612748146057129, 0.2864997684955597, 0.23987343907356262, 0.2497587651014328, 0.2293073832988739, 0.23529455065727234, 0.23133695125579834, 0.2524496912956238, 0.2309209257364273, 0.2406298965215683, 0.22367672622203827, 0.22198714315891266, 0.23241068422794342, 0.2236163318157196, 0.23047132790088654, 0.20901843905448914, 0.2099582403898239, 0.211645245552063, 0.21689899265766144, 0.21107250452041626, 0.21114328503608704, 0.2117215394973755, 0.21660226583480835, 0.22707629203796387, 0.2125098705291748, 0.21523703634738922] 
Validation accuracy history = [0.5833333134651184, 0.6581706404685974, 0.8056760430335999, 0.6442516446113586, 0.6359363794326782, 0.6720896363258362, 0.6538322567939758, 0.6939623951911926, 0.6399132609367371, 0.7286695837974548, 0.7348155975341797, 0.8224873542785645, 0.8172451257705688, 0.8358640670776367, 0.8172451257705688, 0.8416485786437988, 0.8443601131439209, 0.8481561541557312, 0.838394820690155, 0.8439985513687134, 0.8519522547721863, 0.8279103636741638, 0.8429139256477356, 0.8526753187179565, 0.8221257925033569, 0.8552060723304749, 0.8546637892723083, 0.8580983281135559, 0.848336935043335, 0.8477946519851685, 0.8617136478424072, 0.8750903606414795, 0.8785249590873718, 0.8794288039207458, 0.8790672421455383, 0.8909978270530701, 0.8848517537117004, 0.8886478543281555, 0.8895516991615295, 0.8960592746734619, 0.8920824527740479, 0.8911786079406738, 0.8956977725028992, 0.89786696434021, 0.9054591655731201, 0.8985900282859802, 0.8857555985450745, 0.876355767250061, 0.9049168229103088, 0.898770809173584, 0.9078091382980347, 0.9036514759063721, 0.902747631072998, 0.8922631740570068, 0.9056398868560791, 0.9083514213562012, 0.9087129235267639, 0.9150397777557373, 0.9079898595809937, 0.9150397777557373, 0.9112436771392822, 0.9177512526512146, 0.9154012799263, 0.9121475219726562, 0.9119667410850525, 0.9210050702095032, 0.9161243438720703, 0.9163051247596741, 0.9186550974845886, 0.9148589968681335, 0.9157628417015076, 0.9186550974845886] 
Validation f1 history = [0.583427906036377, 0.6581595540046692, 0.8057131767272949, 0.6442763805389404, 0.6358897089958191, 0.6721200942993164, 0.6537726521492004, 0.6940028667449951, 0.6398636698722839, 0.7286849021911621, 0.7347749471664429, 0.8224607110023499, 0.8171964287757874, 0.8358277678489685, 0.8172222971916199, 0.8416081070899963, 0.8443692326545715, 0.8481625914573669, 0.8384082913398743, 0.8440079689025879, 0.8519559502601624, 0.8279314041137695, 0.842924177646637, 0.8526526689529419, 0.8220994472503662, 0.8551815748214722, 0.8546396493911743, 0.8580976128578186, 0.8483173847198486, 0.8478013277053833, 0.8617103099822998, 0.8751289248466492, 0.8785352110862732, 0.8794642090797424, 0.8791286945343018, 0.8910506367683411, 0.8849090337753296, 0.8886250257492065, 0.889553964138031, 0.8961084485054016, 0.8921344876289368, 0.8912055492401123, 0.895721435546875, 0.8979148268699646, 0.9055015444755554, 0.8986373543739319, 0.8857606053352356, 0.8763418197631836, 0.9049338698387146, 0.8987922668457031, 0.907875657081604, 0.903721034526825, 0.9028178453445435, 0.8923409581184387, 0.9056821465492249, 0.9083917140960693, 0.9087787866592407, 0.915101170539856, 0.9080562591552734, 0.915101170539856, 0.911307692527771, 0.9177848696708679, 0.9154624342918396, 0.9122108817100525, 0.9119787216186523, 0.9210363030433655, 0.9161590337753296, 0.9163397550582886, 0.9186880588531494, 0.9148430824279785, 0.9158236980438232, 0.9187138080596924] 
--- 
Radius of the CI = 0.005365612740444212 
True classification of the model is likely between 0.915150639777256 and 0.9258818652581444 
--- 
Test accuracy = 0.9205162525177002 
Confusion matrix (0 | 1) = 
 [[4553  284]
 [ 492 4434]] 
--- 
