This file contains information about the resnet model 
Analysis directory = C:\Users\cdetr\Documents\GitHub\nomics\nomics-AI/data/task2/tfe/without_oe/analysis_backup 
--- 
Segmentation value = 180.0 
Downsampling value = 1.0 
Signal frequency = 1.0 Hz 
Batch size = 32 
Standard scale = 0 
Stateful = 0 
Sliding window = 0 
Center of interest = 90 
Full sequence = 0 
Return sequences = 0 
Data balancing = 1 
--- 
Log time = 14-06-2022 23-32-38 
--- 
Num of epochs = 100, early stop after 47 epochs 
Epochs training computation time history (in sec) = [59.487000465393066, 51.45396661758423, 30.960988521575928, 26.939998865127563, 24.532999753952026, 73.5870008468628, 24.524988651275635, 21.165997982025146, 23.60699701309204, 29.87400197982788, 31.65000033378601, 29.749997854232788, 32.24799823760986, 28.62501072883606, 28.94100308418274, 30.835000038146973, 32.536999225616455, 32.388999462127686, 32.66000294685364, 33.579002141952515, 32.50599980354309, 32.15700101852417, 25.78300142288208, 26.802998304367065, 30.372999668121338, 31.56499981880188, 34.29401087760925, 34.54300141334534, 32.10600185394287, 35.23097252845764, 44.48398542404175, 37.23299956321716, 29.79299759864807, 25.42400312423706, 28.094000816345215, 29.424983263015747, 43.57599663734436, 32.21501278877258, 34.368998527526855, 26.311999082565308, 27.045002460479736, 29.136000871658325, 24.12199091911316, 21.450000524520874, 24.81499695777893, 23.80600094795227, 25.01598310470581] 
Epochs training computation time mean (in sec) = 31.936678597267637 
--- 
Training loss history = [0.43140360713005066, 0.3540187478065491, 0.34693485498428345, 0.3468647599220276, 0.3334319591522217, 0.32799315452575684, 0.3373255431652069, 0.33331915736198425, 0.33700454235076904, 0.3269447684288025, 0.3215011656284332, 0.3209054470062256, 0.32415109872817993, 0.32103973627090454, 0.3115261495113373, 0.29397517442703247, 0.28580334782600403, 0.27312907576560974, 0.26602399349212646, 0.2649179697036743, 0.25857463479042053, 0.2608892321586609, 0.25777295231819153, 0.2554216682910919, 0.24335899949073792, 0.24457813799381256, 0.2427910417318344, 0.2391628473997116, 0.23959842324256897, 0.23755639791488647, 0.2351301908493042, 0.23078228533267975, 0.22361145913600922, 0.22280985116958618, 0.21824263036251068, 0.21202711760997772, 0.2116733342409134, 0.2105066478252411, 0.2038516104221344, 0.19934837520122528, 0.18944516777992249, 0.18730013072490692, 0.1870865672826767, 0.18133176863193512, 0.17300356924533844, 0.16742968559265137, 0.16345730423927307] 
Training accuracy history = [0.8035988807678223, 0.8447105288505554, 0.8500255942344666, 0.8488088846206665, 0.8545722365379333, 0.8596311211585999, 0.8523949980735779, 0.8541880249977112, 0.8515625, 0.857710063457489, 0.860399603843689, 0.860399603843689, 0.8580302000045776, 0.8588626980781555, 0.8644338846206665, 0.8762807250022888, 0.8827484846115112, 0.8859503269195557, 0.8920978307723999, 0.892289936542511, 0.8938908576965332, 0.8912013173103333, 0.8954917788505554, 0.895555853843689, 0.9002945423126221, 0.9018314480781555, 0.9043288826942444, 0.904585063457489, 0.9037525653839111, 0.9042007923126221, 0.9054815769195557, 0.9058017134666443, 0.9100281596183777, 0.9109887480735779, 0.9105404615402222, 0.9137423038482666, 0.9146388173103333, 0.9175845384597778, 0.9180327653884888, 0.9211705923080444, 0.9250768423080444, 0.9264856576919556, 0.9252049326896667, 0.9285988807678223, 0.9305840134620667, 0.9318007230758667, 0.9350025653839111] 
Training f1 history = [0.8035988211631775, 0.8447104692459106, 0.8500255346298218, 0.8488088250160217, 0.8545721769332886, 0.8596310615539551, 0.8523949384689331, 0.8541879653930664, 0.8515624403953552, 0.8577100038528442, 0.8603995442390442, 0.8603995442390442, 0.8580301403999329, 0.8588626980781555, 0.8644338250160217, 0.876280665397644, 0.8827484250068665, 0.8859502673149109, 0.8920977711677551, 0.8922898769378662, 0.8938907980918884, 0.8912013173103333, 0.8954917192459106, 0.895555853843689, 0.9002944827079773, 0.9018314480781555, 0.9043288230895996, 0.9045850038528442, 0.9037525057792664, 0.9042007923126221, 0.9054815769195557, 0.9058016538619995, 0.9100281596183777, 0.9109887480735779, 0.9105404615402222, 0.9137423038482666, 0.9146387577056885, 0.9175845384597778, 0.9180327653884888, 0.9211705923080444, 0.9250767827033997, 0.9264855980873108, 0.9252049326896667, 0.9285988807678223, 0.9305839538574219, 0.9318006634712219, 0.9350025653839111] 
--- 
Validation loss history = [0.8189961910247803, 0.3683699071407318, 0.5303246378898621, 0.4521196484565735, 0.4228525459766388, 0.5392263531684875, 0.5176630616188049, 0.48015791177749634, 0.3667049705982208, 0.3730565309524536, 0.4213683009147644, 0.49288803339004517, 0.4135918617248535, 0.36120545864105225, 0.47710373997688293, 0.3378610610961914, 0.315009742975235, 0.2950657308101654, 0.27773231267929077, 0.3437832295894623, 0.2936233580112457, 0.31512153148651123, 0.31456947326660156, 0.2962910234928131, 0.30221858620643616, 0.2933349311351776, 0.26788797974586487, 0.26174333691596985, 0.43090254068374634, 0.2895558476448059, 0.31083202362060547, 0.4098784625530243, 0.2510305941104889, 0.27859029173851013, 0.2628523111343384, 0.43769294023513794, 0.24293096363544464, 0.34142544865608215, 0.2672429382801056, 0.31789809465408325, 0.26516032218933105, 0.26495182514190674, 0.3071000874042511, 0.2990763485431671, 0.284307599067688, 0.27976128458976746, 0.4651104509830475] 
Validation accuracy history = [0.731566846370697, 0.8248847723007202, 0.7834101319313049, 0.8145161271095276, 0.8248847723007202, 0.757488489151001, 0.7788018584251404, 0.7932027578353882, 0.8387096524238586, 0.8375576138496399, 0.8197004795074463, 0.7960829734802246, 0.8260368704795837, 0.8410138487815857, 0.8047235012054443, 0.8467742204666138, 0.8709677457809448, 0.8813363909721375, 0.882488489151001, 0.8571428656578064, 0.8744239807128906, 0.8732718825340271, 0.875, 0.8773041367530823, 0.8761520981788635, 0.8732718825340271, 0.8951612710952759, 0.8928571343421936, 0.8081797361373901, 0.8876727819442749, 0.882488489151001, 0.8346773982048035, 0.9038018584251404, 0.8911290168762207, 0.8968893885612488, 0.8214285969734192, 0.9078341126441956, 0.8473502397537231, 0.8940092325210571, 0.8629032373428345, 0.8997696042060852, 0.9032257795333862, 0.8732718825340271, 0.8847926259040833, 0.8830645084381104, 0.9020737409591675, 0.7978110313415527] 
Validation f1 history = [0.7284089922904968, 0.8255681395530701, 0.7846590280532837, 0.8153408169746399, 0.8238635659217834, 0.7573862671852112, 0.7784090042114258, 0.7943181395530701, 0.8392044901847839, 0.8380681276321411, 0.820454478263855, 0.7971590161323547, 0.8267045021057129, 0.8414772152900696, 0.8056817650794983, 0.8471590280532837, 0.871022641658783, 0.8812500238418579, 0.8823862671852112, 0.8573862910270691, 0.8744317889213562, 0.8732953667640686, 0.8749999403953552, 0.8772726655006409, 0.876136302947998, 0.8732953667640686, 0.8948863744735718, 0.8926135897636414, 0.8039771914482117, 0.8874999284744263, 0.8823862671852112, 0.8352271914482117, 0.9034090042114258, 0.8909090757369995, 0.8965908288955688, 0.820454478263855, 0.9090909361839294, 0.8477271795272827, 0.895454466342926, 0.8630681037902832, 0.8994317650794983, 0.9028408527374268, 0.8715908527374268, 0.8846589922904968, 0.882954478263855, 0.9017044901847839, 0.7954545021057129] 
--- 
Radius of the CI = 0.009055981904564915 
True classification of the model is likely between 0.8876706263718023 and 0.9057825901809321 
--- 
Test accuracy = 0.8967266082763672 
Confusion matrix (0 | 1) = 
 [[1990  154]
 [ 294 1900]] 
--- 
