This file contains information about the resnet model 
Analysis directory = C:\Users\cdetr\Documents\GitHub\nomics\nomics-AI/data/task2/fusion/analysis 
--- 
Segmentation value = 300.0 
Downsampling value = 1.0 
Signal frequency = 1.0 Hz 
Batch size = 32 
Standard scale = 0 
Stateful = 0 
Sliding window = 0 
Center of interest = 120 
Full sequence = 0 
Return sequences = 0 
Data balancing = 1 
--- 
Log time = 15-06-2022 22-17-54 
--- 
Num of epochs = 100, early stop after 56 epochs 
Epochs training computation time history (in sec) = [12.49399995803833, 7.908995866775513, 7.446015357971191, 7.51699686050415, 7.466000080108643, 7.5880303382873535, 6.56199836730957, 7.082998752593994, 6.503010511398315, 6.642987251281738, 6.815998554229736, 6.768002033233643, 7.153037071228027, 6.888999938964844, 7.075998783111572, 6.527979612350464, 6.344003200531006, 7.251996278762817, 6.841967821121216, 7.092994451522827, 7.774955987930298, 6.931001663208008, 7.095974445343018, 7.876998424530029, 7.705042600631714, 8.018991708755493, 7.181040525436401, 7.6040003299713135, 7.841968059539795, 8.060030221939087, 6.96094822883606, 7.837998151779175, 7.208001375198364, 7.519996643066406, 7.335000276565552, 7.476032257080078, 7.012956857681274, 7.316006898880005, 7.550001621246338, 7.548002243041992, 7.669011354446411, 7.328999996185303, 7.115038633346558, 8.16496229171753, 7.710000038146973, 7.704998970031738, 8.230997800827026, 7.691998243331909, 8.344998359680176, 7.668998956680298, 7.251996755599976, 7.303998947143555, 7.398000240325928, 7.1489996910095215, 8.629001140594482, 7.206002712249756] 
Epochs training computation time mean (in sec) = 7.471338638237545 
--- 
Training loss history = [0.5051403641700745, 0.40574443340301514, 0.3583647906780243, 0.3532586097717285, 0.3568371534347534, 0.34143155813217163, 0.3373315632343292, 0.3472561836242676, 0.344105064868927, 0.33727896213531494, 0.3309979736804962, 0.3286154866218567, 0.3303980231285095, 0.33113357424736023, 0.3279273211956024, 0.3250964283943176, 0.32234951853752136, 0.309295654296875, 0.3101069927215576, 0.3099614083766937, 0.30340221524238586, 0.3075277507305145, 0.3063935935497284, 0.29476597905158997, 0.2947080731391907, 0.28842541575431824, 0.2878563404083252, 0.28628140687942505, 0.29018062353134155, 0.27932408452033997, 0.2792467176914215, 0.27415749430656433, 0.2626510262489319, 0.27081918716430664, 0.2581959068775177, 0.26009318232536316, 0.26525914669036865, 0.2508859634399414, 0.25396329164505005, 0.2473316788673401, 0.24264973402023315, 0.2384939193725586, 0.24425360560417175, 0.2386050671339035, 0.2343033403158188, 0.23092763125896454, 0.2269475758075714, 0.22088740766048431, 0.2226666957139969, 0.22210556268692017, 0.21721065044403076, 0.2110651433467865, 0.20861084759235382, 0.20705610513687134, 0.2003980427980423, 0.20276343822479248] 
Training accuracy history = [0.7595313191413879, 0.82012939453125, 0.8431269526481628, 0.8440014123916626, 0.8444386124610901, 0.8529205918312073, 0.8537076115608215, 0.8495977520942688, 0.8487233519554138, 0.8531829118728638, 0.857729971408844, 0.858254611492157, 0.8603532910346985, 0.8545820116996765, 0.8600909113883972, 0.864025890827179, 0.8644630908966064, 0.8697971105575562, 0.8703218102455139, 0.8687478303909302, 0.8720706701278687, 0.8718083500862122, 0.8751311898231506, 0.8766176700592041, 0.8801154494285583, 0.8841378092765808, 0.8829135894775391, 0.8819517493247986, 0.8804652094841003, 0.8866736888885498, 0.8887723088264465, 0.8871983289718628, 0.8920077085494995, 0.889734148979187, 0.8971668481826782, 0.89568030834198, 0.8923574686050415, 0.8984785079956055, 0.8972542881965637, 0.9001399278640747, 0.9011892080307007, 0.9025883078575134, 0.9004022479057312, 0.9038125276565552, 0.9066107273101807, 0.9082721471786499, 0.9100210070610046, 0.9133438467979431, 0.9098461270332336, 0.9105456471443176, 0.9137810468673706, 0.9163168668746948, 0.9161419868469238, 0.9164918065071106, 0.9202518463134766, 0.9207764863967896] 
Training f1 history = [0.7598055005073547, 0.8200069069862366, 0.8429642915725708, 0.8436917066574097, 0.84456467628479, 0.8527408242225647, 0.8539630174636841, 0.8495693206787109, 0.848987340927124, 0.8531482219696045, 0.8576873540878296, 0.8583565950393677, 0.8604514598846436, 0.8541083931922913, 0.86018967628479, 0.8638267517089844, 0.8646997213363647, 0.8700243830680847, 0.8702571392059326, 0.8685404062271118, 0.8720030784606934, 0.8717411756515503, 0.8753491044044495, 0.8762510418891907, 0.88032466173172, 0.8843401074409485, 0.8828269839286804, 0.8818668127059937, 0.8803828358650208, 0.8865804672241211, 0.8886754512786865, 0.8873951435089111, 0.8916141986846924, 0.8897811770439148, 0.8966189026832581, 0.8957169055938721, 0.8925452828407288, 0.8983647227287292, 0.8969972133636475, 0.9000232219696045, 0.9012162089347839, 0.9026128053665161, 0.9002850651741028, 0.9038349390029907, 0.9066282510757446, 0.9084322452545166, 0.9095960259437561, 0.9133495092391968, 0.909857988357544, 0.9102652668952942, 0.9137860536575317, 0.9163174033164978, 0.9162883162498474, 0.916346549987793, 0.9203909635543823, 0.9206238389015198] 
--- 
Validation loss history = [2.444213628768921, 0.45081886649131775, 0.4023304581642151, 0.4524768888950348, 0.6162855625152588, 0.3731650114059448, 0.3797346353530884, 0.7717927098274231, 0.48761245608329773, 0.4230137765407562, 0.5387694239616394, 0.44223088026046753, 0.4751904308795929, 0.41429680585861206, 0.5830457210540771, 0.36377695202827454, 0.5070664286613464, 0.3492546081542969, 0.34608250856399536, 0.39441460371017456, 0.33702170848846436, 0.32967904210090637, 0.40140512585639954, 0.3289114832878113, 0.7323756217956543, 0.47866305708885193, 0.3820081353187561, 0.467518150806427, 0.37598785758018494, 0.3070017695426941, 0.35935428738594055, 0.3170812726020813, 0.3129771053791046, 0.3044078052043915, 0.4314182996749878, 0.34868043661117554, 0.31421959400177, 0.362931489944458, 0.2974335253238678, 0.29530224204063416, 0.3366175889968872, 0.5258002281188965, 0.2813517451286316, 0.27752047777175903, 0.386721670627594, 0.2623870372772217, 0.27928847074508667, 0.28112292289733887, 0.28480100631713867, 0.2852533757686615, 0.2971400320529938, 0.29936322569847107, 0.30642250180244446, 0.3009127080440521, 0.35532087087631226, 0.31528106331825256] 
Validation accuracy history = [0.5979543924331665, 0.7875688672065735, 0.825334370136261, 0.789929211139679, 0.7301337718963623, 0.8410699963569641, 0.8363493084907532, 0.6538158655166626, 0.763965368270874, 0.8198269009590149, 0.7608182430267334, 0.8143194317817688, 0.7977970242500305, 0.8324154019355774, 0.7663257122039795, 0.8371360898017883, 0.7765538692474365, 0.8410699963569641, 0.8512982130050659, 0.8387096524238586, 0.8528717756271362, 0.861526370048523, 0.8332021832466125, 0.856805682182312, 0.7442958354949951, 0.789929211139679, 0.8237608075141907, 0.8174665570259094, 0.8324154019355774, 0.8701809644699097, 0.8575924634933472, 0.8662470579147339, 0.8756884336471558, 0.87175452709198, 0.8064516186714172, 0.8560189008712769, 0.861526370048523, 0.8497246503829956, 0.8772619962692261, 0.8874901533126831, 0.8528717756271362, 0.6640440821647644, 0.8796223402023315, 0.8811959028244019, 0.8190401196479797, 0.9000786542892456, 0.8796223402023315, 0.8764752149581909, 0.8788355588912964, 0.8906372785568237, 0.8686074018478394, 0.881982684135437, 0.8898504972457886, 0.8906372785568237, 0.8749016523361206, 0.861526370048523] 
Validation f1 history = [0.5974184274673462, 0.7860053777694702, 0.8247281908988953, 0.7886548638343811, 0.7292798757553101, 0.8403531908988953, 0.8356657028198242, 0.6525814533233643, 0.7628735899925232, 0.8186479806900024, 0.7597485780715942, 0.8134850263595581, 0.7961616516113281, 0.8326765298843384, 0.7652173638343811, 0.8364469408988953, 0.775067925453186, 0.8406588435173035, 0.8508151173591614, 0.8380094766616821, 0.8517662286758423, 0.8612771034240723, 0.8322349786758423, 0.8565896153450012, 0.7433423399925232, 0.7883491516113281, 0.8231657147407532, 0.8159985542297363, 0.8314536809921265, 0.8698708415031433, 0.8570650815963745, 0.8659645915031433, 0.8753396272659302, 0.8714333772659302, 0.8056725263595581, 0.8551969528198242, 0.8609713315963745, 0.8489469289779663, 0.8769021034240723, 0.8867526054382324, 0.8529890179634094, 0.6639605760574341, 0.8792458772659302, 0.8811140060424805, 0.8175610303878784, 0.8995583653450012, 0.8792458772659302, 0.8761208653450012, 0.877853274345398, 0.8901833295822144, 0.8673912286758423, 0.8818952441215515, 0.8890963792800903, 0.8904889822006226, 0.8742526173591614, 0.8609713315963745] 
--- 
Radius of the CI = 0.010436404513235558 
True classification of the model is likely between 0.8894691578875823 and 0.9103419669140534 
--- 
Test accuracy = 0.8999055624008179 
Confusion matrix (0 | 1) = 
 [[1437  128]
 [ 190 1422]] 
--- 
