This file contains information about the lstm model 
Analysis directory = C:\Users\cdetr\Documents\GitHub\nomics\jawac_processing_nomics/data/awake_sleep_analysis 
--- 
Segmentation value = 180.0 
Downsampling value = 1.0 
Signal frequency = 1.0 Hz 
Batch size = 16 
Standard scale = 0 
Stateful = 0 
Sliding window = 1 
Center of interest = 60 
Full sequence = 0 
Data balancing = 1 
--- 
Log time = 01-04-2022 19-56-57 
--- 
Num of epochs = 100, early stop after 41 epochs 
Epochs training computation time history (in sec) = [84.84191513061523, 74.68152284622192, 76.91473007202148, 78.84110355377197, 67.8472056388855, 65.42491006851196, 66.59570121765137, 64.94238877296448, 66.56368494033813, 66.82807564735413, 65.42800545692444, 66.62879252433777, 66.34072804450989, 66.28049349784851, 68.34677839279175, 67.3525607585907, 68.26753640174866, 69.86698246002197, 69.87495827674866, 69.29821586608887, 76.59722471237183, 83.88072371482849, 86.31696653366089, 83.24202823638916, 78.58108019828796, 78.07506227493286, 78.38519382476807, 79.60848593711853, 65.88349342346191, 64.14305830001831, 77.01365041732788, 78.98711967468262, 86.16457390785217, 89.22284078598022, 91.18299341201782, 86.73620343208313, 83.90768933296204, 84.28483247756958, 83.93339943885803, 79.66098475456238, 77.44034671783447] 
Epochs training computation time mean (in sec) = 75.22961563598818 
--- 
Training loss history = [0.6777712106704712, 0.6567494869232178, 0.5705711245536804, 0.46524283289909363, 0.3978976607322693, 0.36511483788490295, 0.35441476106643677, 0.34287869930267334, 0.33973559737205505, 0.3324325680732727, 0.32810863852500916, 0.3244319558143616, 0.32348689436912537, 0.3177608549594879, 0.3066094219684601, 0.2816333770751953, 0.26873406767845154, 0.26288002729415894, 0.26325979828834534, 0.25528353452682495, 0.2515057325363159, 0.24269136786460876, 0.2459879219532013, 0.23628433048725128, 0.23297522962093353, 0.22648686170578003, 0.2269688993692398, 0.22659200429916382, 0.22355613112449646, 0.21551057696342468, 0.21248318254947662, 0.20589017868041992, 0.21562238037586212, 0.2108488380908966, 0.2016383707523346, 0.48171940445899963, 0.5149168372154236, 0.5068274140357971, 0.5069047212600708, 0.5163915157318115, 0.5362117290496826] 
Training accuracy history = [0.5712937116622925, 0.6128507256507874, 0.704240083694458, 0.7836784720420837, 0.8252354860305786, 0.8406411409378052, 0.8444774746894836, 0.8503826260566711, 0.8525518774986267, 0.8546206951141357, 0.8560266494750977, 0.8578343987464905, 0.8593207001686096, 0.8618515133857727, 0.8675758838653564, 0.8791652321815491, 0.8859943151473999, 0.8887059092521667, 0.8905336856842041, 0.8925623297691345, 0.8946512341499329, 0.8981460928916931, 0.8987085223197937, 0.9020828604698181, 0.9032880067825317, 0.9067427515983582, 0.9054974317550659, 0.9062405824661255, 0.9093940258026123, 0.9123064279556274, 0.9137124419212341, 0.9143350720405579, 0.9122059941291809, 0.9130897521972656, 0.9185731410980225, 0.7646574378013611, 0.7498543858528137, 0.7537108063697815, 0.7567839026451111, 0.7498945593833923, 0.730632483959198] 
Training f1 history = [0.5712636709213257, 0.612843930721283, 0.7042514085769653, 0.7836727499961853, 0.8252347707748413, 0.840657114982605, 0.844474732875824, 0.8503885269165039, 0.8525484204292297, 0.8546169400215149, 0.8560319542884827, 0.8578303456306458, 0.8593165278434753, 0.8618471026420593, 0.8675708770751953, 0.8791682720184326, 0.8860057592391968, 0.8887079358100891, 0.8905264139175415, 0.8925639986991882, 0.8946617245674133, 0.8981472253799438, 0.8987186551094055, 0.9020744562149048, 0.9032886028289795, 0.9067521095275879, 0.9054886102676392, 0.906231701374054, 0.9093940258026123, 0.9123061299324036, 0.9137119650840759, 0.9143436551094055, 0.9121965169906616, 0.9130985140800476, 0.9185813069343567, 0.764635443687439, 0.7498611211776733, 0.753699004650116, 0.7567625641822815, 0.7498831152915955, 0.7306230068206787] 
--- 
Validation loss history = [0.6707800626754761, 0.6394394636154175, 0.4910636246204376, 0.41018417477607727, 0.36119964718818665, 0.39386534690856934, 0.34185540676116943, 0.3315264582633972, 0.3235693573951721, 0.3245306611061096, 0.3259514272212982, 0.330392062664032, 0.3196883201599121, 0.315606951713562, 0.3018028736114502, 0.27958565950393677, 0.2637175917625427, 0.2630196511745453, 0.30775120854377747, 0.2648593783378601, 0.25226038694381714, 0.26576048135757446, 0.2712080180644989, 0.2599620819091797, 0.24890683591365814, 0.24080632627010345, 0.2336861789226532, 0.25244152545928955, 0.2375868260860443, 0.2565053701400757, 0.22580255568027496, 0.2553868591785431, 0.23918357491493225, 0.23295392096042633, 0.22705964744091034, 0.5065922737121582, 0.5205053687095642, 0.4882741868495941, 0.49014967679977417, 0.4949600398540497, 0.5936800241470337] 
Validation accuracy history = [0.5714027285575867, 0.6323210597038269, 0.7800072431564331, 0.8145336508750916, 0.8367679119110107, 0.8244757652282715, 0.8497830629348755, 0.8533983826637268, 0.8548445701599121, 0.8537599444389343, 0.8591829538345337, 0.8553868532180786, 0.8586406111717224, 0.8644251823425293, 0.859906017780304, 0.8830441236495972, 0.8897324800491333, 0.8870209455490112, 0.8707519769668579, 0.8926247358322144, 0.8942516446113586, 0.889009416103363, 0.8870209455490112, 0.889009416103363, 0.8924439549446106, 0.8994938731193542, 0.9047361016273499, 0.8929862380027771, 0.9060014486312866, 0.8962400555610657, 0.9090744853019714, 0.9011207222938538, 0.9011207222938538, 0.9040130376815796, 0.9087129235267639, 0.7516269087791443, 0.7413232326507568, 0.7734996676445007, 0.7718727588653564, 0.7637382745742798, 0.6829356551170349] 
Validation f1 history = [0.5714113116264343, 0.6324059963226318, 0.7799854874610901, 0.8144869208335876, 0.8368256092071533, 0.8244219422340393, 0.8498314023017883, 0.8533839583396912, 0.8548891544342041, 0.8537452220916748, 0.8592244386672974, 0.8553709387779236, 0.8586223721504211, 0.8644628524780273, 0.8598265647888184, 0.8829479813575745, 0.8896917700767517, 0.8870423436164856, 0.870785117149353, 0.892642080783844, 0.8942677974700928, 0.8889691829681396, 0.8870423436164856, 0.8889089822769165, 0.8924012780189514, 0.8995062112808228, 0.9047446846961975, 0.8930636048316956, 0.9059489965438843, 0.8962547779083252, 0.9091401696205139, 0.9011921882629395, 0.9011921882629395, 0.9040822982788086, 0.9087186455726624, 0.751625657081604, 0.7412692308425903, 0.7734223008155823, 0.7717364430427551, 0.7636078596115112, 0.6828635931015015] 
--- 
Radius of the CI = 0.005574558370033574 
True classification of the model is likely between 0.9079765933824383 and 0.9191257101225055 
--- 
Test accuracy = 0.9135511517524719 
Confusion matrix (0 | 1) = 
 [[4496  341]
 [ 503 4423]] 
--- 
