This file contains information about the lstm model 
Analysis directory = C:\Users\cdetr\Documents\GitHub\nomics\jawac_processing_nomics/data/awake_sleep_analysis_update 
--- 
Segmentation value = 60.0 
Downsampling value = 1.0 
Signal frequency = 1.0 Hz 
Batch size = 8 
Standard scale = 0 
Stateful = 1 
Sliding window = 0 
Center of interest = 10 
Full sequence = 0 
Return sequences = 1 
Data balancing = 0 
--- 
Log time = 19-04-2022 20-21-54 
--- 
Num of epochs = 100, early stop after 39 epochs 
Epochs training computation time history (in sec) = [39.98400139808655, 37.47200870513916, 37.344958782196045, 37.849035024642944, 37.125009059906006, 36.71102833747864, 37.33499884605408, 36.86800217628479, 36.71000123023987, 35.87801694869995, 37.280009269714355, 35.906997203826904, 36.7260262966156, 36.29500889778137, 38.34199929237366, 38.39700937271118, 37.73002791404724, 36.678030490875244, 35.65804648399353, 34.61800813674927, 34.67803406715393, 35.659035205841064, 37.222033739089966, 36.895031213760376, 37.35205411911011, 35.21802997589111, 36.21997785568237, 36.94101095199585, 36.945000886917114, 36.56405591964722, 38.57075357437134, 38.76894164085388, 40.63597345352173, 39.9020254611969, 38.07703685760498, 39.70301032066345, 39.06900119781494, 38.149006843566895, 38.40001034736633] 
Epochs training computation time mean (in sec) = 37.33021147434528 
--- 
Training loss history = [0.77605715725157, 0.7341261671649085, 0.7010756979386011, 0.7148031211561627, 0.7556951112217374, 0.7049608015351825, 0.6999620546897253, 0.7256073951721191, 0.7459558215406206, 0.6853490339385139, 0.6987025572193993, 0.6923284928003947, 0.6844117533829477, 0.7189859085612826, 0.6965052882830302, 0.7001335604323281, 0.7325958278444078, 0.6942622512578964, 0.7044914348257912, 0.6996218214432398, 0.6766456721557511, 0.7303352637423409, 0.6904626488685608, 0.7141630914476182, 0.6929504606458876, 0.6963779181241989, 0.6966850144995583, 0.7189788810080953, 0.7310074617465337, 0.7177663180563185, 0.7026270048485862, 0.7553888310988744, 0.6997173560990227, 0.6971024324496587, 0.7315832641389635, 0.7683293902211719, 0.6842697478002973, 0.7524704444739554, 0.7082669966750674] 
Training accuracy history = [0.3622281761943466, 0.36095565785136485, 0.5513748350656695, 0.4466637574757139, 0.3828941627095143, 0.36395115938244593, 0.32520889268360204, 0.6351588699552748, 0.47308394499123096, 0.5714456971941723, 0.6493004014094671, 0.5981281842622492, 0.5718476254906919, 0.39949583996915156, 0.2272529327051921, 0.4554059359555443, 0.44843468111422324, 0.5132847834999362, 0.37945609415570897, 0.462532432956828, 0.6573912998040518, 0.6137391159103976, 0.4778695021652513, 0.34529602212003535, 0.22206511596838632, 0.2706713316341241, 0.41097730543050504, 0.4019559831875894, 0.681590391529931, 0.7514901649620798, 0.753416496846411, 0.4286416161598431, 0.3008871726795203, 0.3240500400877661, 0.3067381019807524, 0.45361081945399445, 0.35269737225543296, 0.4580649296856589, 0.44322713692155147] 
Training f1 history = [0.36222853599530125, 0.36095592969407636, 0.5513748172670603, 0.4466637319160832, 0.38289424487286144, 0.3639511240956684, 0.32520888021422756, 0.6351590603590012, 0.4730840308798684, 0.5714459792814321, 0.6493003674679332, 0.5981281383170022, 0.5718475745783912, 0.39949578841009903, 0.22725291348372897, 0.4554059063601825, 0.448434646655288, 0.5132842983843552, 0.37945604758958024, 0.46253239880833363, 0.6573908039265208, 0.6137386655641927, 0.47786980163719917, 0.3452959672237436, 0.22206505843334728, 0.27067128382623196, 0.4109772795604335, 0.4019559651302795, 0.6815899436672529, 0.7514901459217072, 0.753416522509522, 0.42864158811668557, 0.30088712523380917, 0.3240499772752325, 0.30673805427634054, 0.45361095666885376, 0.3526973350284, 0.45806489864157307, 0.44322723388257956] 
--- 
Validation loss history = [1.4121632103342563, 0.6790275238454342, 0.6926266066730022, 0.6913885809481144, 0.7004510015249252, 0.6205390579998493, 0.6919139698147774, 0.7658663773909211, 0.6967684142291546, 0.6533766873180866, 0.6715792641043663, 0.6413348391652107, 0.6524322424083948, 0.6781643684953451, 0.6911496520042419, 0.8394707681145519, 0.7277414947748184, 1.37037850136403, 0.5553041286766529, 0.6205916330218315, 0.5846331715583801, 0.627774141728878, 0.6579694822430611, 0.6974071934819221, 0.6827922333031893, 0.6745822317898273, 0.6903586611151695, 1.298764668405056, 0.67624431848526, 0.738067302852869, 0.6210054559633136, 0.6738183982670307, 0.8126709386706352, 0.6953986398875713, 0.7235560156404972, 0.6435960382223129, 1.0418036095798016, 0.7416461315006018, 0.6100087687373161] 
Validation accuracy history = [0.8110280390828848, 0.7750935703516006, 0.2663848803495057, 0.8105775136500597, 0.18942578783025965, 0.7963154129683971, 0.7441749727586284, 0.7166664401302114, 0.18942578783025965, 0.7765313722193241, 0.6728238202631474, 0.6192953698337078, 0.4711126214824617, 0.26079572128946893, 0.8105351496487856, 0.801799962297082, 0.7838485520333052, 0.7804905567318201, 0.7858919780701399, 0.6115834795491537, 0.7541143447160721, 0.6814815420657396, 0.7960463799536228, 0.27046528553182725, 0.2514499838835036, 0.8105742130428553, 0.8105742130428553, 0.5953499401221052, 0.7835569716989994, 0.7476758512784727, 0.8105742130428553, 0.5865838993340731, 0.24150790635030717, 0.287424863956403, 0.20894959749421105, 0.5665619714418426, 0.2640731469145976, 0.5424096413189545, 0.6371508280863054] 
Validation f1 history = [0.8110280409455299, 0.7750935442745686, 0.2663848721422255, 0.8105775080621243, 0.1894257823441876, 0.796315411105752, 0.7441749652352883, 0.7166664232936455, 0.1894257823441876, 0.7765313647687435, 0.6728237885981798, 0.6192953605204821, 0.4711126061156392, 0.26079571500304155, 0.8105351533740759, 0.8017999604344368, 0.7838485464453697, 0.7804905567318201, 0.7858920097351074, 0.6115834661322879, 0.7541129104793072, 0.6814815290272236, 0.796046819537878, 0.27046527815400623, 0.251449978317396, 0.8105742167681456, 0.8105742167681456, 0.5953499400493456, 0.7835569530725479, 0.747675858598086, 0.8105742167681456, 0.5865838536992669, 0.24150788811675739, 0.28742484892427456, 0.2089495882828487, 0.5665619331848575, 0.2640731315332232, 0.5424096403148724, 0.6371508158481447] 
--- 
Radius of the CI = 0.2145748530905395 
True classification of the model is likely between 0.572142978997931 and 1.00129268517901 
--- 
Test accuracy = 0.7867178320884705 
Confusion matrix (0 | 1) = 
 [[ 56625  50165]
 [ 57193 331377]] 
--- 
