This file contains information about the lstm model 
Analysis directory = C:\Users\cdetr\Documents\GitHub\nomics\nomics-AI/data/awake_sleep_analysis 
--- 
Segmentation value = 120.0 
Downsampling value = 1.0 
Signal frequency = 1.0 Hz 
Batch size = 4 
Standard scale = 0 
Stateful = 0 
Sliding window = 0 
Center of interest = 10 
Full sequence = 0 
Return sequences = 1 
Data balancing = 1 
--- 
Log time = 14-05-2022 15-12-09 
--- 
Num of epochs = 100, early stop after 45 epochs 
Epochs training computation time history (in sec) = [38.67798924446106, 33.8999981880188, 35.32401657104492, 34.76700139045715, 35.86199975013733, 35.079994201660156, 34.29299783706665, 36.20899987220764, 37.8160240650177, 40.24599862098694, 41.30800175666809, 40.90799903869629, 39.68600106239319, 39.768001556396484, 42.157002210617065, 37.299999713897705, 36.80799961090088, 35.20100164413452, 36.703985929489136, 35.05199885368347, 34.39799880981445, 35.212000131607056, 35.254000425338745, 35.279001235961914, 34.72800064086914, 33.691999197006226, 35.141000509262085, 35.36399841308594, 36.07800054550171, 35.39099931716919, 37.07099723815918, 38.06400179862976, 36.2730016708374, 38.53800058364868, 35.543999433517456, 35.10400056838989, 36.02399921417236, 34.61700129508972, 38.6059992313385, 40.70900106430054, 42.67099571228027, 43.46198558807373, 43.230990409851074, 41.73699903488159, 43.00299859046936] 
Epochs training computation time mean (in sec) = 37.383510706159804 
--- 
Training loss history = [0.6366825699806213, 0.5020567774772644, 0.4624512493610382, 0.4491143822669983, 0.4290364682674408, 0.42237892746925354, 0.4163447320461273, 0.41127172112464905, 0.4035802185535431, 0.40279242396354675, 0.3956100642681122, 0.38975656032562256, 0.38625532388687134, 0.38144081830978394, 0.37506839632987976, 0.36519524455070496, 0.35528233647346497, 0.34857749938964844, 0.3441622257232666, 0.3411215841770172, 0.3427439033985138, 0.3376399576663971, 0.32530802488327026, 0.3279613256454468, 0.33185461163520813, 0.3217930495738983, 0.3165941536426544, 0.31268367171287537, 0.3082635700702667, 0.30547234416007996, 0.30977150797843933, 0.30732032656669617, 0.2958375811576843, 0.29095715284347534, 0.2829434275627136, 0.283637672662735, 0.2850770354270935, 0.2699078321456909, 0.26688194274902344, 0.277069628238678, 0.26913589239120483, 0.27599918842315674, 0.25803762674331665, 0.254823237657547, 0.25540250539779663] 
Training accuracy history = [0.6284233927726746, 0.7648607492446899, 0.7828962802886963, 0.7900688052177429, 0.8008480072021484, 0.8063703775405884, 0.81145179271698, 0.8127067685127258, 0.8167059421539307, 0.8168917298316956, 0.8214915990829468, 0.8242292404174805, 0.825916051864624, 0.8287767171859741, 0.8325049877166748, 0.8371283411979675, 0.8418381214141846, 0.8443938493728638, 0.8468134999275208, 0.8474677801132202, 0.8482242226600647, 0.851219654083252, 0.8565876483917236, 0.8556925058364868, 0.8532715439796448, 0.8586173057556152, 0.8611966371536255, 0.8620825409889221, 0.8652481436729431, 0.8651826977729797, 0.8630757927894592, 0.8649798631668091, 0.8695626854896545, 0.8716015219688416, 0.8763217329978943, 0.8750078678131104, 0.8741899728775024, 0.8820927739143372, 0.8847571015357971, 0.8783841133117676, 0.8816269040107727, 0.8794637322425842, 0.888910710811615, 0.8881987929344177, 0.8879396915435791] 
Training f1 history = [0.6284235119819641, 0.7648612856864929, 0.7828963994979858, 0.7900683283805847, 0.800847589969635, 0.8063710331916809, 0.81145179271698, 0.8127071261405945, 0.816706657409668, 0.8168918490409851, 0.8214917182922363, 0.8242299556732178, 0.82591712474823, 0.8287771344184875, 0.8325045704841614, 0.8371284008026123, 0.8418375253677368, 0.8443939089775085, 0.846813976764679, 0.8474687933921814, 0.848224401473999, 0.8512192368507385, 0.8565883636474609, 0.8556935787200928, 0.8532723188400269, 0.8586176037788391, 0.8611963987350464, 0.862083375453949, 0.8652488589286804, 0.8651829957962036, 0.863076388835907, 0.8649811744689941, 0.8695629835128784, 0.8716016411781311, 0.8763221502304077, 0.8750081062316895, 0.8741902709007263, 0.8820931315422058, 0.8847568035125732, 0.8783836364746094, 0.8816277384757996, 0.8794636130332947, 0.888911247253418, 0.8881995677947998, 0.8879400491714478] 
--- 
Validation loss history = [0.4959035813808441, 0.40862923860549927, 0.4176909327507019, 0.4154541492462158, 0.40374594926834106, 0.4193815290927887, 0.4044169485569, 0.3597506880760193, 0.4125572144985199, 0.3549780249595642, 0.3618996739387512, 0.3830887973308563, 0.3558940887451172, 0.35243159532546997, 0.34464386105537415, 0.3513821065425873, 0.31942763924598694, 0.3258242905139923, 0.32932817935943604, 0.31987521052360535, 0.33295488357543945, 0.3371536433696747, 0.3276435434818268, 0.354097455739975, 0.31723329424858093, 0.32675525546073914, 0.3184295892715454, 0.3229704201221466, 0.3347533345222473, 0.3217628002166748, 0.3535284698009491, 0.34908726811408997, 0.3601997196674347, 0.3446628749370575, 0.3512496054172516, 0.39206770062446594, 0.33199089765548706, 0.3498719036579132, 0.39692848920822144, 0.36116787791252136, 0.41409409046173096, 0.3477187156677246, 0.3777938187122345, 0.3605242669582367, 0.4052370488643646] 
Validation accuracy history = [0.7748116850852966, 0.8113936185836792, 0.8204919695854187, 0.8199741244316101, 0.8183380365371704, 0.799599826335907, 0.8115819096565247, 0.8321681022644043, 0.7970339059829712, 0.8413841724395752, 0.8423964381217957, 0.8027660250663757, 0.8352401256561279, 0.8409016132354736, 0.8483639359474182, 0.8519774079322815, 0.8575211763381958, 0.8506473898887634, 0.851129949092865, 0.8578625321388245, 0.845280110836029, 0.8387005925178528, 0.8499646782875061, 0.8522481322288513, 0.8562382459640503, 0.8540018796920776, 0.8553789854049683, 0.8525658845901489, 0.8426082730293274, 0.8535546064376831, 0.84794020652771, 0.843549907207489, 0.8444326519966125, 0.8472104668617249, 0.8436793684959412, 0.8409839868545532, 0.8460334539413452, 0.8413841724395752, 0.8320032954216003, 0.8294844627380371, 0.8376765251159668, 0.8429260849952698, 0.843914806842804, 0.8381591439247131, 0.8336040377616882] 
Validation f1 history = [0.7748115658760071, 0.8113937973976135, 0.820492148399353, 0.8199742436408997, 0.8183380961418152, 0.7995997667312622, 0.8115819096565247, 0.8321684002876282, 0.7970337867736816, 0.8413845300674438, 0.8423965573310852, 0.8027659058570862, 0.8352400660514832, 0.840901792049408, 0.8483639359474182, 0.851977527141571, 0.8575215339660645, 0.8506473302841187, 0.8511300086975098, 0.8578622937202454, 0.8452799320220947, 0.8387002944946289, 0.8499647378921509, 0.8522481918334961, 0.856238067150116, 0.8540016412734985, 0.8553789854049683, 0.8525658845901489, 0.8426084518432617, 0.8535546064376831, 0.8479399681091309, 0.8435500860214233, 0.8444328308105469, 0.847210705280304, 0.8436790704727173, 0.8409841060638428, 0.8460332751274109, 0.8413840532302856, 0.8320032358169556, 0.8294845223426819, 0.8376764059066772, 0.8429259657859802, 0.8439147472381592, 0.8381589651107788, 0.833604097366333] 
--- 
Radius of the CI = 0.016256694900972785 
True classification of the model is likely between 0.8418412159800697 and 0.8743546057820153 
--- 
Test accuracy = 0.8580979108810425 
Confusion matrix (0 | 1) = 
 [[89242 16714]
 [13425 93019]] 
--- 
