This file contains information about the lstm model 
--- 
Num of classes = 2 
Segmentation value = 1.0 
Downsampling value = 1.0 
Signal resolution = 1.0 
--- 
Is balanced = unbalanced 
Model type = binary 
--- 
Num of epochs = 50 
Epochs training computation time (in sec) = [6.951490163803101, 2.5512683391571045, 2.5449533462524414, 2.6051900386810303, 2.5351126194000244, 2.8213281631469727, 2.8390209674835205, 2.4474525451660156, 2.3889687061309814, 2.378485918045044, 2.3845503330230713, 2.3802802562713623, 2.388786554336548, 2.3770015239715576, 2.383683204650879, 2.3803632259368896, 2.4383456707000732, 2.3865389823913574, 2.3845884799957275, 2.3775503635406494, 2.380917549133301, 2.3927528858184814, 2.391158103942871, 2.391727924346924, 2.4293603897094727, 2.3917152881622314, 2.389155864715576, 2.3982152938842773, 2.398585796356201, 2.455925226211548, 2.3927316665649414, 2.3885622024536133, 2.391390085220337, 2.4514808654785156, 2.3803768157958984, 2.386655569076538, 2.391491174697876, 2.384085178375244, 2.398861885070801, 2.397684335708618, 2.3993704319000244, 2.3942880630493164, 2.4412636756896973, 2.3944811820983887, 2.3909802436828613, 2.392421007156372, 2.3942182064056396, 2.3923163414001465, 2.3924107551574707, 2.392937183380127] 
Epochs training computation time mean (in sec) = 2.518249611854553 
--- 
Training accuracy history = [0.968399167060852, 0.9752609133720398, 0.9787312150001526, 0.9805978536605835, 0.9824118614196777, 0.9822278022766113, 0.983069121837616, 0.9828324913978577, 0.9830165505409241, 0.9835423231124878, 0.9834108948707581, 0.9840155839920044, 0.9837526679039001, 0.9835948944091797, 0.983831524848938, 0.9842784404754639, 0.9843047261238098, 0.9843310713768005, 0.9843310713768005, 0.9839630126953125, 0.9847517013549805, 0.9854352474212646, 0.9854615330696106, 0.9855403900146484, 0.9856455326080322, 0.9856455326080322, 0.9864868521690369, 0.9866182804107666, 0.9873018264770508, 0.9877487421035767, 0.9886426329612732, 0.9889581203460693, 0.9902989268302917, 0.9906669855117798, 0.9918763041496277, 0.9928490519523621, 0.9927176237106323, 0.993243396282196, 0.994321346282959, 0.9937692284584045, 0.9938217997550964, 0.9951363205909729, 0.9946367740631104, 0.9944790601730347, 0.9947419762611389, 0.9950311779975891, 0.9956358075141907, 0.9950048923492432, 0.9949785470962524, 0.9949522614479065] 
Training f1 score history = [0.9682275056838989, 0.975231409072876, 0.978884220123291, 0.9806875586509705, 0.9824042320251465, 0.9821309447288513, 0.9828466176986694, 0.9826784133911133, 0.9830513000488281, 0.9834767580032349, 0.9834672212600708, 0.9839591979980469, 0.9836336374282837, 0.983588695526123, 0.9839000701904297, 0.9842462539672852, 0.9842711091041565, 0.9843549728393555, 0.984417200088501, 0.9840313792228699, 0.9847690463066101, 0.9854230284690857, 0.9854294061660767, 0.9855049252510071, 0.985609233379364, 0.9855837821960449, 0.9864510297775269, 0.9866100549697876, 0.9873592853546143, 0.9877902865409851, 0.9887118339538574, 0.9889095425605774, 0.9902750253677368, 0.9906817674636841, 0.9919187426567078, 0.9928511381149292, 0.9927593469619751, 0.9932453632354736, 0.9943096041679382, 0.9937710165977478, 0.9938235878944397, 0.9951376914978027, 0.9946383237838745, 0.9944677352905273, 0.9947564005851746, 0.9950175881385803, 0.9956371188163757, 0.9949925541877747, 0.9949671030044556, 0.9949537515640259] 
Training loss history = [0.11017968505620956, 0.07288847863674164, 0.05902896448969841, 0.05327652394771576, 0.04984074831008911, 0.04762498661875725, 0.045590512454509735, 0.04538317769765854, 0.043716225773096085, 0.04309903457760811, 0.041721515357494354, 0.040653590112924576, 0.040717653930187225, 0.03921909257769585, 0.03960765153169632, 0.03992339223623276, 0.038275256752967834, 0.0378749705851078, 0.03660448268055916, 0.03613471984863281, 0.03499549627304077, 0.03429171442985535, 0.03310807794332504, 0.03245343267917633, 0.030500739812850952, 0.029492266476154327, 0.029557280242443085, 0.028724299743771553, 0.028289590030908585, 0.026951942592859268, 0.025658274069428444, 0.025891723111271858, 0.024670226499438286, 0.025235814973711967, 0.022914506494998932, 0.02087193727493286, 0.020533867180347443, 0.01977376453578472, 0.017152169719338417, 0.018244577571749687, 0.01798170804977417, 0.015188127756118774, 0.017355889081954956, 0.01647644303739071, 0.015276847407221794, 0.014689496718347073, 0.015048671513795853, 0.014883005060255527, 0.014518210664391518, 0.01536974124610424] 
--- 
Validation accuracy history = [0.969481885433197, 0.9749231338500977, 0.98012775182724, 0.9820203185081482, 0.9834398031234741, 0.9853323698043823, 0.9820203185081482, 0.9841495156288147, 0.9858055114746094, 0.9829666614532471, 0.9865152835845947, 0.9874615669250488, 0.9858055114746094, 0.9860420823097229, 0.9846226572990417, 0.9879347085952759, 0.9862787127494812, 0.9855689406394958, 0.9879347085952759, 0.9798911809921265, 0.9860420823097229, 0.9758694171905518, 0.9858055114746094, 0.9848592281341553, 0.9891175627708435, 0.9872249960899353, 0.9876981377601624, 0.9924296140670776, 0.9872249960899353, 0.9943222403526306, 0.9895907044410706, 0.9919564723968506, 0.9895907044410706, 0.98888099193573, 0.9929027557373047, 0.9940856695175171, 0.9943222403526306, 0.9924296140670776, 0.9924296140670776, 0.9950319528579712, 0.9952685236930847, 0.9952685236930847, 0.9945588111877441, 0.9971610903739929, 0.9957416653633118, 0.9957416653633118, 0.9966879487037659, 0.9971610903739929, 0.9966879487037659, 0.9966879487037659] 
Validation f1 score history = [0.9696898460388184, 0.9748589992523193, 0.9802631735801697, 0.9821428656578064, 0.9830899238586426, 0.9854323267936707, 0.9821428656578064, 0.9848610758781433, 0.9859022498130798, 0.9830827116966248, 0.9866071343421936, 0.987546980381012, 0.9859022498130798, 0.9861372113227844, 0.9847274422645569, 0.9880094528198242, 0.986372172832489, 0.9855479598045349, 0.9880169034004211, 0.9800282120704651, 0.9861372113227844, 0.9760338068008423, 0.9859022498130798, 0.9850817322731018, 0.9891989827156067, 0.9871999621391296, 0.9877819418907166, 0.9924812316894531, 0.9873120188713074, 0.9943609237670898, 0.9896616339683533, 0.9920112490653992, 0.9896616339683533, 0.9889567494392395, 0.9929511547088623, 0.9941259622573853, 0.9943609237670898, 0.9924812316894531, 0.9923655390739441, 0.9950583577156067, 0.9953007698059082, 0.9953007698059082, 0.9945958852767944, 0.9971804618835449, 0.9957706928253174, 0.9957706928253174, 0.9967105388641357, 0.9971804618835449, 0.9967105388641357, 0.9967105388641357] 
Validation loss history = [0.09995519369840622, 0.07754317671060562, 0.05179372429847717, 0.0566229373216629, 0.046835023909807205, 0.051636502146720886, 0.04669013246893883, 0.04233759269118309, 0.044303882867097855, 0.04489479586482048, 0.04229595139622688, 0.037980128079652786, 0.038687001913785934, 0.04118610545992851, 0.040674712508916855, 0.038773100823163986, 0.037143390625715256, 0.04260561987757683, 0.03479252755641937, 0.03857406973838806, 0.035151463001966476, 0.037009432911872864, 0.030796565115451813, 0.0340733639895916, 0.031683363020420074, 0.02717094123363495, 0.028012119233608246, 0.026537152007222176, 0.028062453493475914, 0.026640363037586212, 0.027594782412052155, 0.024331429973244667, 0.03430875390768051, 0.026373377069830894, 0.02227279543876648, 0.01973777636885643, 0.01765531674027443, 0.017270894721150398, 0.022225219756364822, 0.011868109926581383, 0.016763651743531227, 0.01602345146238804, 0.02150089479982853, 0.011729761958122253, 0.014109903946518898, 0.014446201734244823, 0.01184230949729681, 0.015416037291288376, 0.015979424118995667, 0.014260847121477127] 
--- 
Radius of the CI = 0.000888666777638279 
True classification of the model is likely between 0.9969345119905196 and 0.9987118455457963 
Lower bound model classification accuracy = 0.9969345617138036 
Upper bound model classification accuracy = 0.9987118513091001 
--- 
Test accuracy = 0.997823178768158 
Confusion matrix (invalid | valid) = 
 [[4795   11]
 [  12 5748]] 
--- 
