This file contains information about the resnet model 
Analysis directory = C:\Users\cdetr\Documents\GitHub\nomics\nomics-AI/data/task2/jawrhin/analysis 
--- 
Segmentation value = 300.0 
Downsampling value = 1.0 
Signal frequency = 1.0 Hz 
Batch size = 32 
Standard scale = 0 
Stateful = 0 
Sliding window = 0 
Center of interest = 120 
Full sequence = 0 
Return sequences = 0 
Data balancing = 1 
--- 
Log time = 15-06-2022 00-23-50 
--- 
Num of epochs = 100, early stop after 100 epochs 
Epochs training computation time history (in sec) = [6.8059892654418945, 1.9240086078643799, 1.6239986419677734, 1.5269958972930908, 1.441988468170166, 1.5420022010803223, 1.4209985733032227, 1.4570012092590332, 1.2809982299804688, 1.3249962329864502, 1.5770020484924316, 1.917999505996704, 1.7309975624084473, 1.5859968662261963, 1.380000352859497, 1.3710010051727295, 1.3440015316009521, 1.3309991359710693, 1.3459994792938232, 1.318998098373413, 1.547999382019043, 1.404998540878296, 1.4249968528747559, 1.3069970607757568, 1.2860016822814941, 1.333996057510376, 1.321000099182129, 1.3749969005584717, 1.4789998531341553, 1.479996919631958, 1.5269966125488281, 1.4449989795684814, 1.4019973278045654, 1.5479958057403564, 1.494997262954712, 1.441004991531372, 1.6920032501220703, 1.767000436782837, 1.6700019836425781, 1.6479997634887695, 1.5819988250732422, 1.6379945278167725, 1.5189976692199707, 1.7499980926513672, 1.7450084686279297, 1.5980024337768555, 1.5099999904632568, 1.4310011863708496, 1.5909981727600098, 1.603001594543457, 1.8469958305358887, 1.8430023193359375, 1.8959987163543701, 1.6460003852844238, 1.4459993839263916, 1.6330020427703857, 1.628993272781372, 1.6000001430511475, 1.5260050296783447, 1.3829984664916992, 1.4879913330078125, 1.3989965915679932, 1.4860031604766846, 1.4619972705841064, 1.5270006656646729, 1.5249991416931152, 1.5100021362304688, 1.4639973640441895, 1.4579989910125732, 1.4169988632202148, 1.423997163772583, 1.4699995517730713, 1.5339984893798828, 1.5200026035308838, 1.423997163772583, 1.4660015106201172, 1.429999589920044, 1.383002758026123, 1.4089946746826172, 1.460000991821289, 1.4869976043701172, 1.4539976119995117, 1.4569995403289795, 1.4239964485168457, 1.375000238418579, 1.410996913909912, 1.5429966449737549, 1.5680046081542969, 1.5700020790100098, 1.4650025367736816, 1.5889976024627686, 1.543997049331665, 1.6939990520477295, 1.6079986095428467, 1.7390029430389404, 1.8999991416931152, 1.8879997730255127, 1.6549983024597168, 1.8219947814941406, 1.5630004405975342] 
Epochs training computation time mean (in sec) = 1.5827491116523742 
--- 
Training loss history = [0.507814347743988, 0.40927183628082275, 0.3611502945423126, 0.3279031813144684, 0.32844942808151245, 0.320053368806839, 0.3286653161048889, 0.31575915217399597, 0.3124396800994873, 0.29212310910224915, 0.31238850951194763, 0.2988167405128479, 0.31088143587112427, 0.28993532061576843, 0.27547115087509155, 0.27818891406059265, 0.27070003747940063, 0.27789080142974854, 0.27557989954948425, 0.2713187336921692, 0.29571324586868286, 0.2689415514469147, 0.2647232413291931, 0.254385769367218, 0.24757876992225647, 0.25279513001441956, 0.2527986168861389, 0.24059884250164032, 0.2471645623445511, 0.2390836924314499, 0.23208920657634735, 0.23844081163406372, 0.22360701858997345, 0.23721878230571747, 0.21687404811382294, 0.24757327139377594, 0.22754433751106262, 0.23832286894321442, 0.22158171236515045, 0.21643710136413574, 0.22513291239738464, 0.21884123980998993, 0.2072359174489975, 0.20839010179042816, 0.21194495260715485, 0.1943068504333496, 0.20347049832344055, 0.20195844769477844, 0.20719608664512634, 0.20728282630443573, 0.1980767548084259, 0.227763831615448, 0.23913529515266418, 0.2050997018814087, 0.1892373263835907, 0.19471848011016846, 0.20573672652244568, 0.19708827137947083, 0.1965140849351883, 0.18482373654842377, 0.1887727677822113, 0.1865948587656021, 0.2057768553495407, 0.20925572514533997, 0.20660924911499023, 0.2044144719839096, 0.2049335539340973, 0.18031054735183716, 0.18665383756160736, 0.18527399003505707, 0.18469923734664917, 0.18679773807525635, 0.19000375270843506, 0.1811482012271881, 0.20445102453231812, 0.17656847834587097, 0.17912903428077698, 0.1670633852481842, 0.18049995601177216, 0.1884114146232605, 0.18875329196453094, 0.17020410299301147, 0.15970465540885925, 0.17042872309684753, 0.17393164336681366, 0.16148532927036285, 0.17152051627635956, 0.15541720390319824, 0.16785617172718048, 0.15683108568191528, 0.15246982872486115, 0.14589644968509674, 0.1486513465642929, 0.15331944823265076, 0.15686562657356262, 0.15267881751060486, 0.17018480598926544, 0.16954699158668518, 0.17632900178432465, 0.15592925250530243] 
Training accuracy history = [0.7524799108505249, 0.8072744607925415, 0.8337269425392151, 0.8549834489822388, 0.8455361127853394, 0.8573452830314636, 0.8526216149330139, 0.8559281826019287, 0.8502597808837891, 0.8691544532775879, 0.866792619228363, 0.8705715537071228, 0.8644307851791382, 0.8823807239532471, 0.883325457572937, 0.8804912567138672, 0.882853090763092, 0.8847425580024719, 0.8823807239532471, 0.8771846890449524, 0.8781294226646423, 0.8795465230941772, 0.883325457572937, 0.8937175273895264, 0.8951346278190613, 0.8979688286781311, 0.8941898941993713, 0.8941898941993713, 0.898913562297821, 0.9031648635864258, 0.9126121997833252, 0.8984411954879761, 0.9111950993537903, 0.9036372303962708, 0.9121398329734802, 0.9059990644454956, 0.9059990644454956, 0.899858295917511, 0.9116674661636353, 0.91591876745224, 0.9064714312553406, 0.9130845665931702, 0.9225319027900696, 0.9173358678817749, 0.915446400642395, 0.9244213700294495, 0.9220595359802246, 0.9182806015014648, 0.9187529683113098, 0.9239490032196045, 0.9206424355506897, 0.9031648635864258, 0.899858295917511, 0.9192253351211548, 0.9272555708885193, 0.9220595359802246, 0.9192253351211548, 0.9225319027900696, 0.9187529683113098, 0.932451605796814, 0.9239490032196045, 0.9300897717475891, 0.9182806015014648, 0.9145016670227051, 0.9230042695999146, 0.9173358678817749, 0.9244213700294495, 0.9286726713180542, 0.9329239726066589, 0.9263108372688293, 0.9296174049377441, 0.9333963394165039, 0.9329239726066589, 0.9357581734657288, 0.9267832040786743, 0.9348134398460388, 0.9338687062263489, 0.9352858066558838, 0.9296174049377441, 0.9277279376983643, 0.9206424355506897, 0.9286726713180542, 0.9428436756134033, 0.9409542083740234, 0.9357581734657288, 0.9395371079444885, 0.9381200075149536, 0.9400094747543335, 0.9352858066558838, 0.9367029070854187, 0.9447330832481384, 0.9437884092330933, 0.9433160424232483, 0.9423713088035583, 0.9367029070854187, 0.9423713088035583, 0.9286726713180542, 0.9343410730361938, 0.9333963394165039, 0.9395371079444885] 
Training f1 history = [0.755596935749054, 0.8046640753746033, 0.8358208537101746, 0.8542909622192383, 0.8449625968933105, 0.8566230535507202, 0.85447758436203, 0.8577424883842468, 0.8496267795562744, 0.8708021640777588, 0.865951418876648, 0.8722014427185059, 0.863619327545166, 0.8788245320320129, 0.8847947120666504, 0.8794775605201721, 0.881809651851654, 0.8861939907073975, 0.8838618993759155, 0.8762126564979553, 0.8771454691886902, 0.8785446882247925, 0.8847947120666504, 0.8900185823440552, 0.8964551687240601, 0.8942163586616516, 0.8955223560333252, 0.8955223560333252, 0.8976678252220154, 0.9043842554092407, 0.9137126207351685, 0.8997200727462769, 0.9123134016990662, 0.9023320078849792, 0.913246214389801, 0.9071828126907349, 0.9071827530860901, 0.898600697517395, 0.9127798080444336, 0.9119402766227722, 0.9051305055618286, 0.911660373210907, 0.9235073924064636, 0.9158581495285034, 0.9165111780166626, 0.9228544235229492, 0.9230409860610962, 0.9193096160888672, 0.9197760820388794, 0.9223880171775818, 0.9216417074203491, 0.9018656015396118, 0.9011193513870239, 0.9202424883842468, 0.9281716346740723, 0.9230409860610962, 0.9202425479888916, 0.9235074520111084, 0.9197760820388794, 0.9333021640777588, 0.9249067306518555, 0.9309700727462769, 0.9167909622192383, 0.913059651851654, 0.9214552044868469, 0.9183768630027771, 0.922854483127594, 0.9295708537101746, 0.9337685704231262, 0.9272388219833374, 0.9305037260055542, 0.9291977286338806, 0.9312499761581421, 0.9315298199653625, 0.9277052283287048, 0.9356343150138855, 0.9321828484535217, 0.9361007213592529, 0.9305036664009094, 0.926119327545166, 0.9216417074203491, 0.9270521998405457, 0.9410447478294373, 0.9391791224479675, 0.9365671277046204, 0.9352611899375916, 0.9388992190361023, 0.9407649040222168, 0.933582067489624, 0.9375, 0.9454290866851807, 0.9419775605201721, 0.9440298676490784, 0.943096935749054, 0.9349813461303711, 0.9405783414840698, 0.9295709133148193, 0.9326491951942444, 0.9342350959777832, 0.9402984380722046] 
--- 
Validation loss history = [1.159988284111023, 0.7108218669891357, 0.5644260048866272, 1.8195656538009644, 1.0201796293258667, 3.037562370300293, 2.976475715637207, 0.4139672517776489, 0.5649775862693787, 0.8710870742797852, 0.3900238871574402, 0.35342511534690857, 0.4053989052772522, 0.3550785183906555, 0.6027829051017761, 0.3990940451622009, 0.2964783012866974, 0.3709770739078522, 0.29271844029426575, 0.5338169932365417, 0.3638855516910553, 0.6183471083641052, 0.35056039690971375, 0.3194994330406189, 0.35864534974098206, 0.29820603132247925, 0.2719059884548187, 0.28041619062423706, 0.4561033546924591, 0.31969717144966125, 0.35333994030952454, 0.289470374584198, 0.33148494362831116, 0.29216885566711426, 0.30177003145217896, 0.28919199109077454, 0.40076297521591187, 0.32824283838272095, 0.3113445043563843, 0.3763822019100189, 0.26627108454704285, 0.30478349328041077, 0.30318209528923035, 0.2823970913887024, 0.26990750432014465, 0.29562583565711975, 0.307817667722702, 0.40161922574043274, 0.3413027226924896, 0.2705566883087158, 0.4561976194381714, 0.2820650637149811, 0.30647894740104675, 0.28720811009407043, 0.3120640218257904, 0.30999982357025146, 0.2945236563682556, 0.3187291622161865, 0.2722495198249817, 0.3441539406776428, 0.3140750527381897, 0.36268654465675354, 0.3092780113220215, 0.2845778167247772, 0.29161351919174194, 0.2964635491371155, 0.28359946608543396, 0.30896639823913574, 0.2698882818222046, 0.30819085240364075, 0.3335438370704651, 0.2832152545452118, 0.30055779218673706, 0.3047744035720825, 0.2660634517669678, 0.3075866401195526, 0.270844042301178, 0.2613677680492401, 0.32754504680633545, 0.7624445557594299, 0.3118072748184204, 0.2734575867652893, 0.2632831037044525, 0.2565222382545471, 0.3103531002998352, 0.3079007863998413, 0.32395774126052856, 0.6813055872917175, 0.2749077379703522, 0.2675798833370209, 0.29128700494766235, 0.3686169385910034, 0.3218081295490265, 0.32418543100357056, 0.28373193740844727, 0.3340747058391571, 0.40675151348114014, 0.2972131371498108, 0.27551203966140747, 0.249889075756073] 
Validation accuracy history = [0.45338982343673706, 0.5508474707603455, 0.7203390002250671, 0.6355932354927063, 0.694915235042572, 0.5042372941970825, 0.49152541160583496, 0.7923728823661804, 0.5338982939720154, 0.5254237055778503, 0.8262711763381958, 0.8389830589294434, 0.8177965879440308, 0.8432203531265259, 0.7542372941970825, 0.7754237055778503, 0.8686440587043762, 0.8432203531265259, 0.8771186470985413, 0.7372881174087524, 0.8559321761131287, 0.7796609997749329, 0.8601694703102112, 0.8728813529014587, 0.8093220591545105, 0.8516949415206909, 0.8644067645072937, 0.8940678238868713, 0.7457627058029175, 0.8728813529014587, 0.8771186470985413, 0.8771186470985413, 0.8813559412956238, 0.8898305296897888, 0.8855932354927063, 0.8813559412956238, 0.8389830589294434, 0.8771186470985413, 0.8940678238868713, 0.7923728823661804, 0.8813559412956238, 0.8898305296897888, 0.9025423526763916, 0.8813559412956238, 0.8855932354927063, 0.8686440587043762, 0.8813559412956238, 0.8559321761131287, 0.8728813529014587, 0.8855932354927063, 0.8389830589294434, 0.8644067645072937, 0.8559321761131287, 0.8898305296897888, 0.8940678238868713, 0.8813559412956238, 0.8983050584793091, 0.8601694703102112, 0.8898305296897888, 0.8686440587043762, 0.8983050584793091, 0.8855932354927063, 0.8644067645072937, 0.8728813529014587, 0.8940678238868713, 0.8940678238868713, 0.8898305296897888, 0.8855932354927063, 0.8855932354927063, 0.8940678238868713, 0.8813559412956238, 0.8813559412956238, 0.8898305296897888, 0.8983050584793091, 0.9025423526763916, 0.8771186470985413, 0.8686440587043762, 0.8813559412956238, 0.8474576473236084, 0.75, 0.8771186470985413, 0.8983050584793091, 0.8855932354927063, 0.8855932354927063, 0.8771186470985413, 0.8686440587043762, 0.8728813529014587, 0.758474588394165, 0.8813559412956238, 0.8898305296897888, 0.8813559412956238, 0.8813559412956238, 0.8813559412956238, 0.8728813529014587, 0.8813559412956238, 0.8728813529014587, 0.8728813529014587, 0.8855932354927063, 0.8940678238868713, 0.8983050584793091] 
Validation f1 history = [0.4635416269302368, 0.5533853769302368, 0.7291666269302368, 0.6184895038604736, 0.6992186903953552, 0.5169270634651184, 0.5052083134651184, 0.7955728769302368, 0.5442708134651184, 0.5429686903953552, 0.8268228769302368, 0.8450520038604736, 0.8255207538604736, 0.8359375, 0.7669270038604736, 0.7864582538604736, 0.8658853769302368, 0.8489582538604736, 0.8736978769302368, 0.7447916269302368, 0.8606770038604736, 0.7903645038604736, 0.8645833134651184, 0.8763020038604736, 0.7916666269302368, 0.8437499403953552, 0.8619791269302368, 0.8893228769302368, 0.7460936903953552, 0.8763020634651184, 0.8802082538604736, 0.8802082538604736, 0.8841145038604736, 0.8919270634651184, 0.8880207538604736, 0.8841145038604736, 0.8385416269302368, 0.8802082538604736, 0.8893228769302368, 0.7890624403953552, 0.8841145038604736, 0.8919270634651184, 0.9036457538604736, 0.8841145038604736, 0.8880207538604736, 0.8658853769302368, 0.8841145038604736, 0.8606770634651184, 0.8697916269302368, 0.8815103769302368, 0.8450520038604736, 0.8619791269302368, 0.8541666269302368, 0.8919270038604736, 0.8958333134651184, 0.8776041269302368, 0.8997395634651184, 0.8645833134651184, 0.8854166269302368, 0.8658853769302368, 0.8997395634651184, 0.8815103769302368, 0.8619791269302368, 0.8697916269302368, 0.8958332538604736, 0.8958332538604736, 0.8854166269302368, 0.8880208134651184, 0.8880207538604736, 0.8958332538604736, 0.8841145634651184, 0.8776041269302368, 0.8919270634651184, 0.8997395634651184, 0.9036457538604736, 0.8736978769302368, 0.8658853769302368, 0.8841145038604736, 0.8528645038604736, 0.7630207538604736, 0.8736978769302368, 0.8932291269302368, 0.8749999403953552, 0.8815103769302368, 0.8736978769302368, 0.8658853769302368, 0.8763020038604736, 0.7708332538604736, 0.8841145038604736, 0.8854166269302368, 0.8776041269302368, 0.8841145634651184, 0.8776041269302368, 0.8697916269302368, 0.8776041269302368, 0.8763020634651184, 0.8763020038604736, 0.8815103769302368, 0.8958332538604736, 0.8997395038604736] 
--- 
Radius of the CI = 0.026295243382338882 
True classification of the model is likely between 0.8531614555121618 and 0.9057519422768396 
--- 
Test accuracy = 0.8794566988945007 
Confusion matrix (0 | 1) = 
 [[238  53]
 [ 18 280]] 
--- 
