This file contains information about the lstm model 
Analysis directory = C:\Users\cdetr\Documents\GitHub\nomics\nomics-AI/data/awake_sleep_analysis 
--- 
Segmentation value = 300.0 
Downsampling value = 1.0 
Signal frequency = 1.0 Hz 
Batch size = 32 
Standard scale = 0 
Stateful = 0 
Sliding window = 1 
Center of interest = 60 
Full sequence = 0 
Return sequences = 0 
Data balancing = 1 
--- 
Log time = 15-05-2022 13-20-17 
--- 
Num of epochs = 100, early stop after 98 epochs 
Epochs training computation time history (in sec) = [45.02000021934509, 42.200000524520874, 41.937992811203, 42.06699991226196, 41.569000244140625, 42.2300009727478, 42.1890013217926, 42.89499807357788, 42.84500193595886, 42.267001152038574, 41.80399751663208, 42.40799832344055, 42.29300093650818, 41.87499952316284, 41.744999408721924, 41.88300180435181, 41.033000230789185, 41.64600205421448, 41.45898389816284, 42.11500263214111, 42.133999824523926, 41.179020166397095, 41.42700004577637, 41.38999938964844, 41.75800061225891, 41.27799844741821, 41.81399941444397, 42.63100051879883, 42.65599966049194, 41.121999979019165, 40.83700132369995, 40.50499963760376, 40.68499684333801, 40.8560004234314, 40.10499978065491, 39.631999015808105, 41.39599823951721, 42.61799716949463, 41.5189995765686, 41.56298494338989, 41.84900140762329, 40.970999240875244, 41.65999984741211, 41.97899913787842, 41.950000286102295, 41.875001430511475, 41.269999265670776, 41.17900085449219, 41.1659996509552, 40.35799860954285, 41.15500044822693, 41.13000011444092, 40.722999572753906, 40.47100043296814, 41.69600296020508, 41.11499786376953, 41.28900074958801, 41.10399866104126, 42.49099922180176, 42.60999870300293, 41.80500030517578, 40.99201989173889, 42.07099962234497, 40.91100001335144, 40.98600125312805, 43.047999143600464, 42.772998332977295, 42.168004751205444, 41.662999629974365, 41.54200100898743, 41.59299850463867, 41.39299988746643, 42.21399974822998, 42.19700026512146, 41.4419960975647, 41.466999769210815, 41.23999905586243, 41.14500117301941, 41.303998947143555, 41.9249951839447, 42.96699929237366, 42.02899956703186, 41.95200204849243, 41.75800156593323, 41.810985803604126, 42.05299758911133, 42.560999393463135, 42.13099956512451, 43.12999963760376, 43.075998067855835, 42.398001194000244, 41.68299722671509, 41.66400122642517, 41.814000844955444, 41.992998361587524, 42.79500102996826, 42.470001459121704, 42.342000246047974] 
Epochs training computation time mean (in sec) = 41.766662996642445 
--- 
Training loss history = [0.6578746438026428, 0.49219438433647156, 0.5221859812736511, 0.41647037863731384, 0.3564717769622803, 0.31410959362983704, 0.2936950922012329, 0.2777291238307953, 0.2795231342315674, 0.36625292897224426, 0.33517760038375854, 0.2692207396030426, 0.2592548429965973, 0.25200921297073364, 0.2502896189689636, 0.24799907207489014, 0.23814739286899567, 0.4041694700717926, 0.42078232765197754, 0.6252826452255249, 0.602983295917511, 0.41403928399086, 0.3106590807437897, 0.2886711061000824, 0.27907443046569824, 0.26710382103919983, 0.2747548520565033, 0.2559962868690491, 0.24996134638786316, 0.2428155094385147, 0.23683811724185944, 0.2328781634569168, 0.22509734332561493, 0.22595849633216858, 0.2209509164094925, 0.21774448454380035, 0.20777034759521484, 0.20081932842731476, 0.19689013063907623, 0.1945163607597351, 0.18929864466190338, 0.18354344367980957, 0.16645456850528717, 0.15941455960273743, 0.1567288041114807, 0.14504900574684143, 0.17914126813411713, 0.19521386921405792, 0.1538529247045517, 0.13155801594257355, 0.13244196772575378, 0.11811573058366776, 0.11809778213500977, 0.1342082917690277, 0.11593744158744812, 0.10479345917701721, 0.10140910744667053, 0.09593000262975693, 0.09530722349882126, 0.09399038553237915, 0.08902804553508759, 0.08402757346630096, 0.08386023342609406, 0.08130721747875214, 0.0754893347620964, 0.07849814742803574, 0.07458747923374176, 0.07180950790643692, 0.06990054994821548, 0.06327040493488312, 0.06443489342927933, 0.06339570134878159, 0.07405535131692886, 0.06300020217895508, 0.053722213953733444, 0.05818164348602295, 0.05916358530521393, 0.05495886132121086, 0.05069470778107643, 0.050568290054798126, 0.046503983438014984, 0.05923674628138542, 0.049921415746212006, 0.05559706315398216, 0.3179851770401001, 0.41772663593292236, 0.5317637324333191, 0.5870400071144104, 0.5573094487190247, 0.49764084815979004, 0.5030658841133118, 0.5562996864318848, 0.518072247505188, 0.4880111813545227, 0.5219351053237915, 0.5252224802970886, 0.5171380043029785, 0.5834273099899292] 
Training accuracy history = [0.5967435240745544, 0.7699090838432312, 0.7296257019042969, 0.8135335445404053, 0.8454218506813049, 0.8688940405845642, 0.8802284002304077, 0.8839289546012878, 0.8825967311859131, 0.8213576078414917, 0.8598858118057251, 0.8879467248916626, 0.8894481062889099, 0.8933178186416626, 0.8941214084625244, 0.896510899066925, 0.9006344079971313, 0.7937407493591309, 0.80678790807724, 0.6173186898231506, 0.6710086464881897, 0.8185451626777649, 0.8683865666389465, 0.8785578608512878, 0.8833368420600891, 0.8873123526573181, 0.8857898116111755, 0.8922816514968872, 0.8955381512641907, 0.8981180191040039, 0.9021992087364197, 0.9018397331237793, 0.9055191278457642, 0.9059631824493408, 0.9071474075317383, 0.9094523191452026, 0.9108902812004089, 0.9162190556526184, 0.916472852230072, 0.9202791452407837, 0.9226052165031433, 0.9258405566215515, 0.9328610897064209, 0.9351871609687805, 0.9385916590690613, 0.9414041042327881, 0.9239162802696228, 0.9185874462127686, 0.9379572868347168, 0.9483188986778259, 0.9485726356506348, 0.9541552066802979, 0.9548953175544739, 0.9462677240371704, 0.9550644755363464, 0.9595686197280884, 0.9613871574401855, 0.9633749127388, 0.9643476605415344, 0.9652357697486877, 0.9670754671096802, 0.9687883257865906, 0.9691689610481262, 0.969824492931366, 0.9723408818244934, 0.9711143970489502, 0.9727426767349243, 0.9742228984832764, 0.9752801656723022, 0.9774370789527893, 0.9767392873764038, 0.9773736596107483, 0.9724677801132202, 0.9782829284667969, 0.9804398417472839, 0.9793402552604675, 0.9783675074577332, 0.9807570576667786, 0.9824064373970032, 0.9819412231445312, 0.9840981364250183, 0.9790653586387634, 0.981920063495636, 0.9805878400802612, 0.8513850569725037, 0.8106576204299927, 0.711355447769165, 0.6837598085403442, 0.710551917552948, 0.7628251314163208, 0.7515330910682678, 0.6979488134384155, 0.7364770770072937, 0.7619158625602722, 0.7371537089347839, 0.7304503917694092, 0.7368365526199341, 0.6666948795318604] 
Training f1 history = [0.5967604517936707, 0.7699137926101685, 0.7296257615089417, 0.8135278224945068, 0.8454219102859497, 0.8688911199569702, 0.8802239894866943, 0.883938729763031, 0.882601797580719, 0.8213410973548889, 0.8598986268043518, 0.8879413604736328, 0.8894425630569458, 0.8933069705963135, 0.8941249847412109, 0.8965045213699341, 0.9006322622299194, 0.7937376499176025, 0.8067928552627563, 0.6173232793807983, 0.6710308194160461, 0.8185437321662903, 0.8683885335922241, 0.8785536885261536, 0.8833370208740234, 0.8872923254966736, 0.8857895731925964, 0.8922709822654724, 0.8955416679382324, 0.8981114029884338, 0.902201771736145, 0.9018374681472778, 0.9055115580558777, 0.9059653282165527, 0.9071494340896606, 0.9094393849372864, 0.9108771085739136, 0.9162248373031616, 0.9164736866950989, 0.9202842712402344, 0.9226101636886597, 0.9258401989936829, 0.932854950428009, 0.9351904988288879, 0.9385993480682373, 0.9414066672325134, 0.9238917231559753, 0.9185928106307983, 0.9379602074623108, 0.9483205676078796, 0.9485694169998169, 0.9541561603546143, 0.9548913240432739, 0.9462696313858032, 0.9550701975822449, 0.9595688581466675, 0.9613921046257019, 0.9633698463439941, 0.9643521904945374, 0.9652401804924011, 0.9670748114585876, 0.968787431716919, 0.9691680073738098, 0.96982342004776, 0.9723443984985352, 0.9711180925369263, 0.9727363586425781, 0.974226176738739, 0.9752784371376038, 0.9774399399757385, 0.9767422080039978, 0.9773765206336975, 0.9724663496017456, 0.9782808423042297, 0.9804423451423645, 0.9793379902839661, 0.9783605337142944, 0.9807546138763428, 0.9824038147926331, 0.9819434881210327, 0.9841001629829407, 0.9790679812431335, 0.9819223880767822, 0.9805903434753418, 0.8513844609260559, 0.8106620907783508, 0.7113529443740845, 0.6837608218193054, 0.7105593085289001, 0.7628160715103149, 0.751520574092865, 0.6979382634162903, 0.7364664673805237, 0.7619264721870422, 0.7371626496315002, 0.7304552793502808, 0.7368600964546204, 0.6666980981826782] 
--- 
Validation loss history = [0.5364235043525696, 0.5039300918579102, 0.5406907200813293, 0.3624158501625061, 0.34616971015930176, 0.2922777831554413, 0.2754569351673126, 0.26894286274909973, 0.2632228136062622, 0.576246976852417, 0.2713075280189514, 0.2537372410297394, 0.23961351811885834, 0.2564319372177124, 0.23756420612335205, 0.24257805943489075, 0.23130957782268524, 0.4038545489311218, 0.3843449652194977, 0.6335026621818542, 0.5076972246170044, 0.34716299176216125, 0.28357866406440735, 0.319370299577713, 0.27519115805625916, 0.33271417021751404, 0.2863478362560272, 0.252536416053772, 0.24371661245822906, 0.23612909018993378, 0.23471373319625854, 0.23405322432518005, 0.22466416656970978, 0.22922474145889282, 0.23275226354599, 0.22532591223716736, 0.22582276165485382, 0.21776840090751648, 0.21129581332206726, 0.21369171142578125, 0.21054698526859283, 0.19412165880203247, 0.1916230320930481, 0.2031150609254837, 0.1792038232088089, 0.17115148901939392, 0.3101828098297119, 0.1682862639427185, 0.16858574748039246, 0.1553952693939209, 0.17563748359680176, 0.16061237454414368, 0.16037556529045105, 0.17373836040496826, 0.15656110644340515, 0.15380430221557617, 0.15726803243160248, 0.1522582471370697, 0.1731819063425064, 0.1467599868774414, 0.1579434871673584, 0.1590181589126587, 0.14934536814689636, 0.1722593456506729, 0.1391897052526474, 0.1384020298719406, 0.13888242840766907, 0.17076437175273895, 0.14433352649211884, 0.1308472603559494, 0.19128040969371796, 0.1435236930847168, 0.13464027643203735, 0.14809338748455048, 0.1446991115808487, 0.14498260617256165, 0.15157170593738556, 0.12435001879930496, 0.18148568272590637, 0.15149587392807007, 0.12800627946853638, 0.16440261900424957, 0.15094955265522003, 0.1541566252708435, 0.453279048204422, 0.37509751319885254, 0.6027348637580872, 0.560894787311554, 0.5066941380500793, 0.43726983666419983, 0.5823454260826111, 0.5088263750076294, 0.48386284708976746, 0.4470752477645874, 0.5191475749015808, 0.49830132722854614, 0.49089229106903076, 0.5774035453796387] 
Validation accuracy history = [0.7476688623428345, 0.7535680532455444, 0.7063748836517334, 0.8504281640052795, 0.8504281640052795, 0.8778306245803833, 0.8863939046859741, 0.8911513090133667, 0.8881065845489502, 0.7215985059738159, 0.8862035870552063, 0.8938153982162476, 0.8957183361053467, 0.8911513090133667, 0.8983824849128723, 0.8943862915039062, 0.905042827129364, 0.818458616733551, 0.8378686904907227, 0.6407231092453003, 0.7758325338363647, 0.8561370372772217, 0.8808753490447998, 0.8698382377624512, 0.8901997804641724, 0.8675547242164612, 0.8829686045646667, 0.8922930359840393, 0.8900095224380493, 0.8951475024223328, 0.8964795470237732, 0.9021884202957153, 0.9056137204170227, 0.9037107229232788, 0.8999048471450806, 0.9075166583061218, 0.9019981026649475, 0.911132276058197, 0.9101808071136475, 0.9149381518363953, 0.909419596195221, 0.9235014319419861, 0.9198858141899109, 0.9204567074775696, 0.9292103052139282, 0.9280685186386108, 0.863939106464386, 0.9311132431030273, 0.9335870742797852, 0.938344419002533, 0.9311132431030273, 0.9358705878257751, 0.9392958879470825, 0.933967649936676, 0.9366317987442017, 0.9402473568916321, 0.9434823989868164, 0.9442435503005981, 0.9379638433456421, 0.9476689100265503, 0.9486203789710999, 0.9434823989868164, 0.9493815302848816, 0.9533777236938477, 0.9539486169815063, 0.9522359371185303, 0.9535680413246155, 0.9486203789710999, 0.9547098278999329, 0.9583253860473633, 0.940057098865509, 0.9562321305274963, 0.9524262547492981, 0.9453853368759155, 0.9600380659103394, 0.9571836590766907, 0.9486203789710999, 0.9609895348548889, 0.9587060213088989, 0.9594671726226807, 0.9621313214302063, 0.9507136344909668, 0.9573739171028137, 0.9564224481582642, 0.7786869406700134, 0.831208348274231, 0.6660323739051819, 0.7065652012825012, 0.744624137878418, 0.8009514808654785, 0.6825880408287048, 0.7493815422058105, 0.7556612491607666, 0.7836346626281738, 0.7202664017677307, 0.7385347485542297, 0.762892484664917, 0.6660323739051819] 
Validation f1 history = [0.7461580038070679, 0.7533819675445557, 0.7057358622550964, 0.8491071462631226, 0.8497834205627441, 0.8777326345443726, 0.8862553238868713, 0.8909901976585388, 0.8879599571228027, 0.7202110290527344, 0.8860659599304199, 0.8936417102813721, 0.8955357670783997, 0.8909901976585388, 0.8981872797012329, 0.8942098617553711, 0.9048159718513489, 0.818641722202301, 0.8372834324836731, 0.6403949856758118, 0.7741882801055908, 0.8561418056488037, 0.8807629346847534, 0.8697780966758728, 0.8900431990623474, 0.866828978061676, 0.8828462362289429, 0.8921265602111816, 0.889853835105896, 0.8949674367904663, 0.8962932229042053, 0.901975154876709, 0.9053842425346375, 0.9034903049468994, 0.8997024297714233, 0.9072781801223755, 0.901785671710968, 0.9108766317367554, 0.9099296927452087, 0.9146645069122314, 0.9091721177101135, 0.923187255859375, 0.9195887446403503, 0.9201569557189941, 0.9295454621315002, 0.9277327060699463, 0.8639068603515625, 0.9307630062103271, 0.9339014887809753, 0.9379599690437317, 0.9314393997192383, 0.936174213886261, 0.9389069676399231, 0.934280276298523, 0.9369317889213562, 0.9405303001403809, 0.9437500238418579, 0.9445075988769531, 0.9382575750350952, 0.9479166865348816, 0.9488636255264282, 0.9430736303329468, 0.9496212005615234, 0.9535984992980957, 0.9541666507720947, 0.9524621367454529, 0.9537878632545471, 0.9488636255264282, 0.9549242258071899, 0.9585227370262146, 0.9403409361839294, 0.9564393758773804, 0.9526515007019043, 0.945643961429596, 0.9602272510528564, 0.9573863744735718, 0.9488636255264282, 0.9611742496490479, 0.9589015245437622, 0.9596590995788574, 0.9623106122016907, 0.9502705931663513, 0.9575757384300232, 0.9566287994384766, 0.7770291566848755, 0.8306546211242676, 0.6662607789039612, 0.7059252858161926, 0.7444804906845093, 0.7998645901679993, 0.6820616126060486, 0.7485389113426208, 0.754788875579834, 0.7833061218261719, 0.7195616364479065, 0.7377434372901917, 0.7619858980178833, 0.66558438539505] 
--- 
Radius of the CI = 0.0031891088604595634 
True classification of the model is likely between 0.9607295770526264 and 0.9671077947735455 
--- 
Test accuracy = 0.9639186859130859 
Confusion matrix (0 | 1) = 
 [[6401  187]
 [ 287 6262]] 
--- 
