This file contains information about the resnet model 
Analysis directory = C:\Users\cdetr\Documents\GitHub\nomics\nomics-AI/data/task2/tfe/without_oe/analysis_backup 
--- 
Segmentation value = 300.0 
Downsampling value = 1.0 
Signal frequency = 1.0 Hz 
Batch size = 32 
Standard scale = 0 
Stateful = 0 
Sliding window = 0 
Center of interest = 10 
Full sequence = 0 
Return sequences = 0 
Data balancing = 1 
--- 
Log time = 14-06-2022 13-38-25 
--- 
Num of epochs = 100, early stop after 72 epochs 
Epochs training computation time history (in sec) = [13.156851291656494, 6.751519441604614, 7.145214796066284, 7.422964096069336, 8.004080772399902, 7.063404083251953, 6.4742865562438965, 6.8962602615356445, 6.585468530654907, 6.958040714263916, 6.500189304351807, 6.761172294616699, 6.387422800064087, 6.467498302459717, 6.600313663482666, 6.895357370376587, 7.030130386352539, 7.025088548660278, 6.882049560546875, 6.7841150760650635, 6.956822156906128, 6.725650072097778, 6.941585540771484, 7.172187566757202, 7.917752742767334, 7.420134782791138, 7.577281951904297, 7.097505569458008, 6.737838506698608, 6.716817140579224, 6.887212038040161, 6.8782854080200195, 6.424341440200806, 6.458611488342285, 6.420238971710205, 6.692168474197388, 7.8373799324035645, 7.327308416366577, 6.976949453353882, 6.422445058822632, 6.292307376861572, 6.460209608078003, 6.7834062576293945, 6.832763671875, 6.355681657791138, 6.997832536697388, 6.708450555801392, 6.90057635307312, 7.1238837242126465, 6.68037223815918, 6.78837776184082, 6.991641521453857, 6.928577184677124, 6.84169864654541, 6.5949883460998535, 6.827608108520508, 6.743503093719482, 6.73029088973999, 7.505935907363892, 8.503080368041992, 7.564513444900513, 6.988318204879761, 6.855948209762573, 7.039118528366089, 7.297832250595093, 6.792509317398071, 6.416218519210815, 6.412363529205322, 6.294665098190308, 6.573810577392578, 6.832371473312378, 6.523956775665283] 
Epochs training computation time mean (in sec) = 6.980038281944063 
--- 
Training loss history = [0.42329102754592896, 0.320207804441452, 0.3120739161968231, 0.3074212670326233, 0.2994093894958496, 0.3025560975074768, 0.29674452543258667, 0.29886677861213684, 0.294111967086792, 0.2940632104873657, 0.29042473435401917, 0.28427407145500183, 0.2845554053783417, 0.2773516774177551, 0.27529096603393555, 0.2639518976211548, 0.254176527261734, 0.2491898089647293, 0.2382594347000122, 0.23433375358581543, 0.23100996017456055, 0.22947482764720917, 0.22298024594783783, 0.22189722955226898, 0.2222398966550827, 0.21723458170890808, 0.22197210788726807, 0.21883931756019592, 0.21538548171520233, 0.21357348561286926, 0.2020692229270935, 0.20744523406028748, 0.19937288761138916, 0.20207376778125763, 0.20282797515392303, 0.19977112114429474, 0.1974550485610962, 0.19475042819976807, 0.19045531749725342, 0.18712398409843445, 0.18102945387363434, 0.17918527126312256, 0.17989550530910492, 0.17440326511859894, 0.1667323112487793, 0.1683051884174347, 0.167443186044693, 0.16359764337539673, 0.14994286000728607, 0.15133580565452576, 0.14661671221256256, 0.1534930020570755, 0.14205467700958252, 0.13708582520484924, 0.13842691481113434, 0.12647469341754913, 0.12504485249519348, 0.1239619180560112, 0.12110138684511185, 0.11178598552942276, 0.11259489506483078, 0.10785084217786789, 0.10411297529935837, 0.1082950010895729, 0.09577777981758118, 0.0847417339682579, 0.08991066366434097, 0.0825340673327446, 0.08192820101976395, 0.08499617874622345, 0.07018985599279404, 0.06975766271352768] 
Training accuracy history = [0.8087223172187805, 0.8646131157875061, 0.8691648244857788, 0.8704350590705872, 0.8754101991653442, 0.8715994358062744, 0.8735048174858093, 0.8715994358062744, 0.8773155212402344, 0.8756219148635864, 0.8753043413162231, 0.8798560500144958, 0.8812321424484253, 0.8812321424484253, 0.8820789456367493, 0.8887477517127991, 0.8961575031280518, 0.8994389772415161, 0.904202401638031, 0.9072721600532532, 0.9061077833175659, 0.9069545865058899, 0.9110828638076782, 0.9082248210906982, 0.9102360606193542, 0.9134116768836975, 0.9097067713737488, 0.9121414422988892, 0.9152112007141113, 0.9153170585632324, 0.9209272861480713, 0.9195511937141418, 0.9210331439971924, 0.9207155704498291, 0.9192336201667786, 0.9190219044685364, 0.9184926152229309, 0.919762909412384, 0.9250555634498596, 0.9247379899024963, 0.9265375137329102, 0.9271726608276367, 0.9289721846580505, 0.9331004619598389, 0.9343706965446472, 0.9340531229972839, 0.9352174997329712, 0.9347941279411316, 0.9425214529037476, 0.939875066280365, 0.9432623982429504, 0.9406160712242126, 0.9463321566581726, 0.946755588054657, 0.9471790194511414, 0.9510955810546875, 0.9522599577903748, 0.9533185362815857, 0.9523658156394958, 0.9573409557342529, 0.95945805311203, 0.960304856300354, 0.9608341455459595, 0.9575526714324951, 0.9635863304138184, 0.9684556126594543, 0.9664443731307983, 0.96803218126297, 0.9704667925834656, 0.9673970341682434, 0.9749126434326172, 0.9731131792068481] 
Training f1 history = [0.808850109577179, 0.8645933270454407, 0.8691329956054688, 0.8707770109176636, 0.8757389187812805, 0.8708071112632751, 0.8723304271697998, 0.8711841702461243, 0.876885175704956, 0.8748189806938171, 0.8748793601989746, 0.879796028137207, 0.8815454840660095, 0.880791425704956, 0.8823900818824768, 0.8886642456054688, 0.8964315056800842, 0.899327278137207, 0.9040781855583191, 0.907139778137207, 0.9059785604476929, 0.9060689806938171, 0.910940408706665, 0.9080899357795715, 0.9104729890823364, 0.9132630825042725, 0.9091909527778625, 0.9123733043670654, 0.9150579571723938, 0.915163516998291, 0.9211359620094299, 0.9190093278884888, 0.9212414622306824, 0.9209248423576355, 0.919069766998291, 0.9192355275154114, 0.918330729007721, 0.919974684715271, 0.92487633228302, 0.9249365329742432, 0.9263542890548706, 0.9273648858070374, 0.9291596412658691, 0.9329000115394592, 0.9345439076423645, 0.9338501691818237, 0.9353885054588318, 0.9349662065505981, 0.9426731467247009, 0.9396566152572632, 0.9430351257324219, 0.9403957724571228, 0.9464737176895142, 0.9453878402709961, 0.947318434715271, 0.9504705667495728, 0.9523859620094299, 0.9530646800994873, 0.9524914622306824, 0.9574535489082336, 0.9588109850883484, 0.9604096412658691, 0.9605604410171509, 0.9576646685600281, 0.9636824131011963, 0.9681618213653564, 0.9657788872718811, 0.9681165814399719, 0.9705447554588318, 0.9674831032752991, 0.9746018648147583, 0.9731841087341309] 
--- 
Validation loss history = [0.467346727848053, 0.44979965686798096, 0.3588550090789795, 0.44117847084999084, 0.6048389077186584, 0.2896127998828888, 0.44956251978874207, 0.37975797057151794, 0.5240656733512878, 0.3622365891933441, 0.5135965943336487, 0.2977306544780731, 0.3031197786331177, 0.3096040189266205, 0.38446563482284546, 0.2689041495323181, 0.2794039249420166, 0.26729878783226013, 0.24213233590126038, 0.295907199382782, 0.21340271830558777, 0.24278531968593597, 0.5478721261024475, 0.24316897988319397, 0.23958276212215424, 0.2777462303638458, 0.2193823903799057, 0.7054837942123413, 0.26654180884361267, 0.21699534356594086, 0.2562304735183716, 0.21634289622306824, 0.2182839959859848, 0.2746480107307434, 0.2547629177570343, 0.1979818046092987, 0.23757538199424744, 0.2172200232744217, 0.2270480990409851, 0.2542835474014282, 0.27026450634002686, 0.230322927236557, 0.21473023295402527, 0.2150009125471115, 0.21409596502780914, 0.2723543345928192, 0.27109017968177795, 0.2641673684120178, 0.2355191707611084, 0.2819178104400635, 0.30197763442993164, 0.19697102904319763, 1.4804705381393433, 0.23307295143604279, 0.20961882174015045, 0.2431589663028717, 0.2574288249015808, 0.25044193863868713, 0.2117074579000473, 0.26762330532073975, 0.5988389849662781, 0.22134894132614136, 0.6029016375541687, 0.2210165411233902, 0.19961804151535034, 0.2290855050086975, 0.2714616656303406, 0.2681395411491394, 0.46837443113327026, 0.22621913254261017, 0.2804272770881653, 0.25414910912513733] 
Validation accuracy history = [0.7980952262878418, 0.8266666531562805, 0.8647618889808655, 0.8066666722297668, 0.7657142877578735, 0.8752381205558777, 0.8028571605682373, 0.831428587436676, 0.7857142686843872, 0.854285717010498, 0.800000011920929, 0.8676190376281738, 0.8704761862754822, 0.8676190376281738, 0.8419047594070435, 0.8895238041877747, 0.8819047808647156, 0.8952381014823914, 0.9038095474243164, 0.8628571629524231, 0.916190505027771, 0.9123809337615967, 0.6866666674613953, 0.9009523987770081, 0.9066666960716248, 0.8866666555404663, 0.9142857193946838, 0.739047646522522, 0.8895238041877747, 0.916190505027771, 0.8857142925262451, 0.9190475940704346, 0.9123809337615967, 0.8895238041877747, 0.8971428275108337, 0.9238095283508301, 0.9066666960716248, 0.915238082408905, 0.9200000166893005, 0.8904761672019958, 0.8828571438789368, 0.9009523987770081, 0.9171428680419922, 0.9180952310562134, 0.9171428680419922, 0.907619059085846, 0.8942857384681702, 0.9133333563804626, 0.9142857193946838, 0.8780952095985413, 0.8866666555404663, 0.9266666769981384, 0.7323809266090393, 0.9238095283508301, 0.9295238256454468, 0.9047619104385376, 0.9028571248054504, 0.9095237851142883, 0.9104762077331543, 0.8876190185546875, 0.854285717010498, 0.9228571653366089, 0.7685714364051819, 0.9200000166893005, 0.9333333373069763, 0.915238082408905, 0.9247618913650513, 0.9171428680419922, 0.8809523582458496, 0.9285714030265808, 0.8904761672019958, 0.9257143139839172] 
Validation f1 history = [0.7985867857933044, 0.826995849609375, 0.8650931715965271, 0.8071094751358032, 0.766389787197113, 0.8757284283638, 0.8035401701927185, 0.832386314868927, 0.7862761616706848, 0.8551136255264282, 0.801136314868927, 0.8683711886405945, 0.8709936141967773, 0.8679341673851013, 0.842584490776062, 0.8899329304695129, 0.8825756907463074, 0.895614743232727, 0.9043560028076172, 0.863636314868927, 0.9166666865348816, 0.9128787517547607, 0.6869171857833862, 0.9015150666236877, 0.9071969389915466, 0.8873105645179749, 0.9147726893424988, 0.7400931715965271, 0.8901514410972595, 0.9166666269302368, 0.8863635659217834, 0.9195075035095215, 0.9128787517547607, 0.8901514410972595, 0.8977271914482117, 0.924242377281189, 0.9071969389915466, 0.9157196283340454, 0.9204545021057129, 0.8910984396934509, 0.8835226893424988, 0.9015150666236877, 0.9176135659217834, 0.9185605645179749, 0.9176135659217834, 0.9079253673553467, 0.894886314868927, 0.9138256907463074, 0.9147726893424988, 0.8787878155708313, 0.8873105645179749, 0.9270832538604736, 0.7328087687492371, 0.924242377281189, 0.9299241900444031, 0.9053030014038086, 0.9034090042114258, 0.9096007347106934, 0.9109848141670227, 0.8882575035095215, 0.8548950552940369, 0.9232953786849976, 0.7690121531486511, 0.9204545021057129, 0.9337120652198792, 0.9155011177062988, 0.9251893162727356, 0.9171764850616455, 0.8816287517547607, 0.9289771914482117, 0.8908798694610596, 0.926136314868927] 
--- 
Radius of the CI = 0.009984413907071946 
True classification of the model is likely between 0.9164917666463643 and 0.9364605944605082 
--- 
Test accuracy = 0.9264761805534363 
Confusion matrix (0 | 1) = 
 [[1229   95]
 [  98 1203]] 
--- 
