This file contains information about the resnet model 
Analysis directory = C:\Users\cdetr\Documents\GitHub\nomics\nomics-AI/data/task2/tfe/without_oe/analysis_backup 
--- 
Segmentation value = 600.0 
Downsampling value = 1.0 
Signal frequency = 1.0 Hz 
Batch size = 32 
Standard scale = 0 
Stateful = 0 
Sliding window = 1 
Center of interest = 180 
Full sequence = 0 
Return sequences = 0 
Data balancing = 1 
--- 
Log time = 19-06-2022 11-16-41 
--- 
Num of epochs = 100, early stop after 52 epochs 
Epochs training computation time history (in sec) = [20.808998823165894, 15.135000944137573, 14.840999126434326, 15.003998279571533, 14.95699954032898, 14.974001407623291, 14.836000442504883, 14.733999252319336, 14.824999809265137, 15.03600025177002, 14.770000696182251, 14.923002243041992, 14.890071392059326, 14.9850013256073, 15.36601710319519, 14.911999940872192, 15.855001211166382, 15.713001251220703, 15.81800103187561, 15.189002513885498, 15.255998134613037, 15.16999864578247, 15.395999670028687, 15.422986507415771, 15.184996128082275, 15.381999731063843, 15.227998733520508, 14.95799994468689, 15.052000045776367, 15.12999963760376, 15.612005233764648, 15.724000453948975, 15.649000406265259, 15.169999837875366, 15.760998964309692, 15.64300012588501, 14.608999967575073, 14.394997119903564, 14.41400146484375, 14.440001010894775, 15.213000059127808, 15.244998455047607, 15.310998916625977, 15.127000570297241, 15.041015863418579, 15.105997562408447, 15.2630033493042, 15.299997806549072, 15.179001092910767, 15.06199598312378, 15.12900161743164, 17.64336323738098] 
Epochs training computation time mean (in sec) = 15.303624093532562 
--- 
Training loss history = [0.36948081851005554, 0.29753267765045166, 0.28534436225891113, 0.2791388928890228, 0.2704790234565735, 0.2677956223487854, 0.26059216260910034, 0.26003849506378174, 0.25370025634765625, 0.2573987543582916, 0.2469584047794342, 0.24903985857963562, 0.24789616465568542, 0.2387479990720749, 0.23571886122226715, 0.23160673677921295, 0.21623794734477997, 0.2112804353237152, 0.20713655650615692, 0.19686494767665863, 0.19516268372535706, 0.19090619683265686, 0.1850000023841858, 0.175506591796875, 0.17552787065505981, 0.1698218584060669, 0.16318652033805847, 0.15820394456386566, 0.15249648690223694, 0.15148033201694489, 0.14603844285011292, 0.1418401300907135, 0.13796427845954895, 0.13128124177455902, 0.12357532232999802, 0.11474240571260452, 0.11300154030323029, 0.11553230881690979, 0.10580137372016907, 0.1022346243262291, 0.10109761357307434, 0.0917796790599823, 0.08803856372833252, 0.08340578526258469, 0.09113681316375732, 0.07410582900047302, 0.08010200411081314, 0.06919436156749725, 0.07091519981622696, 0.06637711822986603, 0.06130479648709297, 0.06259214878082275] 
Training accuracy history = [0.8361251354217529, 0.8742455840110779, 0.8824978470802307, 0.8837295174598694, 0.8874861598014832, 0.8873629570007324, 0.8912427425384521, 0.8923512697219849, 0.8982017636299133, 0.8929671049118042, 0.8992486596107483, 0.8992486596107483, 0.8966005444526672, 0.9033747911453247, 0.9039290547370911, 0.9068235158920288, 0.9156299829483032, 0.9171079993247986, 0.9217268228530884, 0.923943817615509, 0.923882246017456, 0.9257297515869141, 0.9293632507324219, 0.9335509538650513, 0.935644805431366, 0.9349057674407959, 0.9391550421714783, 0.940325140953064, 0.9413105249404907, 0.9415568709373474, 0.9459908604621887, 0.9475305080413818, 0.9473457336425781, 0.9525803923606873, 0.9536272883415222, 0.9568912386894226, 0.9571375846862793, 0.9561522603034973, 0.960032045841217, 0.9606478810310364, 0.962864875793457, 0.9661903977394104, 0.9670525789260864, 0.9693927764892578, 0.9681611061096191, 0.9723488092422485, 0.9713019132614136, 0.9749353528022766, 0.9735804796218872, 0.9747505784034729, 0.9781376719474792, 0.9765365123748779] 
Training f1 history = [0.8361483812332153, 0.8740684390068054, 0.8823115229606628, 0.8838582038879395, 0.8874524831771851, 0.8874084949493408, 0.8912049531936646, 0.8923913836479187, 0.8981562852859497, 0.893006443977356, 0.8993602395057678, 0.8992811441421509, 0.896714985370636, 0.9030072689056396, 0.9037981629371643, 0.9066894054412842, 0.9156442880630493, 0.9169624447822571, 0.9217343330383301, 0.9239489436149597, 0.9239665269851685, 0.9255747199058533, 0.9293622970581055, 0.9336245059967041, 0.9356369376182556, 0.9348196387290955, 0.9391433000564575, 0.9403912425041199, 0.9413754940032959, 0.9416215419769287, 0.9460506439208984, 0.9475885629653931, 0.9474040269851685, 0.9524747133255005, 0.9535204768180847, 0.9569389820098877, 0.9571059346199036, 0.9561216831207275, 0.9600762724876404, 0.9606914520263672, 0.9627478122711182, 0.9660696983337402, 0.967089056968689, 0.9693475365638733, 0.9681963324546814, 0.9722212553024292, 0.9713336825370789, 0.9748839735984802, 0.973530650138855, 0.9747785329818726, 0.9781619310379028, 0.9765625] 
--- 
Validation loss history = [0.3179006278514862, 0.4790995121002197, 0.3156723380088806, 1.8260706663131714, 0.3093753159046173, 0.27037936449050903, 0.26822027564048767, 0.2978570759296417, 0.3580714464187622, 0.3044222593307495, 0.28128689527511597, 0.28456464409828186, 0.2640222907066345, 0.24433214962482452, 0.37574291229248047, 0.26726120710372925, 0.2515530586242676, 0.2463989108800888, 0.2605847716331482, 0.24992091953754425, 0.34855183959007263, 0.30858972668647766, 0.21832944452762604, 0.2448352724313736, 0.2228318303823471, 0.3887161612510681, 0.24683646857738495, 0.19139017164707184, 1.0965930223464966, 0.1861918568611145, 0.536478579044342, 0.23094940185546875, 0.2514086067676544, 0.1985391527414322, 0.2806307375431061, 0.1771296262741089, 0.6671333312988281, 0.26043543219566345, 0.1960720717906952, 0.2013319879770279, 0.16750268638134003, 0.1535109430551529, 0.28668564558029175, 0.17005369067192078, 0.20437008142471313, 0.2493422031402588, 0.2747097909450531, 0.3058428466320038, 0.2078101485967636, 0.3182550370693207, 0.5167079567909241, 0.16737262904644012] 
Validation accuracy history = [0.8470914363861084, 0.805540144443512, 0.8520775437355042, 0.6204985976219177, 0.8554016351699829, 0.873130202293396, 0.8781163692474365, 0.8686980605125427, 0.8382271528244019, 0.8681440353393555, 0.8781163692474365, 0.8714681267738342, 0.8781163692474365, 0.8897507190704346, 0.8277008533477783, 0.8869805932044983, 0.8991689682006836, 0.9013850688934326, 0.8875346183776855, 0.8925207853317261, 0.8393352031707764, 0.8526315689086914, 0.9096952676773071, 0.9069252014160156, 0.9041551351547241, 0.809418261051178, 0.8947368264198303, 0.9296398758888245, 0.6975069046020508, 0.9279778599739075, 0.73850417137146, 0.9085872769355774, 0.9019390344619751, 0.9180055260658264, 0.9002770185470581, 0.9329639673233032, 0.7950138449668884, 0.8958448767662048, 0.9218836426734924, 0.9202216267585754, 0.9329639673233032, 0.9418282508850098, 0.8891966938972473, 0.9473684430122375, 0.9351800680160522, 0.9019390344619751, 0.8969529271125793, 0.890304684638977, 0.9329639673233032, 0.8997229933738708, 0.8099722862243652, 0.9490304589271545] 
Validation f1 history = [0.8454790115356445, 0.804360568523407, 0.8512144684791565, 0.6188427209854126, 0.8553052544593811, 0.8704452514648438, 0.8769820928573608, 0.866860568523407, 0.8375083804130554, 0.8679149746894836, 0.8761807680130005, 0.8704031109809875, 0.8777834177017212, 0.8884952068328857, 0.8270916938781738, 0.8865552544593811, 0.8986167311668396, 0.900809645652771, 0.8879047632217407, 0.891236424446106, 0.8378035426139832, 0.8517627120018005, 0.9090332984924316, 0.9062920808792114, 0.9043521285057068, 0.8081982731819153, 0.8934293985366821, 0.9295714497566223, 0.695850133895874, 0.927926778793335, 0.7380228638648987, 0.9095394015312195, 0.9021591544151306, 0.9156544804573059, 0.9005144238471985, 0.9328609704971313, 0.7947452068328857, 0.8961284756660461, 0.9218961000442505, 0.9202512502670288, 0.9336622953414917, 0.9416329264640808, 0.8863443732261658, 0.9479166865348816, 0.9358552694320679, 0.8997552990913391, 0.8972249627113342, 0.8890434503555298, 0.9336622953414917, 0.8975623250007629, 0.8079452514648438, 0.9495614171028137] 
--- 
Radius of the CI = 0.00681336435475157 
True classification of the model is likely between 0.9353280493339081 and 0.9489547780434112 
--- 
Test accuracy = 0.9421414136886597 
Confusion matrix (0 | 1) = 
 [[2081  128]
 [ 133 2169]] 
--- 
