This file contains information about the lstm model 
Analysis directory = C:\Users\cdetr\Documents\GitHub\nomics\nomics-AI/data/awake_sleep_analysis 
--- 
Segmentation value = 120.0 
Downsampling value = 1.0 
Signal frequency = 1.0 Hz 
Batch size = 16 
Standard scale = 0 
Stateful = 0 
Sliding window = 0 
Center of interest = 10 
Full sequence = 0 
Return sequences = 1 
Data balancing = 1 
--- 
Log time = 14-05-2022 14-14-52 
--- 
Num of epochs = 100, early stop after 58 epochs 
Epochs training computation time history (in sec) = [65.89603233337402, 51.85996985435486, 49.12699508666992, 49.93499946594238, 47.26199913024902, 46.027968645095825, 45.155980348587036, 45.16697096824646, 44.01298141479492, 44.79497146606445, 46.090970039367676, 47.73700213432312, 45.931997776031494, 44.78101587295532, 40.984018087387085, 41.68400025367737, 41.82399320602417, 38.62697505950928, 37.64799976348877, 38.47000217437744, 38.74500322341919, 40.36001682281494, 65.57000184059143, 67.51096987724304, 36.1029691696167, 43.42797374725342, 43.74100136756897, 58.79800367355347, 44.57700061798096, 45.56697177886963, 43.67296528816223, 45.21399188041687, 45.606969356536865, 43.77897548675537, 46.35497045516968, 46.30101275444031, 44.583001375198364, 41.55600666999817, 42.604975938797, 43.38299798965454, 44.668999433517456, 47.140990018844604, 43.84296488761902, 42.14200210571289, 43.97399353981018, 44.62699103355408, 44.36701250076294, 46.17199945449829, 45.34900093078613, 43.411999464035034, 44.16099429130554, 45.536001443862915, 46.54098343849182, 42.737980365753174, 43.9849898815155, 44.36799168586731, 46.2140007019043, 46.22700047492981] 
Epochs training computation time mean (in sec) = 45.61962962150574 
--- 
Training loss history = [0.6609451770782471, 0.513447642326355, 0.5289101004600525, 0.49765685200691223, 0.4631163775920868, 0.42932063341140747, 0.41861313581466675, 0.4145202338695526, 0.4049230217933655, 0.4039989113807678, 0.3966878056526184, 0.3927951455116272, 0.392553448677063, 0.39266711473464966, 0.38917097449302673, 0.39203405380249023, 0.3831479251384735, 0.38233786821365356, 0.3772158920764923, 0.37809792160987854, 0.3762822449207306, 0.3721247613430023, 0.3741304278373718, 0.36833783984184265, 0.3672979772090912, 0.36326393485069275, 0.36178645491600037, 0.35964885354042053, 0.3610989451408386, 0.3522309362888336, 0.3494451642036438, 0.3469615578651428, 0.33869507908821106, 0.3324067294597626, 0.3375928997993469, 0.3236570358276367, 0.32000932097435, 0.31540462374687195, 0.3083590567111969, 0.30625128746032715, 0.30207380652427673, 0.29577377438545227, 0.2922492027282715, 0.2907525897026062, 0.282553106546402, 0.27581852674484253, 0.29442256689071655, 0.28661108016967773, 0.2798832356929779, 0.277972549200058, 0.27137207984924316, 0.26166126132011414, 0.2563345730304718, 0.2664833068847656, 0.2631874978542328, 0.2527640163898468, 0.23718571662902832, 0.24350564181804657] 
Training accuracy history = [0.5854074954986572, 0.7507157921791077, 0.7162479162216187, 0.7594927549362183, 0.7815326452255249, 0.7990708947181702, 0.8065012693405151, 0.8088567852973938, 0.8154496550559998, 0.8149340748786926, 0.8185641765594482, 0.8213463425636292, 0.8209249377250671, 0.8217834234237671, 0.8242554068565369, 0.821321427822113, 0.8253049254417419, 0.8266606330871582, 0.830869197845459, 0.8281394243240356, 0.8305799961090088, 0.83269864320755, 0.8316910266876221, 0.8341799974441528, 0.8349952697753906, 0.8376884460449219, 0.8380823135375977, 0.8375497460365295, 0.8389041423797607, 0.8423170447349548, 0.8438507914543152, 0.8433272838592529, 0.8483890891075134, 0.8514381647109985, 0.8477832078933716, 0.8554334044456482, 0.8582351803779602, 0.858841061592102, 0.8630365133285522, 0.8642404675483704, 0.8644276261329651, 0.8689070343971252, 0.8693689703941345, 0.8719509243965149, 0.8752722144126892, 0.8774706721305847, 0.8705650568008423, 0.873992383480072, 0.8755417466163635, 0.8757746815681458, 0.8783212900161743, 0.8834484815597534, 0.8860461115837097, 0.881536602973938, 0.8837730288505554, 0.8884264826774597, 0.8959341049194336, 0.8912256360054016] 
Training f1 history = [0.5854074954986572, 0.7507157921791077, 0.7162476181983948, 0.759492814540863, 0.781532883644104, 0.7990707159042358, 0.8065012097358704, 0.8088572025299072, 0.8154497146606445, 0.8149338364601135, 0.8185634613037109, 0.8213467001914978, 0.8209251761436462, 0.8217834830284119, 0.824255108833313, 0.8213211894035339, 0.8253046274185181, 0.8266610503196716, 0.830869197845459, 0.8281391859054565, 0.8305799961090088, 0.8326988220214844, 0.8316910266876221, 0.8341798186302185, 0.8349950313568115, 0.837688684463501, 0.8380820155143738, 0.8375498056411743, 0.8389043807983398, 0.8423169255256653, 0.8438512682914734, 0.8433272242546082, 0.8483889102935791, 0.8514385223388672, 0.8477838635444641, 0.8554332256317139, 0.8582351207733154, 0.8588412404060364, 0.8630368113517761, 0.8642402291297913, 0.8644280433654785, 0.8689068555831909, 0.8693689107894897, 0.871951162815094, 0.8752723336219788, 0.8774710297584534, 0.8705646991729736, 0.8739925622940063, 0.8755415678024292, 0.8757750391960144, 0.8783209919929504, 0.8834483027458191, 0.886046290397644, 0.8815363645553589, 0.8837729096412659, 0.8884266018867493, 0.8959338068962097, 0.8912259936332703] 
--- 
Validation loss history = [0.6480013728141785, 0.4645976722240448, 0.6114554405212402, 0.4628523886203766, 0.42875799536705017, 0.40499162673950195, 0.4034372568130493, 0.42003774642944336, 0.39356330037117004, 0.4092847406864166, 0.39359599351882935, 0.3837408721446991, 0.43023163080215454, 0.389879047870636, 0.4040122628211975, 0.3967301845550537, 0.38208723068237305, 0.3828172981739044, 0.38714197278022766, 0.393179714679718, 0.3831469416618347, 0.3832947015762329, 0.3873876929283142, 0.37889763712882996, 0.37972643971443176, 0.36886468529701233, 0.37461724877357483, 0.3834509253501892, 0.392087459564209, 0.36391639709472656, 0.3684130311012268, 0.37894514203071594, 0.40036502480506897, 0.3605639636516571, 0.3726763427257538, 0.3771539032459259, 0.3599245846271515, 0.3588266670703888, 0.36111244559288025, 0.3733934760093689, 0.3770008385181427, 0.3668705224990845, 0.3640004098415375, 0.39292994141578674, 0.36173972487449646, 0.3789084553718567, 0.4063524901866913, 0.4001571834087372, 0.39715704321861267, 0.39604049921035767, 0.40542301535606384, 0.4068673849105835, 0.3925650119781494, 0.44886520504951477, 0.3804098069667816, 0.39374077320098877, 0.4094831347465515, 0.40839558839797974] 
Validation accuracy history = [0.5930320024490356, 0.7865230441093445, 0.6743055582046509, 0.7899599671363831, 0.7978578209877014, 0.8101577162742615, 0.8097457885742188, 0.8091925382614136, 0.8175612092018127, 0.8094750642776489, 0.8194562196731567, 0.8244703412055969, 0.7960687279701233, 0.8194326758384705, 0.8174552917480469, 0.8223634362220764, 0.8226341605186462, 0.8249764442443848, 0.8235640525817871, 0.8160192966461182, 0.8317796587944031, 0.8276011943817139, 0.8166784644126892, 0.82789546251297, 0.8299199342727661, 0.8355225920677185, 0.8337217569351196, 0.8310028314590454, 0.828754723072052, 0.8373234272003174, 0.8314618468284607, 0.8386181592941284, 0.8218808770179749, 0.8394538760185242, 0.834475040435791, 0.8331921100616455, 0.8433262705802917, 0.8394891619682312, 0.8404660820960999, 0.8390772342681885, 0.8440324664115906, 0.8453271985054016, 0.8439265489578247, 0.8315089344978333, 0.8452565670013428, 0.838265061378479, 0.8371939659118652, 0.8341219425201416, 0.8278130888938904, 0.8346986770629883, 0.8235640525817871, 0.839524507522583, 0.8429849147796631, 0.8336511254310608, 0.8440678119659424, 0.8373352289199829, 0.8428083658218384, 0.8314736485481262] 
Validation f1 history = [0.5898148417472839, 0.7843517065048218, 0.6723378896713257, 0.7885299921035767, 0.7968171238899231, 0.8091897964477539, 0.8079512715339661, 0.808171272277832, 0.8171989321708679, 0.8086572289466858, 0.8180208802223206, 0.823923647403717, 0.7947453260421753, 0.8192823529243469, 0.8183102011680603, 0.8216086626052856, 0.822013795375824, 0.8241087198257446, 0.8226503133773804, 0.8148494958877563, 0.8297568559646606, 0.8266549110412598, 0.8160184025764465, 0.8270832300186157, 0.8296990990638733, 0.8338195085525513, 0.8335069417953491, 0.8298957943916321, 0.8272685408592224, 0.8361457586288452, 0.8281596899032593, 0.8374189734458923, 0.8207175135612488, 0.8372684121131897, 0.8334838151931763, 0.8302775621414185, 0.8424999713897705, 0.8382753729820251, 0.837638795375824, 0.839293897151947, 0.8432290554046631, 0.8445369005203247, 0.8432636857032776, 0.8292129635810852, 0.8449884057044983, 0.8374884128570557, 0.836678147315979, 0.8336227536201477, 0.8286341428756714, 0.8338079452514648, 0.8197336792945862, 0.8391087651252747, 0.8425116539001465, 0.8342708349227905, 0.8418400287628174, 0.8357060551643372, 0.8434488773345947, 0.8292129635810852] 
--- 
Radius of the CI = 0.01720978471583792 
True classification of the model is likely between 0.8197440936868721 and 0.8541636631185479 
--- 
Test accuracy = 0.83695387840271 
Confusion matrix (0 | 1) = 
 [[89645 16510]
 [18121 88124]] 
--- 
