This file contains information about the resnet model 
Analysis directory = C:\Users\cdetr\Documents\GitHub\nomics\nomics-AI/data/task2/tfe/with_oe/analysis 
--- 
Segmentation value = 180.0 
Downsampling value = 1.0 
Signal frequency = 1.0 Hz 
Batch size = 32 
Standard scale = 0 
Stateful = 0 
Sliding window = 1 
Center of interest = 60 
Full sequence = 0 
Return sequences = 0 
Data balancing = 1 
--- 
Log time = 13-06-2022 15-06-41 
--- 
Num of epochs = 100, early stop after 71 epochs 
Epochs training computation time history (in sec) = [108.18430399894714, 54.23437023162842, 57.93399930000305, 63.25699973106384, 62.51800060272217, 112.96200108528137, 60.13200044631958, 110.20199966430664, 142.19400072097778, 61.86699914932251, 66.28199863433838, 61.95700454711914, 70.3069121837616, 61.6680006980896, 70.08300018310547, 108.3670003414154, 153.45399832725525, 76.44899821281433, 112.61099982261658, 92.64099931716919, 69.97799968719482, 84.7129979133606, 72.75799942016602, 75.38300108909607, 122.98000144958496, 87.27000069618225, 103.30000019073486, 75.95700192451477, 88.71600151062012, 80.69999980926514, 78.41599917411804, 139.94399905204773, 87.18200325965881, 76.78400158882141, 83.33898401260376, 84.29499793052673, 102.90499997138977, 99.51899766921997, 251.7750062942505, 126.65500473976135, 93.05898904800415, 90.90900158882141, 131.8419976234436, 102.72599768638611, 157.23699951171875, 136.22298169136047, 202.16300225257874, 126.17599987983704, 102.6744921207428, 199.73598527908325, 107.22499918937683, 173.91099977493286, 75.69200015068054, 97.00899386405945, 108.21632623672485, 130.02607798576355, 148.3205943107605, 85.96604371070862, 145.4444227218628, 165.21126580238342, 73.66021919250488, 183.4121572971344, 201.74784088134766, 123.94862127304077, 70.73291063308716, 101.9857907295227, 77.189621925354, 66.06076407432556, 123.08989977836609, 71.66289019584656, 65.30943393707275] 
Epochs training computation time mean (in sec) = 104.76675922434094 
--- 
Training loss history = [0.46663784980773926, 0.3824935257434845, 0.37713971734046936, 0.37027961015701294, 0.3669196367263794, 0.36479854583740234, 0.36444583535194397, 0.35925406217575073, 0.3551189601421356, 0.35332223773002625, 0.35138237476348877, 0.3488043248653412, 0.3478216528892517, 0.34490254521369934, 0.3464014530181885, 0.3447139263153076, 0.34777119755744934, 0.3406481146812439, 0.33491554856300354, 0.3281799554824829, 0.31647464632987976, 0.3130911588668823, 0.30421748757362366, 0.3028361201286316, 0.29999545216560364, 0.2924998104572296, 0.28220653533935547, 0.27272239327430725, 0.2713070213794708, 0.26334917545318604, 0.26186510920524597, 0.25689107179641724, 0.2524091303348541, 0.2478693276643753, 0.24520860612392426, 0.24170634150505066, 0.23654364049434662, 0.23281149566173553, 0.22775700688362122, 0.22233647108078003, 0.2172318547964096, 0.21702004969120026, 0.21086463332176208, 0.20572584867477417, 0.19952432811260223, 0.1937534213066101, 0.19076059758663177, 0.1837688684463501, 0.17882177233695984, 0.17127907276153564, 0.17097744345664978, 0.1669798344373703, 0.16282431781291962, 0.16035044193267822, 0.15131355822086334, 0.14973072707653046, 0.1469038426876068, 0.1437138170003891, 0.13983258605003357, 0.1393343210220337, 0.12913228571414948, 0.12635676562786102, 0.12282180786132812, 0.122222900390625, 0.11757227778434753, 0.12058830261230469, 0.1108517199754715, 0.108364537358284, 0.10942507535219193, 0.10555142909288406, 0.10260995477437973] 
Training accuracy history = [0.781887412071228, 0.8325836062431335, 0.8369629979133606, 0.8385576605796814, 0.8397001028060913, 0.8412472009658813, 0.8414613604545593, 0.8447934985160828, 0.8467928171157837, 0.8468642234802246, 0.8469356298446655, 0.8494347333908081, 0.8502201437950134, 0.8498155474662781, 0.8482446670532227, 0.852029025554657, 0.8499107360839844, 0.8529810905456543, 0.8574318885803223, 0.8600261807441711, 0.8651672005653381, 0.8679995536804199, 0.8732595443725586, 0.8746399879455566, 0.8757110834121704, 0.8791621923446655, 0.8842794299125671, 0.8895394206047058, 0.8901106715202332, 0.8939902186393738, 0.8925383687019348, 0.895703911781311, 0.8962989449501038, 0.8988456726074219, 0.900154709815979, 0.9016541838645935, 0.9042008519172668, 0.9044626951217651, 0.9072949886322021, 0.9093894958496094, 0.9119124412536621, 0.9122218489646912, 0.9155063629150391, 0.9174342751502991, 0.9195049405097961, 0.9217422604560852, 0.9234558939933777, 0.9264786243438721, 0.9286207556724548, 0.9322860836982727, 0.9306914210319519, 0.93323814868927, 0.9356896281242371, 0.9350945949554443, 0.9393311738967896, 0.940140426158905, 0.9423539042472839, 0.944900631904602, 0.9461144804954529, 0.9470903277397156, 0.9502558708190918, 0.9505176544189453, 0.9528263807296753, 0.9524217247962952, 0.9540402293205261, 0.9536831974983215, 0.9583482146263123, 0.9585862159729004, 0.9577293992042542, 0.9599905014038086, 0.9603474736213684] 
Training f1 history = [0.7818887233734131, 0.8325851559638977, 0.8369629383087158, 0.8385576009750366, 0.8396992087364197, 0.8412477970123291, 0.8414635062217712, 0.8447933197021484, 0.8467925786972046, 0.8468647003173828, 0.8469344973564148, 0.8494351506233215, 0.8502205610275269, 0.8498166799545288, 0.8482458591461182, 0.8520270586013794, 0.8499104380607605, 0.8529783487319946, 0.8574305176734924, 0.8600278496742249, 0.865165650844574, 0.8680002689361572, 0.8732587695121765, 0.8746421337127686, 0.8757132887840271, 0.8791603446006775, 0.8842766880989075, 0.8895413279533386, 0.8901101350784302, 0.8939873576164246, 0.8925400972366333, 0.8957033157348633, 0.8962975144386292, 0.898847222328186, 0.9001554250717163, 0.9016556739807129, 0.9041993618011475, 0.9044625759124756, 0.9072964787483215, 0.9093892574310303, 0.9119129180908203, 0.9122231006622314, 0.9155075550079346, 0.9174346327781677, 0.9195060133934021, 0.9217439889907837, 0.9234576225280762, 0.9264788031578064, 0.9286208748817444, 0.9322853684425354, 0.9306899905204773, 0.93323814868927, 0.935688853263855, 0.9350945949554443, 0.9393318891525269, 0.9401410818099976, 0.942355215549469, 0.9448989033699036, 0.9461150169372559, 0.9470877647399902, 0.9502570629119873, 0.9505172967910767, 0.952826738357544, 0.9524213075637817, 0.9540382623672485, 0.9536835551261902, 0.9583484530448914, 0.9585872292518616, 0.9577288031578064, 0.9599898457527161, 0.9603477120399475] 
--- 
Validation loss history = [0.42712369561195374, 0.809145450592041, 0.41010239720344543, 0.5365706086158752, 0.3532882034778595, 0.45751267671585083, 0.8920762538909912, 0.38659030199050903, 0.3515551686286926, 0.36831414699554443, 0.35397055745124817, 0.37952396273612976, 0.3419305682182312, 0.34907594323158264, 0.39980703592300415, 0.34656205773353577, 0.3310556709766388, 0.35507732629776, 0.3357184827327728, 0.3201141357421875, 0.33791255950927734, 0.3532204031944275, 0.3106292188167572, 0.2840758264064789, 0.2994966208934784, 0.3723764419555664, 0.34574460983276367, 0.3392919600009918, 0.27616026997566223, 0.4916015863418579, 0.32886698842048645, 0.2902156412601471, 0.38611936569213867, 0.2624320387840271, 0.2512950599193573, 0.26528245210647583, 0.23162417113780975, 0.2347222864627838, 0.3522895276546478, 0.22519099712371826, 0.22182205319404602, 0.24476057291030884, 0.25150009989738464, 0.3124978542327881, 0.21045146882534027, 0.25050419569015503, 0.30075132846832275, 0.1955142766237259, 0.3020694851875305, 0.3714499771595001, 0.31960341334342957, 0.4099733531475067, 0.21714936196804047, 0.8172931671142578, 0.27180516719818115, 0.29672786593437195, 0.18492506444454193, 0.23839008808135986, 0.3136677145957947, 0.4388558268547058, 0.16256043314933777, 0.7934885025024414, 0.2763650119304657, 0.16209754347801208, 0.20905853807926178, 0.17188319563865662, 0.31422510743141174, 1.603162407875061, 0.48503658175468445, 0.16685879230499268, 0.34089359641075134] 
Validation accuracy history = [0.7933176159858704, 0.6298993229866028, 0.8106660842895508, 0.7395588159561157, 0.8410794734954834, 0.7898907661437988, 0.6551724076271057, 0.8258727788925171, 0.8479331731796265, 0.8361533284187317, 0.8419361710548401, 0.8235167860984802, 0.8485757112503052, 0.8404369354248047, 0.8183765411376953, 0.8451488614082336, 0.8545727133750916, 0.8406510949134827, 0.8494324088096619, 0.8584279417991638, 0.846648097038269, 0.8391518592834473, 0.8693510293960571, 0.8809166550636292, 0.8768472671508789, 0.8297280073165894, 0.8427928686141968, 0.8487898707389832, 0.8807024955749512, 0.7965303063392639, 0.8500749468803406, 0.8697794079780579, 0.830584704875946, 0.8905547261238098, 0.8974084258079529, 0.8849861025810242, 0.9049046635627747, 0.904047966003418, 0.8639965653419495, 0.9066181182861328, 0.9139001965522766, 0.8935531973838806, 0.8961233496665955, 0.8920539617538452, 0.9181837439537048, 0.8890554904937744, 0.856071949005127, 0.9252516627311707, 0.878774881362915, 0.8684943318367004, 0.8659241795539856, 0.8143071532249451, 0.9132576584815979, 0.8346540927886963, 0.8982651233673096, 0.8845577239990234, 0.9241807460784912, 0.8954808115959167, 0.8860569596290588, 0.8016706109046936, 0.9374598264694214, 0.8185907006263733, 0.9044763445854187, 0.9329621195793152, 0.9218248128890991, 0.9306061267852783, 0.9016920328140259, 0.8027414679527283, 0.8218033909797668, 0.9351038932800293, 0.9059755802154541] 
Validation f1 history = [0.7932953238487244, 0.6298491358757019, 0.8106547594070435, 0.7395045757293701, 0.8410928845405579, 0.7898706197738647, 0.6551280617713928, 0.8258295655250549, 0.8479200601577759, 0.8361477851867676, 0.8419268727302551, 0.8235193490982056, 0.8486064672470093, 0.8404507637023926, 0.8183602690696716, 0.845159649848938, 0.8545774817466736, 0.8406426310539246, 0.8493962287902832, 0.8584302067756653, 0.8466358184814453, 0.8391443490982056, 0.8693241477012634, 0.880904495716095, 0.8768377304077148, 0.82972651720047, 0.8427388072013855, 0.8487541079521179, 0.880712628364563, 0.7965281009674072, 0.8500383496284485, 0.8698186874389648, 0.8305606245994568, 0.8905584216117859, 0.8974077701568604, 0.8849933743476868, 0.9049213528633118, 0.9040430188179016, 0.8639288544654846, 0.9066115021705627, 0.9138889312744141, 0.8935549855232239, 0.896123468875885, 0.8920788764953613, 0.9182140231132507, 0.8890380859375, 0.8560757637023926, 0.9252552390098572, 0.8787640929222107, 0.8684901595115662, 0.8659880757331848, 0.8143377304077148, 0.9132912158966064, 0.8347159624099731, 0.8983303904533386, 0.8846317529678345, 0.9242072701454163, 0.8954592943191528, 0.8861300349235535, 0.801642894744873, 0.9374778270721436, 0.8185964226722717, 0.904537558555603, 0.9329607486724854, 0.9218527674674988, 0.9306284189224243, 0.9016885757446289, 0.8027352690696716, 0.8218070268630981, 0.9351455569267273, 0.9060137271881104] 
--- 
Radius of the CI = 0.0045277315427694935 
True classification of the model is likely between 0.9287313383768167 and 0.9377868014623557 
--- 
Test accuracy = 0.9332590699195862 
Confusion matrix (0 | 1) = 
 [[5617  228]
 [ 551 5276]] 
--- 
