This file contains information about the lstm model 
Analysis directory = C:\Users\cdetr\My Drive\master\Documents\nomics\jawac_processing_nomics/data/valid_invalid_analysis 
--- 
Segmentation value = 60.0 
Downsampling value = 1.0 
Signal frequency = 1.0 Hz 
Batch size = 32 
Standard scale = 0 
Stateful = 0 
Sliding window = 0 
Center of interest = 10 
Full sequence = 0 
Data balancing = 0 
--- 
Log time = 28-03-2022 07-06-39 
--- 
Num of epochs = 100, early stop after 65 epochs 
Epochs training computation time history (in sec) = [20.072993755340576, 14.153349161148071, 13.605582475662231, 13.0334153175354, 13.249091625213623, 13.054218292236328, 12.804501295089722, 12.801584482192993, 12.659345626831055, 12.56591272354126, 13.121892929077148, 12.85389494895935, 13.082182884216309, 13.121933698654175, 12.907964944839478, 12.730567455291748, 12.508880853652954, 12.583657503128052, 12.665943622589111, 12.51160478591919, 12.89142632484436, 12.877419710159302, 13.34017539024353, 13.07592487335205, 12.60449504852295, 12.482313394546509, 12.719810247421265, 12.824986696243286, 13.331540584564209, 13.770174980163574, 12.756689071655273, 12.422522783279419, 12.67580533027649, 13.511034727096558, 13.454298257827759, 13.953198194503784, 14.123797416687012, 13.565986394882202, 13.60067081451416, 14.50403094291687, 14.980378150939941, 14.883016586303711, 13.450340270996094, 13.261394500732422, 13.301559686660767, 13.339639902114868, 13.203901052474976, 13.413989067077637, 14.360874891281128, 14.450687885284424, 14.563897609710693, 14.53203272819519, 14.599114894866943, 14.077360391616821, 14.046692371368408, 13.893758296966553, 14.579828977584839, 14.182385683059692, 13.748555660247803, 14.12788701057434, 13.865134239196777, 13.801284551620483, 14.291179180145264, 15.464365243911743, 14.794308185577393] 
Epochs training computation time mean (in sec) = 13.596744408974281 
--- 
Training loss history = [0.08771377801895142, 0.05619317293167114, 0.048489149659872055, 0.043676842004060745, 0.03794224560260773, 0.036330413073301315, 0.035691749304533005, 0.03374699875712395, 0.031226586550474167, 0.0313856266438961, 0.030256083235144615, 0.03128524869680405, 0.0304169449955225, 0.029944777488708496, 0.02943609654903412, 0.029144424945116043, 0.030707458034157753, 0.029530437663197517, 0.02787148393690586, 0.02838006801903248, 0.027738448232412338, 0.027571042999625206, 0.02859429642558098, 0.02764713391661644, 0.027095668017864227, 0.027856141328811646, 0.027785221114754677, 0.02717784233391285, 0.02716357633471489, 0.02654346264898777, 0.026063211262226105, 0.026442231610417366, 0.026077935472130775, 0.02593611180782318, 0.025692308321595192, 0.025561345741152763, 0.025118388235569, 0.025636795908212662, 0.025097306817770004, 0.024216303601861, 0.02524477057158947, 0.024303752928972244, 0.024227498099207878, 0.02372451312839985, 0.024446720257401466, 0.024668049067258835, 0.02475271187722683, 0.02459690533578396, 0.025584470480680466, 0.024864349514245987, 0.025702359154820442, 0.023281153291463852, 0.02337101474404335, 0.02459871768951416, 0.02478453516960144, 0.023804211989045143, 0.02377956546843052, 0.023615071550011635, 0.026423780247569084, 0.026052672415971756, 0.025495747104287148, 0.02549818903207779, 0.028904709964990616, 0.023810498416423798, 0.023691777139902115] 
Training accuracy history = [0.9705731272697449, 0.9795880913734436, 0.9840031266212463, 0.9872271418571472, 0.9894654750823975, 0.9899788498878479, 0.9899377822875977, 0.9908413290977478, 0.9913957715034485, 0.9917038083076477, 0.9918270111083984, 0.9919707775115967, 0.9918270111083984, 0.9925252199172974, 0.9919502139091492, 0.9926894903182983, 0.9919297099113464, 0.9923609495162964, 0.9928537607192993, 0.9927511215209961, 0.9932644963264465, 0.993243932723999, 0.9928948283195496, 0.9928332567214966, 0.9933671355247498, 0.9928332567214966, 0.9928537607192993, 0.993182361125946, 0.9930180311203003, 0.9933260679244995, 0.9932234287261963, 0.9930385947227478, 0.9932028651237488, 0.9935519695281982, 0.9931001663208008, 0.9936546683311462, 0.9936546683311462, 0.9933671355247498, 0.9935519695281982, 0.9940858483314514, 0.9935930371284485, 0.9935314059257507, 0.9939215779304504, 0.9939215779304504, 0.9941474795341492, 0.9938805103302002, 0.9940037131309509, 0.9937368035316467, 0.9938189387321472, 0.9936341047286987, 0.9932028651237488, 0.9939832091331482, 0.9940653443336487, 0.99383944272995, 0.9936546683311462, 0.9937368035316467, 0.9939010739326477, 0.9938189387321472, 0.9932850003242493, 0.9926484227180481, 0.9933260679244995, 0.9933671355247498, 0.9926894903182983, 0.9940447807312012, 0.9940037131309509] 
Training f1 history = [0.9705772995948792, 0.9795910120010376, 0.9840053915977478, 0.9872289896011353, 0.9894611835479736, 0.9899802803993225, 0.9899392127990723, 0.9908368587493896, 0.9913970232009888, 0.9917050004005432, 0.991828203201294, 0.9919719099998474, 0.991828203201294, 0.9925262928009033, 0.9919456243515015, 0.9926847815513611, 0.9919308423995972, 0.9923562407493591, 0.9928547739982605, 0.9927521347999573, 0.9932654500007629, 0.9932448863983154, 0.9928958415985107, 0.9928342700004578, 0.9933680891990662, 0.9928342700004578, 0.9928547739982605, 0.9931833148002625, 0.9930190443992615, 0.9933270215988159, 0.9932243824005127, 0.993039608001709, 0.9931980967521667, 0.9935528635978699, 0.9930953979492188, 0.9936497807502747, 0.9936555624008179, 0.9933680891990662, 0.9935528635978699, 0.994086742401123, 0.9935939311981201, 0.9935265779495239, 0.9939166903495789, 0.9939224720001221, 0.994148313999176, 0.9938814043998718, 0.9940046072006226, 0.9937376976013184, 0.9938198328018188, 0.9936349987983704, 0.9932038187980652, 0.993984043598175, 0.9940661787986755, 0.9938403367996216, 0.9936555624008179, 0.9937261939048767, 0.9939019680023193, 0.9938198328018188, 0.9932859539985657, 0.992649495601654, 0.9933270215988159, 0.9933680891990662, 0.9926905632019043, 0.9940456748008728, 0.9939988255500793] 
--- 
Validation loss history = [0.05035550519824028, 0.03835320100188255, 0.041407644748687744, 0.033697549253702164, 0.03137810900807381, 0.028054900467395782, 0.028016233816742897, 0.025583168491721153, 0.028474271297454834, 0.02680918760597706, 0.02442081645131111, 0.02646590583026409, 0.024756738916039467, 0.027370525524020195, 0.029583824798464775, 0.029102813452482224, 0.025169288739562035, 0.02572537027299404, 0.02560465969145298, 0.02579919435083866, 0.025886615738272667, 0.024259179830551147, 0.02599499002099037, 0.028724152594804764, 0.025036705657839775, 0.026339812204241753, 0.024436715990304947, 0.02559959702193737, 0.024884631857275963, 0.02351922169327736, 0.0252317376434803, 0.025688430294394493, 0.02377353236079216, 0.026604413986206055, 0.02499237284064293, 0.024501275271177292, 0.024908900260925293, 0.02433784492313862, 0.025035420432686806, 0.02504175342619419, 0.02515368163585663, 0.02734677866101265, 0.023703405633568764, 0.02513258159160614, 0.024057118222117424, 0.024835065007209778, 0.024555709213018417, 0.02476293034851551, 0.02718137390911579, 0.026601897552609444, 0.024861473590135574, 0.024157654494047165, 0.02527792565524578, 0.026932233944535255, 0.02635471150279045, 0.02585381641983986, 0.025347398594021797, 0.026790542528033257, 0.026236871257424355, 0.028079606592655182, 0.026979943737387657, 0.02547488547861576, 0.02732536382973194, 0.026385512202978134, 0.027250440791249275] 
Validation accuracy history = [0.9822583794593811, 0.9874330163002014, 0.9865089654922485, 0.9887266755104065, 0.9900203347206116, 0.9922380447387695, 0.9916836023330688, 0.9922380447387695, 0.9922380447387695, 0.9926076531410217, 0.9929772615432739, 0.9937164783477783, 0.9929772615432739, 0.9935317039489746, 0.9929772615432739, 0.9922380447387695, 0.9933468699455261, 0.9935317039489746, 0.9931620955467224, 0.9933468699455261, 0.9935317039489746, 0.9939013123512268, 0.992053210735321, 0.9935317039489746, 0.9939013123512268, 0.9939013123512268, 0.9939013123512268, 0.994270920753479, 0.9935317039489746, 0.994270920753479, 0.994270920753479, 0.9935317039489746, 0.9944557547569275, 0.9933468699455261, 0.9940861463546753, 0.9933468699455261, 0.9929772615432739, 0.9940861463546753, 0.9935317039489746, 0.994270920753479, 0.9937164783477783, 0.9940861463546753, 0.994270920753479, 0.9944557547569275, 0.9948253631591797, 0.9939013123512268, 0.9939013123512268, 0.9933468699455261, 0.9935317039489746, 0.9937164783477783, 0.9939013123512268, 0.9940861463546753, 0.9939013123512268, 0.9935317039489746, 0.9940861463546753, 0.9933468699455261, 0.9937164783477783, 0.9939013123512268, 0.9929772615432739, 0.9929772615432739, 0.9937164783477783, 0.9940861463546753, 0.9933468699455261, 0.9933468699455261, 0.9944557547569275] 
Validation f1 history = [0.9823529124259949, 0.987500011920929, 0.9865809082984924, 0.9887867569923401, 0.9900735020637512, 0.9922794103622437, 0.9917279481887817, 0.9922794103622437, 0.9922794103622437, 0.9926470518112183, 0.9930146932601929, 0.9937499761581421, 0.9930146932601929, 0.9935661554336548, 0.9930146932601929, 0.9922794103622437, 0.9933823347091675, 0.9935661554336548, 0.9931985139846802, 0.9933823347091675, 0.9935661554336548, 0.9939337968826294, 0.9920955896377563, 0.9935661554336548, 0.9939337968826294, 0.9939337968826294, 0.9939337968826294, 0.9943014979362488, 0.9935661554336548, 0.9943014979362488, 0.9943014979362488, 0.9935661554336548, 0.9944853186607361, 0.9933823347091675, 0.9941176176071167, 0.9933823347091675, 0.9930146932601929, 0.9941176176071167, 0.9935661554336548, 0.9943014979362488, 0.9937499761581421, 0.9941176176071167, 0.9943014979362488, 0.9944853186607361, 0.9948529601097107, 0.9939337968826294, 0.9939337968826294, 0.9933823347091675, 0.9935661554336548, 0.9937499761581421, 0.9939337968826294, 0.9941176176071167, 0.9939337968826294, 0.9935661554336548, 0.9941176176071167, 0.9933823347091675, 0.9937499761581421, 0.9939337968826294, 0.9930146932601929, 0.9930146932601929, 0.9937499761581421, 0.9941176176071167, 0.9933823347091675, 0.9933823347091675, 0.9944853186607361] 
--- 
Radius of the CI = 0.0016617410225148747 
True classification of the model is likely between 0.9914265639739755 and 0.9947500460190054 
--- 
Test accuracy = 0.9930883049964905 
Confusion matrix (0 | 1) = 
 [[4458   42]
 [  24 5025]] 
--- 
