This file contains information about the lstm model 
Analysis directory = C:\Users\cdetr\Documents\GitHub\nomics\jawac_processing_nomics/data/awake_sleep_analysis_update 
--- 
Segmentation value = 120.0 
Downsampling value = 1.0 
Signal frequency = 1.0 Hz 
Batch size = 16 
Standard scale = 0 
Stateful = 0 
Sliding window = 0 
Center of interest = 10 
Full sequence = 0 
Return sequences = 1 
Data balancing = 1 
--- 
Log time = 13-04-2022 11-39-09 
--- 
Num of epochs = 200, early stop after 57 epochs 
Epochs training computation time history (in sec) = [17.68650197982788, 12.671376943588257, 13.105955600738525, 12.494298696517944, 13.212443113327026, 14.784464836120605, 13.978686809539795, 12.895354509353638, 13.221521139144897, 12.896854877471924, 12.422882556915283, 12.180756568908691, 12.326900482177734, 12.872447490692139, 12.783400297164917, 12.519606351852417, 13.517175197601318, 12.602573156356812, 12.490967035293579, 11.877978086471558, 12.542423009872437, 12.000710725784302, 12.208236455917358, 12.727765321731567, 12.813701391220093, 12.603064060211182, 12.63158917427063, 12.138507604598999, 12.748409271240234, 12.208647012710571, 12.491199016571045, 12.849185228347778, 12.848538160324097, 13.933645248413086, 13.171325206756592, 13.177377700805664, 12.934892177581787, 12.647831439971924, 12.561105012893677, 12.476848602294922, 12.764582872390747, 12.730222702026367, 12.696300029754639, 13.270055055618286, 12.465525388717651, 12.561557531356812, 12.51328158378601, 12.97800898551941, 12.72482442855835, 13.410786867141724, 14.283851146697998, 12.99028491973877, 13.352399110794067, 12.575433492660522, 12.96856141090393, 12.925371170043945, 12.06618618965149] 
Epochs training computation time mean (in sec) = 12.904111937472695 
--- 
Training loss history = [0.6403236985206604, 0.5170750021934509, 0.45520880818367004, 0.4309089481830597, 0.4579600393772125, 0.47060200572013855, 0.4261959195137024, 0.42079290747642517, 0.4066829979419708, 0.4054393172264099, 0.4007773697376251, 0.3957582712173462, 0.3916386067867279, 0.3851774334907532, 0.3832567036151886, 0.38043442368507385, 0.37536320090293884, 0.377704381942749, 0.37695392966270447, 0.36975809931755066, 0.37052711844444275, 0.3676343858242035, 0.36333128809928894, 0.36298054456710815, 0.36456459760665894, 0.3564620912075043, 0.351752370595932, 0.3432457149028778, 0.34068942070007324, 0.34252893924713135, 0.3350767493247986, 0.3234371542930603, 0.32321909070014954, 0.3217763602733612, 0.3182222545146942, 0.31206709146499634, 0.3132317364215851, 0.3055322766304016, 0.30124568939208984, 0.3035236895084381, 0.29813969135284424, 0.2993389666080475, 0.29275748133659363, 0.2941793203353882, 0.2900192439556122, 0.28440791368484497, 0.29004424810409546, 0.2837217450141907, 0.2789715826511383, 0.2669406831264496, 0.26697400212287903, 0.26354077458381653, 0.2635916769504547, 0.2540963888168335, 0.248899906873703, 0.2650609016418457, 0.2475762963294983] 
Training accuracy history = [0.613190233707428, 0.7531747221946716, 0.7860782742500305, 0.8033533096313477, 0.7795219421386719, 0.7785798907279968, 0.805786669254303, 0.8076117038726807, 0.814714789390564, 0.8141939043998718, 0.82038813829422, 0.8234766721725464, 0.8256182074546814, 0.8262942433357239, 0.8275676369667053, 0.8304406404495239, 0.8313568234443665, 0.8314418196678162, 0.8309787511825562, 0.8341042399406433, 0.8332483768463135, 0.836442768573761, 0.837203860282898, 0.8376126885414124, 0.8366410732269287, 0.8388712406158447, 0.8421370983123779, 0.8454534411430359, 0.8460863828659058, 0.846276044845581, 0.8498497605323792, 0.8550847172737122, 0.8540047407150269, 0.8549702167510986, 0.8570674061775208, 0.8589096665382385, 0.8593578934669495, 0.8627259731292725, 0.8639636039733887, 0.8638638257980347, 0.8654980063438416, 0.8645017743110657, 0.8676555156707764, 0.8678538203239441, 0.869217038154602, 0.8716393113136292, 0.8701480031013489, 0.8721429705619812, 0.8747228980064392, 0.8792633414268494, 0.8800367116928101, 0.8795798420906067, 0.8804073929786682, 0.8855203986167908, 0.8883835673332214, 0.8784530162811279, 0.8878146409988403] 
Training f1 history = [0.6131935119628906, 0.7531474828720093, 0.7860656976699829, 0.8033556342124939, 0.7795162200927734, 0.7785861492156982, 0.805776834487915, 0.8076149225234985, 0.8147248029708862, 0.8142030835151672, 0.8203912377357483, 0.8234819173812866, 0.8256289958953857, 0.8262885212898254, 0.8275691270828247, 0.8304317593574524, 0.8313580751419067, 0.831452488899231, 0.8309692740440369, 0.8341031074523926, 0.8332577347755432, 0.8364526033401489, 0.8372019529342651, 0.8376181125640869, 0.8366126418113708, 0.838866114616394, 0.842137336730957, 0.845446765422821, 0.8460652232170105, 0.8462849259376526, 0.8498456478118896, 0.8550884127616882, 0.8540036082267761, 0.8549805879592896, 0.8570540547370911, 0.8589255809783936, 0.8593504428863525, 0.8627287149429321, 0.8639574646949768, 0.8638531565666199, 0.865498423576355, 0.8645095229148865, 0.8676638603210449, 0.8678544759750366, 0.8692202568054199, 0.8716365694999695, 0.870141327381134, 0.8721402287483215, 0.8747233152389526, 0.8792724609375, 0.8800361752510071, 0.8795886039733887, 0.880408763885498, 0.8855189681053162, 0.888383150100708, 0.8784467577934265, 0.887809157371521] 
--- 
Validation loss history = [0.6270030736923218, 0.45292338728904724, 0.4242653250694275, 0.4548783004283905, 0.6267171502113342, 0.4240712523460388, 0.3987983167171478, 0.38737326860427856, 0.38162773847579956, 0.3939571678638458, 0.3862169086933136, 0.38878172636032104, 0.40480759739875793, 0.3823804259300232, 0.39649268984794617, 0.38868823647499084, 0.3584565222263336, 0.3737078309059143, 0.3721478283405304, 0.37117427587509155, 0.35677722096443176, 0.36237648129463196, 0.37235453724861145, 0.37295520305633545, 0.36883625388145447, 0.3587293326854706, 0.3658752739429474, 0.33472031354904175, 0.34018489718437195, 0.33679234981536865, 0.33860158920288086, 0.3456266224384308, 0.35247156023979187, 0.3462144434452057, 0.34427544474601746, 0.3649669885635376, 0.3329840898513794, 0.33826056122779846, 0.3569074869155884, 0.3360448479652405, 0.34839150309562683, 0.34016966819763184, 0.3831954300403595, 0.37335556745529175, 0.34847506880760193, 0.3468371331691742, 0.3547641336917877, 0.3473987281322479, 0.35631537437438965, 0.42309537529945374, 0.3697546422481537, 0.37427371740341187, 0.37690722942352295, 0.36393871903419495, 0.37702256441116333, 0.39252933859825134, 0.39154019951820374] 
Validation accuracy history = [0.7251219153404236, 0.7710328102111816, 0.7970855236053467, 0.7892065644264221, 0.6210992932319641, 0.8054742813110352, 0.8182623982429504, 0.8160239458084106, 0.8270168304443359, 0.8183178305625916, 0.824545681476593, 0.8210992813110352, 0.8216533660888672, 0.8314051628112793, 0.8326684236526489, 0.8192043304443359, 0.840813398361206, 0.8349623084068298, 0.8362367153167725, 0.8367242813110352, 0.8398271203041077, 0.8351839780807495, 0.8375221490859985, 0.8427194356918335, 0.8412566781044006, 0.8378546237945557, 0.8411790728569031, 0.8507535457611084, 0.8484153151512146, 0.8511081337928772, 0.8483045101165771, 0.8492575287818909, 0.849490225315094, 0.8461990356445312, 0.855418860912323, 0.8383421897888184, 0.8545545339584351, 0.8479388356208801, 0.8483932018280029, 0.8532468676567078, 0.8438940644264221, 0.8521276712417603, 0.8376551270484924, 0.8381205797195435, 0.851374089717865, 0.8474512696266174, 0.8511192202568054, 0.847429096698761, 0.8475842475891113, 0.8272385001182556, 0.8525155186653137, 0.8402704000473022, 0.8530141711235046, 0.8582779169082642, 0.8504321575164795, 0.8472628593444824, 0.8304299712181091] 
Validation f1 history = [0.7251219153404236, 0.7710326313972473, 0.7970854640007019, 0.7892065048217773, 0.6210992336273193, 0.8054742217063904, 0.8182622790336609, 0.8160237073898315, 0.8270168900489807, 0.8183176517486572, 0.8245457410812378, 0.8210992217063904, 0.8216533064842224, 0.8314050436019897, 0.8326685428619385, 0.8192042112350464, 0.8408133387565613, 0.8349621295928955, 0.8362367749214172, 0.8367244005203247, 0.8398270010948181, 0.8351839184761047, 0.8375223278999329, 0.8427193760871887, 0.8412566781044006, 0.8378545045852661, 0.8411791920661926, 0.8507535457611084, 0.8484153151512146, 0.8511082530021667, 0.8483044505119324, 0.8492575287818909, 0.849490225315094, 0.8461987972259521, 0.855418860912323, 0.8383421301841736, 0.854554295539856, 0.8479387760162354, 0.8483931422233582, 0.8532468676567078, 0.8438942432403564, 0.8521276712417603, 0.8376550078392029, 0.8381204009056091, 0.851374089717865, 0.8474512100219727, 0.8511191010475159, 0.8474289774894714, 0.8475840091705322, 0.8272384405136108, 0.8525153398513794, 0.8402702808380127, 0.8530139327049255, 0.8582777380943298, 0.8504320383071899, 0.8472628593444824, 0.8304299712181091] 
--- 
Radius of the CI = 0.019289319122625916 
True classification of the model is likely between 0.8292412118069395 and 0.8678198500521913 
--- 
Test accuracy = 0.8485305309295654 
Confusion matrix (0 | 1) = 
 [[66397 13529]
 [10591 68723]] 
--- 
