This file contains information about the resnet model 
Analysis directory = C:\Users\cdetr\Documents\GitHub\nomics\nomics-AI/data/task2/tfe/without_oe/analysis_backup 
--- 
Segmentation value = 90.0 
Downsampling value = 1.0 
Signal frequency = 1.0 Hz 
Batch size = 32 
Standard scale = 0 
Stateful = 0 
Sliding window = 0 
Center of interest = 10 
Full sequence = 0 
Return sequences = 0 
Data balancing = 1 
--- 
Log time = 14-06-2022 13-02-02 
--- 
Num of epochs = 100, early stop after 57 epochs 
Epochs training computation time history (in sec) = [21.733900547027588, 14.536062955856323, 15.94818639755249, 15.296797037124634, 15.08713412284851, 14.46599555015564, 14.770403385162354, 14.295165061950684, 15.672000408172607, 13.755687713623047, 14.020241022109985, 13.785688400268555, 14.66780138015747, 14.735187768936157, 15.258550882339478, 15.481871128082275, 15.134018182754517, 15.720077991485596, 16.76196813583374, 16.3639554977417, 15.066101551055908, 16.07192897796631, 15.814100503921509, 14.82193660736084, 15.375954627990723, 15.306058406829834, 14.749978065490723, 15.67110276222229, 16.741837739944458, 15.688051223754883, 15.377015590667725, 15.182992696762085, 15.553073644638062, 16.4339542388916, 15.918949604034424, 15.703945398330688, 15.87392258644104, 15.288347482681274, 15.102293491363525, 15.783024549484253, 14.946059942245483, 15.339943170547485, 16.3090660572052, 14.191907405853271, 14.153192281723022, 15.092015266418457, 16.257133722305298, 15.684703826904297, 16.56401562690735, 16.550966024398804, 16.900142669677734, 16.001972198486328, 16.54498267173767, 15.530067443847656, 16.573169469833374, 16.218220949172974, 15.775615453720093] 
Epochs training computation time mean (in sec) = 15.572779605263158 
--- 
Training loss history = [0.46747714281082153, 0.415594220161438, 0.4077339470386505, 0.40105336904525757, 0.3990596830844879, 0.39758729934692383, 0.3913664221763611, 0.39304816722869873, 0.39226964116096497, 0.38331642746925354, 0.38129913806915283, 0.3811950981616974, 0.36422982811927795, 0.3457210958003998, 0.33587512373924255, 0.33081939816474915, 0.326410174369812, 0.3252001702785492, 0.3206215500831604, 0.3173283040523529, 0.317499577999115, 0.31285735964775085, 0.31044211983680725, 0.30883583426475525, 0.30659613013267517, 0.30365073680877686, 0.2979472577571869, 0.29467087984085083, 0.2926458716392517, 0.28846660256385803, 0.28492802381515503, 0.2798301577568054, 0.2794904112815857, 0.27152666449546814, 0.26639530062675476, 0.26043587923049927, 0.2578115463256836, 0.2507161796092987, 0.2452276051044464, 0.2400338053703308, 0.23840273916721344, 0.22938841581344604, 0.2219238430261612, 0.2185562551021576, 0.20989076793193817, 0.2054048627614975, 0.20283742249011993, 0.194119393825531, 0.18897433578968048, 0.1913023740053177, 0.18094657361507416, 0.17323344945907593, 0.16776494681835175, 0.1603953242301941, 0.1552945375442505, 0.15020671486854553, 0.14595934748649597] 
Training accuracy history = [0.7811242938041687, 0.8095961809158325, 0.815867006778717, 0.8177355527877808, 0.8192874193191528, 0.819540798664093, 0.8234362602233887, 0.8227394819259644, 0.8225178122520447, 0.8274900913238525, 0.8288202881813049, 0.8292953372001648, 0.8401266932487488, 0.8488044142723083, 0.8540617823600769, 0.8555185794830322, 0.8598574995994568, 0.8585590124130249, 0.8601108193397522, 0.8611876368522644, 0.8636263012886047, 0.8646397590637207, 0.8666033148765564, 0.8685985803604126, 0.8704671263694763, 0.8707205057144165, 0.8709738850593567, 0.8754394054412842, 0.8755027651786804, 0.8775613903999329, 0.8807284235954285, 0.8802533745765686, 0.8818368911743164, 0.8850039839744568, 0.8879493474960327, 0.8928266167640686, 0.8906096816062927, 0.8951069116592407, 0.8991607427597046, 0.8998574614524841, 0.9011242985725403, 0.9052414894104004, 0.9094220399856567, 0.9097070693969727, 0.9141409397125244, 0.9153127670288086, 0.9177830815315247, 0.9202216863632202, 0.9231670498847961, 0.9231987595558167, 0.9284560680389404, 0.9314647912979126, 0.9332066774368286, 0.935296893119812, 0.9376405477523804, 0.9398574829101562, 0.9421377778053284] 
Training f1 history = [0.7811494469642639, 0.8095636963844299, 0.815894603729248, 0.8177130818367004, 0.8192893266677856, 0.8195177912712097, 0.8234493732452393, 0.822752833366394, 0.8225436210632324, 0.8275144100189209, 0.8288194537162781, 0.8293067216873169, 0.8401102423667908, 0.8488103151321411, 0.854053795337677, 0.8554977774620056, 0.8598973751068115, 0.8585744500160217, 0.8601011037826538, 0.8611776232719421, 0.8636155724525452, 0.8646410703659058, 0.866628885269165, 0.8685988187789917, 0.8704668283462524, 0.8707324862480164, 0.8709486126899719, 0.8754376769065857, 0.8754762411117554, 0.8775466680526733, 0.8807252645492554, 0.8802750706672668, 0.8818333148956299, 0.8850118517875671, 0.8879811763763428, 0.8928322792053223, 0.8906036615371704, 0.8950996398925781, 0.8991522789001465, 0.899873673915863, 0.9011152386665344, 0.9051817655563354, 0.9094353914260864, 0.909695565700531, 0.914140522480011, 0.9152748584747314, 0.9177693128585815, 0.9202195405960083, 0.9231640696525574, 0.9232082366943359, 0.9284764528274536, 0.9314842820167542, 0.9332008957862854, 0.9353153705596924, 0.9376583099365234, 0.9398622512817383, 0.942104697227478] 
--- 
Validation loss history = [0.4988960027694702, 0.4536561965942383, 0.46024268865585327, 0.4273669421672821, 0.43439269065856934, 0.44631001353263855, 0.42082998156547546, 0.5154938697814941, 0.46313947439193726, 0.4417667090892792, 0.43665194511413574, 0.3982464671134949, 0.386184424161911, 0.39675217866897583, 0.3600766956806183, 0.3756294548511505, 0.3613389730453491, 0.34072569012641907, 0.35962292551994324, 0.3762706220149994, 0.3484158515930176, 0.34161850810050964, 0.33466264605522156, 0.3323124051094055, 0.34072884917259216, 0.360168993473053, 0.32842308282852173, 0.3173939883708954, 0.34834587574005127, 0.32018107175827026, 0.31233546137809753, 0.3368491530418396, 0.4330843985080719, 0.329195111989975, 0.3734893798828125, 0.3429732024669647, 0.3036107122898102, 0.3191501796245575, 0.31398072838783264, 0.3106558918952942, 0.31178003549575806, 0.3363218605518341, 0.349816232919693, 0.32870641350746155, 0.34350302815437317, 0.34039509296417236, 0.34497639536857605, 0.436277836561203, 0.5753296613693237, 0.36072659492492676, 0.3450450301170349, 0.5876463651657104, 0.3334232270717621, 0.6410418152809143, 0.34081602096557617, 0.41967204213142395, 0.3536042869091034] 
Validation accuracy history = [0.7737247347831726, 0.7888287305831909, 0.7996580004692078, 0.8033627867698669, 0.7973781824111938, 0.7928184866905212, 0.8047876954078674, 0.7760045528411865, 0.7794243097305298, 0.8002279996871948, 0.7970932126045227, 0.8170418739318848, 0.826731264591217, 0.8196067214012146, 0.8401253819465637, 0.8258762955665588, 0.8347107172012329, 0.8560843467712402, 0.8332858085632324, 0.8330008387565613, 0.8429751992225647, 0.8515246510505676, 0.8563693165779114, 0.8535194993019104, 0.8509547114372253, 0.846964955329895, 0.8606440424919128, 0.8649187684059143, 0.8483898639678955, 0.8592191338539124, 0.8620689511299133, 0.8495298027992249, 0.8007979393005371, 0.8520945906639099, 0.8449700474739075, 0.8444001078605652, 0.8689085245132446, 0.8677685856819153, 0.863778829574585, 0.8654887676239014, 0.8677685856819153, 0.8543744683265686, 0.855514407157898, 0.8697634935379028, 0.8595041036605835, 0.8657737374305725, 0.861499011516571, 0.8244513869285583, 0.7520661354064941, 0.8529495596885681, 0.8600741028785706, 0.7902536392211914, 0.8683385848999023, 0.7574807405471802, 0.8714733719825745, 0.8341407775878906, 0.8737531900405884] 
Validation f1 history = [0.7739852666854858, 0.7888933420181274, 0.7999864220619202, 0.8033819794654846, 0.7975648641586304, 0.7928705811500549, 0.8049511909484863, 0.7762579917907715, 0.7795183062553406, 0.8005545735359192, 0.7974295616149902, 0.8174647092819214, 0.8266774415969849, 0.8194262981414795, 0.8400297164916992, 0.8259739279747009, 0.834780752658844, 0.8562363982200623, 0.8336579203605652, 0.8332250714302063, 0.8428705930709839, 0.851690948009491, 0.8565204739570618, 0.8538283705711365, 0.8512715697288513, 0.8468478918075562, 0.8610794544219971, 0.8651919960975647, 0.8484171628952026, 0.8595101833343506, 0.8623510599136353, 0.8497022986412048, 0.8012715578079224, 0.8524079322814941, 0.8451568484306335, 0.8445886969566345, 0.869169294834137, 0.8680329322814941, 0.8640556335449219, 0.8657602071762085, 0.8680329322814941, 0.8545318841934204, 0.8555193543434143, 0.8700215220451355, 0.8596454858779907, 0.8658955097198486, 0.8617829084396362, 0.8241071105003357, 0.7515015602111816, 0.8529625535011292, 0.8603624701499939, 0.7906113862991333, 0.8686010837554932, 0.7570481300354004, 0.8715773224830627, 0.8343614339828491, 0.8737012147903442] 
--- 
Radius of the CI = 0.00699994215077845 
True classification of the model is likely between 0.8646371041863492 and 0.8786369884879062 
--- 
Test accuracy = 0.8716370463371277 
Confusion matrix (0 | 1) = 
 [[3726  657]
 [ 469 3920]] 
--- 
