This file contains information about the lstm model 
Analysis directory = C:\Users\cdetr\Documents\GitHub\nomics\nomics-AI/data/awake_sleep_analysis 
--- 
Segmentation value = 180.0 
Downsampling value = 1.0 
Signal frequency = 1.0 Hz 
Batch size = 32 
Standard scale = 0 
Stateful = 0 
Sliding window = 1 
Center of interest = 60 
Full sequence = 0 
Return sequences = 0 
Data balancing = 1 
--- 
Log time = 15-05-2022 12-37-40 
--- 
Num of epochs = 100, early stop after 100 epochs 
Epochs training computation time history (in sec) = [30.085999965667725, 27.586000204086304, 25.444000720977783, 25.422996282577515, 23.949002027511597, 25.467001914978027, 25.628000497817993, 25.52400231361389, 26.244000911712646, 26.012998580932617, 25.960997104644775, 25.743999481201172, 25.6680006980896, 26.002999782562256, 26.32599949836731, 26.48099970817566, 26.86899995803833, 27.133999586105347, 26.949999570846558, 26.323004245758057, 25.579998016357422, 25.32699966430664, 25.403001070022583, 26.274999141693115, 26.313000440597534, 27.60300302505493, 27.29699993133545, 26.289000034332275, 26.620996713638306, 25.216996669769287, 25.284000873565674, 25.603999614715576, 25.09899878501892, 24.889000177383423, 25.099000692367554, 25.251999855041504, 25.79799509048462, 26.385998964309692, 26.398001432418823, 26.395987272262573, 27.196000814437866, 27.783997058868408, 27.084999322891235, 27.856996536254883, 25.590991497039795, 24.62699818611145, 25.56200885772705, 24.918985843658447, 24.229999542236328, 25.653000116348267, 25.616998195648193, 25.682000637054443, 25.652999877929688, 26.32400107383728, 25.290997982025146, 25.07099962234497, 25.12999963760376, 25.769999742507935, 25.870997667312622, 25.99299669265747, 25.10700011253357, 24.904999256134033, 23.929996252059937, 24.370002269744873, 23.781993627548218, 23.69699788093567, 24.14600157737732, 24.150998830795288, 23.34600043296814, 23.451997756958008, 22.746010065078735, 23.657999515533447, 23.82900094985962, 23.599000453948975, 23.676000356674194, 23.950000286102295, 24.11699914932251, 24.54499650001526, 25.38699769973755, 25.070998907089233, 25.70499849319458, 25.365000009536743, 24.677998781204224, 24.06000065803528, 23.86299753189087, 23.608998775482178, 23.932000398635864, 23.93799924850464, 23.816997289657593, 24.1279935836792, 25.24199914932251, 24.76399827003479, 24.54900050163269, 24.665996074676514, 24.63999915122986, 24.472000122070312, 24.664000272750854, 24.213001489639282, 24.339996337890625, 23.973995685577393] 
Epochs training computation time mean (in sec) = 25.29941913127899 
--- 
Training loss history = [0.6706582307815552, 0.6644937992095947, 0.6409957408905029, 0.5151230096817017, 0.44987842440605164, 0.5084678530693054, 0.42652028799057007, 0.38979923725128174, 0.3696286082267761, 0.35537081956863403, 0.3625347316265106, 0.3391259014606476, 0.3316379487514496, 0.32166194915771484, 0.3142697215080261, 0.31040310859680176, 0.31146183609962463, 0.32317593693733215, 0.3110332787036896, 0.3535781502723694, 0.31924813985824585, 0.3095121681690216, 0.3063703775405884, 0.30275601148605347, 0.2972186505794525, 0.29263728857040405, 0.2878788113594055, 0.29032114148139954, 0.2924170196056366, 0.2837793529033661, 0.2791997492313385, 0.2788660228252411, 0.28126955032348633, 0.27805083990097046, 0.27379998564720154, 0.27212801575660706, 0.2697432041168213, 0.26656028628349304, 0.2639920711517334, 0.2617940604686737, 0.2592717707157135, 0.25886693596839905, 0.2542312741279602, 0.24940380454063416, 0.24151702225208282, 0.23277069628238678, 0.2275618314743042, 0.22582407295703888, 0.21698394417762756, 0.21258249878883362, 0.1994890570640564, 0.21330639719963074, 0.20870548486709595, 0.20210221409797668, 0.19900725781917572, 0.19389764964580536, 0.1976272016763687, 0.21760854125022888, 0.20434637367725372, 0.20172905921936035, 0.2037339210510254, 0.21901282668113708, 0.20108658075332642, 0.1951906532049179, 0.1965542882680893, 0.19191138446331024, 0.21147200465202332, 0.23155303299427032, 0.1956695169210434, 0.19403713941574097, 0.18730582296848297, 0.20161813497543335, 0.20013456046581268, 0.18564696609973907, 0.1830175817012787, 0.17832814157009125, 0.17590677738189697, 0.17176233232021332, 0.16971132159233093, 0.16723769903182983, 0.16779989004135132, 0.16098979115486145, 0.16044297814369202, 0.15894649922847748, 0.15687666833400726, 0.15542010962963104, 0.1516691893339157, 0.14697468280792236, 0.1460714489221573, 0.14726752042770386, 0.1393294483423233, 0.13773681223392487, 0.14059893786907196, 0.14015141129493713, 0.13043749332427979, 0.1362319439649582, 0.12515689432621002, 0.13374130427837372, 0.12896907329559326, 0.1256113052368164] 
Training accuracy history = [0.5774180889129639, 0.5854905843734741, 0.6269943714141846, 0.7547600269317627, 0.79953932762146, 0.7439614534378052, 0.8046956062316895, 0.8247712254524231, 0.8357599973678589, 0.8459880352020264, 0.8387396931648254, 0.8537647128105164, 0.8565541505813599, 0.8609285354614258, 0.8646689653396606, 0.866021454334259, 0.8664017915725708, 0.8621753454208374, 0.8669934868812561, 0.8492846488952637, 0.8622387647628784, 0.8664652109146118, 0.8682825565338135, 0.8686841130256653, 0.8719384670257568, 0.8734177350997925, 0.8745166063308716, 0.8749603629112244, 0.8741151094436646, 0.8773905634880066, 0.8801589012145996, 0.87903892993927, 0.8798630833625793, 0.8804336190223694, 0.8834132552146912, 0.8829061388969421, 0.8843219876289368, 0.8859913945198059, 0.8868367075920105, 0.886921226978302, 0.8886541128158569, 0.8890767097473145, 0.8910631537437439, 0.8927960395812988, 0.8971281051635742, 0.9023900628089905, 0.9040172696113586, 0.9054331183433533, 0.9095538854598999, 0.9118995666503906, 0.9177743792533875, 0.9119207262992859, 0.9131252765655518, 0.9151750802993774, 0.9179434180259705, 0.9200354814529419, 0.9181758761405945, 0.9089621901512146, 0.9149637818336487, 0.9173939824104309, 0.9151750802993774, 0.908349335193634, 0.9170981049537659, 0.9198664426803589, 0.9175207614898682, 0.9206060767173767, 0.912618100643158, 0.9054542183876038, 0.9188732504844666, 0.9199509620666504, 0.9236279726028442, 0.9190211296081543, 0.9184505939483643, 0.9234800338745117, 0.9245789647102356, 0.9272838830947876, 0.9275586009025574, 0.9298408627510071, 0.9307284355163574, 0.9310031533241272, 0.93144690990448, 0.934278666973114, 0.9350394010543823, 0.9352718591690063, 0.936582088470459, 0.9381036162376404, 0.9394983053207397, 0.9414424896240234, 0.9411255121231079, 0.9413368105888367, 0.9434077739715576, 0.9438726902008057, 0.9429640173912048, 0.9441896677017212, 0.9474863409996033, 0.9454998970031738, 0.9508040547370911, 0.947063684463501, 0.9485640525817871, 0.9497263431549072] 
Training f1 history = [0.5774154663085938, 0.5854986310005188, 0.6270080804824829, 0.7547607421875, 0.79953932762146, 0.7439755797386169, 0.8047125935554504, 0.8247438669204712, 0.8357605338096619, 0.8459929823875427, 0.8387457132339478, 0.8537625670433044, 0.8565575480461121, 0.8609194755554199, 0.8646829724311829, 0.8660234808921814, 0.8664037585258484, 0.8621897101402283, 0.8669776320457458, 0.8492714166641235, 0.8622413277626038, 0.8664493560791016, 0.8682901859283447, 0.8687034249305725, 0.871927797794342, 0.8734126687049866, 0.8745232820510864, 0.8749669790267944, 0.8741158843040466, 0.8773909211158752, 0.8801528811454773, 0.8790389895439148, 0.879857063293457, 0.8804275393486023, 0.8834245204925537, 0.8828878402709961, 0.884333074092865, 0.8859904408454895, 0.8868178725242615, 0.886920154094696, 0.8886527419090271, 0.8890693783760071, 0.891067385673523, 0.892794132232666, 0.8971078395843506, 0.9023748636245728, 0.9040136337280273, 0.9054292440414429, 0.9095553755760193, 0.9118948578834534, 0.9177747368812561, 0.9119219183921814, 0.9131143093109131, 0.9151638746261597, 0.9179436564445496, 0.9200295209884644, 0.9181760549545288, 0.9089578986167908, 0.9149645566940308, 0.9174062013626099, 0.915169894695282, 0.9083569645881653, 0.9170925617218018, 0.9198663830757141, 0.9175151586532593, 0.9205822348594666, 0.9126250743865967, 0.9054564237594604, 0.918861448764801, 0.9199568033218384, 0.923627495765686, 0.9190272092819214, 0.9184566140174866, 0.9234736561775208, 0.924566388130188, 0.9272887110710144, 0.9275633692741394, 0.9298453330993652, 0.9307327270507812, 0.9310073852539062, 0.9314452409744263, 0.9342765808105469, 0.9350253343582153, 0.9352696537971497, 0.9365796446800232, 0.9381067752838135, 0.9394954442977905, 0.9414334297180176, 0.9411224126815796, 0.9413337111473083, 0.9434102177619934, 0.9438691735267639, 0.9429724216461182, 0.9441919922828674, 0.9474940896034241, 0.945496141910553, 0.9508054256439209, 0.9470537304878235, 0.9485657215118408, 0.9497278332710266] 
--- 
Validation loss history = [0.6621000170707703, 0.6474037766456604, 0.6087828874588013, 0.4009038507938385, 0.41654133796691895, 0.3987346291542053, 0.3777807354927063, 0.33694183826446533, 0.347752183675766, 0.34045830368995667, 0.34318843483924866, 0.3175389766693115, 0.32675179839134216, 0.31168776750564575, 0.31040042638778687, 0.31744006276130676, 0.3093838095664978, 0.31667080521583557, 0.406747043132782, 0.3264526426792145, 0.3044339418411255, 0.2947675585746765, 0.2906758487224579, 0.28921592235565186, 0.28584596514701843, 0.2936084568500519, 0.2815166413784027, 0.32073351740837097, 0.27800679206848145, 0.2810027003288269, 0.2882966995239258, 0.2774551212787628, 0.2742694318294525, 0.2764059901237488, 0.2829928696155548, 0.27700290083885193, 0.26642146706581116, 0.2601931393146515, 0.272172212600708, 0.26277145743370056, 0.26897889375686646, 0.25812360644340515, 0.25652188062667847, 0.2518148720264435, 0.24489501118659973, 0.2730065882205963, 0.24225452542304993, 0.2492590844631195, 0.21866454184055328, 0.22236451506614685, 0.2204369455575943, 0.22444665431976318, 0.22942818701267242, 0.21932366490364075, 0.22070874273777008, 0.21717947721481323, 0.2216816544532776, 0.2292197048664093, 0.2339482605457306, 0.2170417308807373, 0.231233611702919, 0.21217958629131317, 0.2199685424566269, 0.21318481862545013, 0.21748553216457367, 0.22442655265331268, 0.25835534930229187, 0.22509565949440002, 0.21809439361095428, 0.21808938682079315, 0.20892074704170227, 0.2172633558511734, 0.21290594339370728, 0.20990897715091705, 0.20458540320396423, 0.20961256325244904, 0.21327005326747894, 0.21781188249588013, 0.22031237185001373, 0.2044418603181839, 0.21044903993606567, 0.22379855811595917, 0.2105390578508377, 0.20382589101791382, 0.20597413182258606, 0.2153453826904297, 0.20891210436820984, 0.20195430517196655, 0.19959643483161926, 0.21540263295173645, 0.2069169282913208, 0.21067778766155243, 0.22018781304359436, 0.20299093425273895, 0.202449232339859, 0.20726944506168365, 0.257108598947525, 0.20390135049819946, 0.21752876043319702, 0.2039591521024704] 
Validation accuracy history = [0.5928109288215637, 0.6156333088874817, 0.6019399166107178, 0.8294028043746948, 0.822365939617157, 0.8208444118499756, 0.8320654034614563, 0.8590719103813171, 0.849372386932373, 0.846329391002655, 0.8624952435493469, 0.8653480410575867, 0.8647775053977966, 0.8680106401443481, 0.869151771068573, 0.8600228428840637, 0.8609737753868103, 0.8653480410575867, 0.8120958805084229, 0.8619247078895569, 0.8649676442146301, 0.8735260367393494, 0.8754279017448425, 0.8699125051498413, 0.8771395683288574, 0.8759984970092773, 0.8769494295120239, 0.8645873069763184, 0.8771395683288574, 0.8794218301773071, 0.8750475645065308, 0.8752377033233643, 0.8824648261070251, 0.8820844292640686, 0.8799923658370972, 0.8815138936042786, 0.8834157586097717, 0.8862685561180115, 0.8864587545394897, 0.8851274251937866, 0.8875998258590698, 0.8904526233673096, 0.8898820877075195, 0.8952072858810425, 0.8946367502212524, 0.8824648261070251, 0.9003423452377319, 0.897869884967804, 0.9071890711784363, 0.9068086743354797, 0.9073792099952698, 0.9079498052597046, 0.9056675434112549, 0.9109928011894226, 0.9077596068382263, 0.9104222059249878, 0.9121338725090027, 0.9079498052597046, 0.9022442102432251, 0.9142259359359741, 0.9018638134002686, 0.9132750034332275, 0.9128946661949158, 0.9081400036811829, 0.9138455390930176, 0.9066184759140015, 0.8950170874595642, 0.9115633368492126, 0.9136554002761841, 0.9128946661949158, 0.9168885350227356, 0.9146063327789307, 0.9176492691040039, 0.9157474040985107, 0.9210726618766785, 0.9151768684387207, 0.9140357375144958, 0.915367066860199, 0.9163179993629456, 0.922023594379425, 0.918980598449707, 0.9166983366012573, 0.9206922650337219, 0.9199315309524536, 0.9233548641204834, 0.9147964715957642, 0.9172689318656921, 0.9212628602981567, 0.9256371259689331, 0.9218333959579468, 0.9271585941314697, 0.9250665903091431, 0.9222137928009033, 0.9256371259689331, 0.9222137928009033, 0.9239254593849182, 0.9212628602981567, 0.9292506575584412, 0.9307721853256226, 0.930391788482666] 
Validation f1 history = [0.593257486820221, 0.6151514649391174, 0.6015151143074036, 0.8292802572250366, 0.8218559622764587, 0.8203408122062683, 0.8315150141716003, 0.8584089875221252, 0.8491665720939636, 0.8461362719535828, 0.8618180751800537, 0.8646589517593384, 0.8645074963569641, 0.8673105239868164, 0.868863582611084, 0.8597726821899414, 0.861136257648468, 0.8654922842979431, 0.8116286993026733, 0.8612498641014099, 0.8642801642417908, 0.8728029131889343, 0.8751135468482971, 0.8696211576461792, 0.8768181204795837, 0.8756817579269409, 0.8770453333854675, 0.8643181324005127, 0.8768181204795837, 0.8795074224472046, 0.8751513957977295, 0.8757574558258057, 0.8821211457252502, 0.8817423582077026, 0.8796589970588684, 0.8815907835960388, 0.8830680847167969, 0.8859090209007263, 0.8860983848571777, 0.8847726583480835, 0.8872347474098206, 0.89049232006073, 0.8899241089820862, 0.8952271342277527, 0.8950757384300232, 0.8825377225875854, 0.8999242782592773, 0.8978787660598755, 0.9071590304374695, 0.9067802429199219, 0.9073484539985657, 0.9079166054725647, 0.905643880367279, 0.9109469056129456, 0.9077272415161133, 0.9103787541389465, 0.9120832681655884, 0.9079165458679199, 0.9022347331047058, 0.9141666293144226, 0.902272641658783, 0.9132195711135864, 0.9128408432006836, 0.9081060290336609, 0.913787841796875, 0.9065907597541809, 0.895037829875946, 0.9115149974822998, 0.913598358631134, 0.9128408432006836, 0.9168181419372559, 0.9145452976226807, 0.9175757169723511, 0.915681779384613, 0.9209848046302795, 0.915113627910614, 0.9139771461486816, 0.9157196879386902, 0.916666567325592, 0.9223484992980957, 0.9189013838768005, 0.9170454740524292, 0.9206060171127319, 0.9198484420776367, 0.9236742258071899, 0.9151515364646912, 0.9171969294548035, 0.9211742281913757, 0.9255302548408508, 0.9221590161323547, 0.9270454049110413, 0.9245454668998718, 0.9221211671829224, 0.9255302548408508, 0.9221211671829224, 0.923825740814209, 0.9215908050537109, 0.9291287660598755, 0.9306439161300659, 0.9302651286125183] 
--- 
Radius of the CI = 0.004481956246565291 
True classification of the model is likely between 0.9212692530124679 and 0.9302331655055985 
--- 
Test accuracy = 0.9257512092590332 
Confusion matrix (0 | 1) = 
 [[6287  397]
 [ 579 5882]] 
--- 
