This file contains information about the lstm model 
Analysis directory = C:\Users\cdetr\Documents\GitHub\nomics\jawac_processing_nomics/data/awake_sleep_analysis 
--- 
Segmentation value = 180.0 
Downsampling value = 1.0 
Signal frequency = 1.0 Hz 
Batch size = 32 
Standard scale = 0 
Stateful = 0 
Sliding window = 1 
Center of interest = 60 
Full sequence = 0 
Return sequences = 1 
Data balancing = 1 
--- 
Log time = 06-04-2022 21-21-27 
--- 
Num of epochs = 100, early stop after 49 epochs 
Epochs training computation time history (in sec) = [25.11638116836548, 20.426661491394043, 19.148959159851074, 17.60934066772461, 17.907148122787476, 17.990241765975952, 18.23700737953186, 17.920713663101196, 18.417526721954346, 18.00271511077881, 18.201086282730103, 17.44086194038391, 17.84958028793335, 17.895386457443237, 18.18442392349243, 19.69214415550232, 20.591716051101685, 20.186038494110107, 20.73135757446289, 20.79403257369995, 21.091849327087402, 20.689032316207886, 20.63813614845276, 20.821608304977417, 20.319262504577637, 20.5736300945282, 20.916288375854492, 20.55376410484314, 20.52877902984619, 20.01107668876648, 19.989341020584106, 21.059484004974365, 21.06601333618164, 21.051169633865356, 21.325479984283447, 21.192042589187622, 21.0618257522583, 20.91073775291443, 20.665738821029663, 21.106654167175293, 20.729694843292236, 20.730027198791504, 20.663499355316162, 20.872774124145508, 21.04102873802185, 21.74491238594055, 20.575440645217896, 20.18623995780945, 20.62120294570923] 
Epochs training computation time mean (in sec) = 20.103674635595205 
--- 
Training loss history = [0.6696150302886963, 0.5826324820518494, 0.46035411953926086, 0.4223741888999939, 0.40751221776008606, 0.39725983142852783, 0.39538058638572693, 0.39369794726371765, 0.38545459508895874, 0.3823261260986328, 0.37769368290901184, 0.37382832169532776, 0.37055641412734985, 0.3693654537200928, 0.3665740489959717, 0.36052510142326355, 0.34367677569389343, 0.3301752507686615, 0.3250950276851654, 0.3188433349132538, 0.31434983015060425, 0.30958008766174316, 0.30619609355926514, 0.30465564131736755, 0.2992834448814392, 0.29623234272003174, 0.2940141260623932, 0.2875279188156128, 0.2833620607852936, 0.2794361114501953, 0.2807832658290863, 0.27268990874290466, 0.26572152972221375, 0.26651129126548767, 0.26960062980651855, 0.2554425001144409, 0.24942581355571747, 0.24541746079921722, 0.24070584774017334, 0.23370911180973053, 0.23692438006401062, 0.2291790395975113, 0.22113943099975586, 0.2179744988679886, 0.21695645153522491, 0.2085302770137787, 0.20178113877773285, 0.20453685522079468, 0.2015400528907776] 
Training accuracy history = [0.5795885324478149, 0.67982017993927, 0.7816227078437805, 0.8025637269020081, 0.8136920928955078, 0.8196671009063721, 0.8206911087036133, 0.821948766708374, 0.8262815475463867, 0.828042209148407, 0.8303518891334534, 0.8321443200111389, 0.8337096571922302, 0.8342123031616211, 0.8360427618026733, 0.8390622138977051, 0.8467941284179688, 0.8524929285049438, 0.8541345596313477, 0.858485221862793, 0.8600871562957764, 0.8613814115524292, 0.8635408878326416, 0.8633607029914856, 0.8667250275611877, 0.8674275875091553, 0.8697137236595154, 0.8724863529205322, 0.87395840883255, 0.8756576776504517, 0.8750666379928589, 0.8792612552642822, 0.8828966021537781, 0.8813782334327698, 0.8808386325836182, 0.8868347406387329, 0.889782726764679, 0.8918330669403076, 0.895048975944519, 0.8969177007675171, 0.8955851197242737, 0.8998715877532959, 0.9026479721069336, 0.9041093587875366, 0.9042671322822571, 0.9086823463439941, 0.911713182926178, 0.9103744029998779, 0.9126791954040527] 
Training f1 history = [0.579589307308197, 0.679833710193634, 0.7816333174705505, 0.8025532960891724, 0.8136927485466003, 0.8196505904197693, 0.8206673860549927, 0.821953535079956, 0.8262834548950195, 0.828040599822998, 0.8303636908531189, 0.8321334719657898, 0.8337230086326599, 0.8342154622077942, 0.8360152840614319, 0.839042603969574, 0.8467839360237122, 0.8524705171585083, 0.8541349172592163, 0.8584943413734436, 0.8600783944129944, 0.8613900542259216, 0.8635472059249878, 0.8633663058280945, 0.8667341470718384, 0.8674453496932983, 0.8697213530540466, 0.8724923729896545, 0.8739526867866516, 0.8756664395332336, 0.8750727772712708, 0.8792559504508972, 0.8828986883163452, 0.8813685178756714, 0.8808413147926331, 0.8868454098701477, 0.8897876739501953, 0.8918191194534302, 0.8950509428977966, 0.8969274163246155, 0.8955803513526917, 0.8998690843582153, 0.9026640057563782, 0.9041062593460083, 0.9042708873748779, 0.9086803793907166, 0.9117158055305481, 0.9103735089302063, 0.9126892685890198] 
--- 
Validation loss history = [0.6708946824073792, 0.47522982954978943, 0.43336647748947144, 0.43502917885780334, 0.4140106439590454, 0.4133554697036743, 0.4004877805709839, 0.4039020240306854, 0.3910330832004547, 0.3986937701702118, 0.38996651768684387, 0.38878095149993896, 0.39450934529304504, 0.3935375213623047, 0.38063347339630127, 0.37276944518089294, 0.36749687790870667, 0.35761135816574097, 0.3541872203350067, 0.3436237573623657, 0.3333510160446167, 0.3371434509754181, 0.33104783296585083, 0.3400539457798004, 0.3291286528110504, 0.3332926332950592, 0.3267335891723633, 0.33582502603530884, 0.3214184641838074, 0.32280290126800537, 0.3395024836063385, 0.32750794291496277, 0.33810892701148987, 0.33879512548446655, 0.32312020659446716, 0.3307401239871979, 0.32376211881637573, 0.33807113766670227, 0.33305099606513977, 0.3234304189682007, 0.32493770122528076, 0.33802443742752075, 0.34192347526550293, 0.33553534746170044, 0.3394172787666321, 0.3632725477218628, 0.36940133571624756, 0.3775404989719391, 0.3743740916252136] 
Validation accuracy history = [0.5808911323547363, 0.7685402631759644, 0.7916666865348816, 0.7946370840072632, 0.8063478469848633, 0.8083426356315613, 0.8143860101699829, 0.813503623008728, 0.8188727498054504, 0.8154206871986389, 0.8222936987876892, 0.8216007947921753, 0.8192052245140076, 0.823688805103302, 0.8257239460945129, 0.8295767903327942, 0.8284706473350525, 0.8431487679481506, 0.8439441919326782, 0.8439877033233643, 0.8472315669059753, 0.8458830714225769, 0.8502827286720276, 0.8461440205574036, 0.8531008958816528, 0.8486763834953308, 0.8528833985328674, 0.8507829904556274, 0.8561614751815796, 0.8553380370140076, 0.8431332111358643, 0.852432906627655, 0.848281741142273, 0.8465262055397034, 0.8540050983428955, 0.8557202219963074, 0.8573980927467346, 0.852740466594696, 0.8536446690559387, 0.8559004664421082, 0.8539926409721375, 0.8501025438308716, 0.8535483479499817, 0.8572644591331482, 0.8569040298461914, 0.8527311682701111, 0.8550708293914795, 0.8480798006057739, 0.8494313955307007] 
Validation f1 history = [0.5808110237121582, 0.7685626149177551, 0.7916334271430969, 0.7947487235069275, 0.8063921332359314, 0.8083668947219849, 0.8144897222518921, 0.8135713338851929, 0.8189905881881714, 0.8154724836349487, 0.8224482536315918, 0.8216511011123657, 0.8192270398139954, 0.823758602142334, 0.8258264660835266, 0.8297070264816284, 0.8284620046615601, 0.8432106375694275, 0.8439828157424927, 0.8439643979072571, 0.8472744226455688, 0.8459640145301819, 0.8502873778343201, 0.8461224436759949, 0.8531147837638855, 0.848734974861145, 0.8528715968132019, 0.8508114814758301, 0.8561307191848755, 0.8553401827812195, 0.8430992364883423, 0.8524327278137207, 0.8481983542442322, 0.8465052247047424, 0.8539673686027527, 0.8557091355323792, 0.8573831915855408, 0.8527330756187439, 0.8536295294761658, 0.8559322953224182, 0.853999674320221, 0.8501240015029907, 0.8535116314888, 0.8572826981544495, 0.8569492101669312, 0.8527771830558777, 0.8550660014152527, 0.8481778502464294, 0.8495087623596191] 
--- 
Radius of the CI = 0.011770831850964088 
True classification of the model is likely between 0.8572476036272464 and 0.8807892673291745 
--- 
Test accuracy = 0.8690184354782104 
Confusion matrix (0 | 1) = 
 [[251087  39794]
 [ 34614 242585]] 
--- 
