This file contains information about the resnet model 
Analysis directory = C:\Users\cdetr\Documents\GitHub\nomics\nomics-AI/data/task2/tfe/without_oe/analysis_backup 
--- 
Segmentation value = 300.0 
Downsampling value = 1.0 
Signal frequency = 1.0 Hz 
Batch size = 32 
Standard scale = 0 
Stateful = 0 
Sliding window = 1 
Center of interest = 60 
Full sequence = 0 
Return sequences = 0 
Data balancing = 1 
--- 
Log time = 16-06-2022 16-33-52 
--- 
Num of epochs = 100, early stop after 46 epochs 
Epochs training computation time history (in sec) = [33.59603190422058, 29.891058921813965, 29.195998668670654, 28.14599895477295, 28.900999069213867, 29.137027978897095, 29.15599822998047, 28.3859646320343, 28.514001846313477, 29.945042371749878, 30.45599889755249, 30.353994846343994, 30.291999101638794, 29.800987720489502, 30.126999139785767, 29.40500020980835, 29.338999271392822, 30.489004850387573, 29.361998558044434, 29.85099983215332, 30.047999382019043, 29.915042638778687, 29.53599739074707, 29.612008094787598, 30.399491786956787, 29.453001976013184, 26.635029554367065, 27.450955867767334, 29.031005382537842, 27.234033346176147, 26.723001956939697, 27.27604579925537, 27.544119596481323, 29.514039993286133, 28.54003381729126, 27.141032457351685, 27.342982053756714, 27.084999561309814, 26.267956018447876, 26.38905668258667, 26.509999752044678, 27.058030605316162, 27.087997674942017, 28.709996700286865, 31.858050107955933, 29.030959844589233] 
Epochs training computation time mean (in sec) = 28.86384724015775 
--- 
Training loss history = [0.3321807086467743, 0.2915329337120056, 0.2847230136394501, 0.2503368854522705, 0.2283247411251068, 0.21972215175628662, 0.20941998064517975, 0.20157283544540405, 0.19561809301376343, 0.18837980926036835, 0.18533094227313995, 0.17343562841415405, 0.1675068587064743, 0.1571815460920334, 0.14799553155899048, 0.13393008708953857, 0.1301162987947464, 0.1162874773144722, 0.10479537397623062, 0.0983022078871727, 0.08823393285274506, 0.07936760783195496, 0.0730564147233963, 0.06601466983556747, 0.06345118582248688, 0.05784345418214798, 0.05347442626953125, 0.0482352115213871, 0.04807787761092186, 0.04476066306233406, 0.03960635885596275, 0.03898530453443527, 0.03521803021430969, 0.03764473646879196, 0.03191995993256569, 0.03380226343870163, 0.03189944475889206, 0.02792736329138279, 0.029079202562570572, 0.026394538581371307, 0.027617942541837692, 0.0264405719935894, 0.023530926555395126, 0.026782995089888573, 0.023194819688796997, 0.02161102369427681] 
Training accuracy history = [0.8563694953918457, 0.876240611076355, 0.8793985247612, 0.8967131972312927, 0.9084210395812988, 0.9110203981399536, 0.916584312915802, 0.9196348190307617, 0.9215466976165771, 0.9247905611991882, 0.9256927967071533, 0.9306551814079285, 0.9327819347381592, 0.9369280338287354, 0.9413748383522034, 0.9464876651763916, 0.9490870237350464, 0.9549946188926697, 0.9590762853622437, 0.9611385464668274, 0.9659290909767151, 0.9696240425109863, 0.9724167585372925, 0.9752094745635986, 0.9771213531494141, 0.9788399338722229, 0.9804726243019104, 0.9819763898849487, 0.9823630452156067, 0.9829860329627991, 0.9857572317123413, 0.9859076142311096, 0.9873039722442627, 0.9862513542175293, 0.9889151453971863, 0.9874328970909119, 0.9885069727897644, 0.990118145942688, 0.9894521832466125, 0.9907196760177612, 0.9897099733352661, 0.9903759360313416, 0.9917078614234924, 0.9905048608779907, 0.9922019243240356, 0.992395281791687] 
Training f1 history = [0.8563709855079651, 0.8762573599815369, 0.8794145584106445, 0.8967157602310181, 0.9084309339523315, 0.9110102653503418, 0.9165924191474915, 0.9196227788925171, 0.9215440154075623, 0.924796998500824, 0.9256990551948547, 0.930650532245636, 0.9327670931816101, 0.9369122982025146, 0.9413776993751526, 0.9464991688728333, 0.9490882158279419, 0.9549945592880249, 0.9590654969215393, 0.9611371755599976, 0.9659267067909241, 0.9696208238601685, 0.9724031090736389, 0.9751952290534973, 0.9771263003349304, 0.9788445234298706, 0.9804767966270447, 0.9819802641868591, 0.9823668599128723, 0.9829896688461304, 0.9857603311538696, 0.9859106540679932, 0.9873067140579224, 0.9862542748451233, 0.9889175295829773, 0.9874258637428284, 0.988509476184845, 0.9901105165481567, 0.9894447326660156, 0.9907119274139404, 0.9896926283836365, 0.9903780221939087, 0.9917096495628357, 0.9905068874359131, 0.9922035932540894, 0.992396891117096] 
--- 
Validation loss history = [0.42849791049957275, 0.3175762891769409, 0.2984377145767212, 0.2653596103191376, 0.22572746872901917, 0.3007355034351349, 0.2182506024837494, 0.21456173062324524, 0.22613215446472168, 0.2883463501930237, 0.22382576763629913, 0.19205006957054138, 0.1963241547346115, 0.23428308963775635, 0.20301121473312378, 0.19745409488677979, 0.20521405339241028, 0.2606732249259949, 0.14018751680850983, 0.17694732546806335, 0.20608550310134888, 0.16487719118595123, 0.2672897279262543, 0.14304649829864502, 0.20294664800167084, 0.12209659814834595, 0.18982473015785217, 0.10869677364826202, 0.15124604105949402, 0.17066174745559692, 0.15179257094860077, 0.1549462527036667, 0.6163171529769897, 0.14730896055698395, 0.17505015432834625, 0.08899268507957458, 0.09011655300855637, 0.21511606872081757, 0.10218983143568039, 0.1034550741314888, 0.30355221033096313, 0.11790577322244644, 0.1251668781042099, 0.16198256611824036, 0.10461181402206421, 0.2310965210199356] 
Validation accuracy history = [0.8064952492713928, 0.8592692613601685, 0.8731877207756042, 0.888072669506073, 0.9068238735198975, 0.8635221123695374, 0.9170693755149841, 0.9190025329589844, 0.9066305756568909, 0.8753141164779663, 0.909916877746582, 0.9207423329353333, 0.9222888350486755, 0.8946452736854553, 0.9257684350013733, 0.9128165245056152, 0.9178426265716553, 0.9004446268081665, 0.9414266347885132, 0.9352406859397888, 0.918809175491333, 0.940653383731842, 0.9058573246002197, 0.9452928900718689, 0.921322226524353, 0.9563116431236267, 0.9234486818313599, 0.9580514430999756, 0.9414266347885132, 0.9476125836372375, 0.9393002390861511, 0.9503189921379089, 0.8536632657051086, 0.9464527368545532, 0.9410400390625, 0.9657838940620422, 0.9704233407974243, 0.9375604391098022, 0.9601778388023376, 0.961337685585022, 0.9190025329589844, 0.9578580856323242, 0.9537985920906067, 0.9476125836372375, 0.9661704897880554, 0.9277015328407288] 
Validation f1 history = [0.8064005374908447, 0.8589615225791931, 0.8728504180908203, 0.8879058957099915, 0.9065163731575012, 0.8633064031600952, 0.9168412089347839, 0.9187701940536499, 0.9063233733177185, 0.8751744627952576, 0.9098049402236938, 0.9205062389373779, 0.9221506118774414, 0.8944646716117859, 0.925622820854187, 0.9125972986221313, 0.9177138805389404, 0.9005547165870667, 0.9413487911224365, 0.9351758360862732, 0.9186782836914062, 0.9405770897865295, 0.9057539105415344, 0.9453079104423523, 0.9213881492614746, 0.9562022089958191, 0.923509955406189, 0.9579383134841919, 0.9414498805999756, 0.9475216269493103, 0.9392268657684326, 0.9503233432769775, 0.853569507598877, 0.9463641047477722, 0.9409629106521606, 0.9657554030418396, 0.9703850746154785, 0.9375917315483093, 0.9602623581886292, 0.9613186717033386, 0.9188711643218994, 0.957745373249054, 0.9536944627761841, 0.9475216269493103, 0.9661412239074707, 0.9276528358459473] 
--- 
Radius of the CI = 0.0029769879404013405 
True classification of the model is likely between 0.9662442463811929 and 0.9721982222619956 
--- 
Test accuracy = 0.9692212343215942 
Confusion matrix (0 | 1) = 
 [[6356  106]
 [ 292 6177]] 
--- 
