This file contains information about the lstm model 
Analysis directory = C:\Users\cdetr\Documents\GitHub\nomics\nomics-AI/data/awake_sleep_analysis 
--- 
Segmentation value = 120.0 
Downsampling value = 1.0 
Signal frequency = 1.0 Hz 
Batch size = 8 
Standard scale = 0 
Stateful = 0 
Sliding window = 0 
Center of interest = 10 
Full sequence = 0 
Return sequences = 1 
Data balancing = 1 
--- 
Log time = 14-05-2022 14-59-32 
--- 
Num of epochs = 100, early stop after 50 epochs 
Epochs training computation time history (in sec) = [18.607038974761963, 14.870000123977661, 14.254995584487915, 14.975001811981201, 13.902032852172852, 14.050961971282959, 14.594001531600952, 13.985031127929688, 14.004997253417969, 14.141000509262085, 14.903994083404541, 14.541003942489624, 14.431995630264282, 15.381002187728882, 14.878995656967163, 14.976001024246216, 14.264038562774658, 14.044960021972656, 15.286036252975464, 14.780019998550415, 14.949997425079346, 14.380004644393921, 15.26703691482544, 15.250999450683594, 15.358965158462524, 15.312000036239624, 14.374004125595093, 14.16003966331482, 14.14300012588501, 14.262027978897095, 14.969001054763794, 14.936965465545654, 14.97295880317688, 14.394001722335815, 14.797994375228882, 13.956000089645386, 14.585000276565552, 14.92099905014038, 14.012001752853394, 14.51300311088562, 14.413995027542114, 15.459997653961182, 15.695011377334595, 15.27399730682373, 14.75094485282898, 14.642003774642944, 14.398031949996948, 14.020033836364746, 13.742960929870605, 14.177001953125] 
Epochs training computation time mean (in sec) = 14.699261779785155 
--- 
Training loss history = [0.6535356044769287, 0.5533762574195862, 0.47936153411865234, 0.44101330637931824, 0.4295608401298523, 0.4189302921295166, 0.41167151927948, 0.4041960537433624, 0.39910081028938293, 0.39545494318008423, 0.39592301845550537, 0.3897912800312042, 0.38411256670951843, 0.38210928440093994, 0.3779861629009247, 0.3754270672798157, 0.37071534991264343, 0.36336782574653625, 0.35126709938049316, 0.3459952175617218, 0.3420402407646179, 0.3382212817668915, 0.3407556712627411, 0.33075428009033203, 0.3264397084712982, 0.3299243152141571, 0.32528233528137207, 0.31729263067245483, 0.3128172755241394, 0.31326109170913696, 0.3073887825012207, 0.30658358335494995, 0.29913240671157837, 0.3071899712085724, 0.29429060220718384, 0.29043570160865784, 0.28534963726997375, 0.2944803237915039, 0.28827863931655884, 0.27572745084762573, 0.2754875421524048, 0.2764252722263336, 0.26857420802116394, 0.26021724939346313, 0.25710421800613403, 0.2551923096179962, 0.25701284408569336, 0.24995195865631104, 0.24429483711719513, 0.2455233335494995] 
Training accuracy history = [0.5973303914070129, 0.7386489510536194, 0.7747487425804138, 0.7935864329338074, 0.7997866868972778, 0.807660698890686, 0.8118993639945984, 0.8170396089553833, 0.8200128078460693, 0.8215818405151367, 0.819588840007782, 0.8265389204025269, 0.8273240923881531, 0.8297450542449951, 0.8315444588661194, 0.8322275280952454, 0.8341590762138367, 0.8381648063659668, 0.8442721366882324, 0.8468684554100037, 0.8479794859886169, 0.8512458205223083, 0.849962055683136, 0.8542595505714417, 0.85613614320755, 0.855735719203949, 0.8571045398712158, 0.8608760237693787, 0.8638204336166382, 0.8632943630218506, 0.8653842210769653, 0.8662309050559998, 0.8695364594459534, 0.8673955798149109, 0.8722977042198181, 0.8732987642288208, 0.8750863671302795, 0.8714196085929871, 0.8751884698867798, 0.8799753785133362, 0.8807396292686462, 0.8789978623390198, 0.8832129240036011, 0.8872002959251404, 0.8885547518730164, 0.8894171118736267, 0.8886097073554993, 0.894018292427063, 0.8937788009643555, 0.8938219547271729] 
Training f1 history = [0.5973303914070129, 0.7386491298675537, 0.7747483849525452, 0.793586254119873, 0.7997866868972778, 0.8076605796813965, 0.8118998408317566, 0.8170397877693176, 0.8200129866600037, 0.8215816617012024, 0.819588840007782, 0.8265389204025269, 0.8273247480392456, 0.8297451138496399, 0.8315442800521851, 0.8322277665138245, 0.8341588377952576, 0.838164746761322, 0.844271719455719, 0.8468686938285828, 0.8479791879653931, 0.8512449860572815, 0.8499625325202942, 0.8542595505714417, 0.8561363220214844, 0.8557356595993042, 0.8571044206619263, 0.8608759045600891, 0.8638208508491516, 0.8632940053939819, 0.8653841018676758, 0.8662307858467102, 0.8695362210273743, 0.8673954010009766, 0.8722978830337524, 0.8732989430427551, 0.8750861883163452, 0.8714202642440796, 0.8751887679100037, 0.8799756169319153, 0.8807402849197388, 0.8789980411529541, 0.8832129836082458, 0.8872002363204956, 0.8885549902915955, 0.8894171118736267, 0.8886099457740784, 0.8940179944038391, 0.8937795162200928, 0.893822431564331] 
--- 
Validation loss history = [0.5624626874923706, 0.4972192943096161, 0.4162531793117523, 0.41647234559059143, 0.39865466952323914, 0.38184064626693726, 0.39153268933296204, 0.4252190589904785, 0.3704310655593872, 0.37796473503112793, 0.37713322043418884, 0.3661097586154938, 0.3650023937225342, 0.35518378019332886, 0.35662057995796204, 0.35366809368133545, 0.3688870966434479, 0.32941487431526184, 0.3325701057910919, 0.3309940993785858, 0.3273910582065582, 0.3329291045665741, 0.3296017646789551, 0.33109250664711, 0.33963248133659363, 0.33297857642173767, 0.3269285261631012, 0.3393765687942505, 0.34492236375808716, 0.3208487629890442, 0.33440884947776794, 0.3243468105792999, 0.3374249339103699, 0.3241718113422394, 0.3317456543445587, 0.32488521933555603, 0.32549867033958435, 0.3485950827598572, 0.3425450325012207, 0.33753830194473267, 0.3626707196235657, 0.35417115688323975, 0.38463565707206726, 0.36131468415260315, 0.34347018599510193, 0.3733383119106293, 0.3646112084388733, 0.3333551585674286, 0.3716599643230438, 0.35489946603775024] 
Validation accuracy history = [0.7479166388511658, 0.7876059412956238, 0.7996233701705933, 0.8101106286048889, 0.8282368183135986, 0.8337805867195129, 0.8281309008598328, 0.8120880126953125, 0.8371822237968445, 0.8299552798271179, 0.8403719663619995, 0.8427966237068176, 0.8424906134605408, 0.8476459383964539, 0.8457744717597961, 0.8454566597938538, 0.8471986651420593, 0.8606285452842712, 0.8573917150497437, 0.856414794921875, 0.86443030834198, 0.8581332564353943, 0.8533898591995239, 0.863194465637207, 0.8511770367622375, 0.8556379675865173, 0.864194929599762, 0.8614289164543152, 0.8583333492279053, 0.8603931069374084, 0.8640065789222717, 0.8641124963760376, 0.8546139597892761, 0.8598163723945618, 0.8617702722549438, 0.8593809008598328, 0.8616878390312195, 0.8541548848152161, 0.8548728823661804, 0.8572269082069397, 0.8531662225723267, 0.8526718616485596, 0.8555319905281067, 0.8516360521316528, 0.8555202484130859, 0.8380061388015747, 0.8535664081573486, 0.8564736247062683, 0.8560263514518738, 0.8472692966461182] 
Validation f1 history = [0.7491339445114136, 0.7885884642601013, 0.8005502223968506, 0.8109667301177979, 0.8289675712585449, 0.8345387578010559, 0.8288388848304749, 0.8128861784934998, 0.8379682302474976, 0.8306999802589417, 0.8411986231803894, 0.8436093926429749, 0.8432465195655823, 0.8484079837799072, 0.8465354442596436, 0.8460204601287842, 0.8472025990486145, 0.8607208728790283, 0.8571979403495789, 0.8564959168434143, 0.8640215396881104, 0.8576661944389343, 0.853441059589386, 0.8633543848991394, 0.8519075512886047, 0.8560746312141418, 0.864712119102478, 0.8612125515937805, 0.8586024641990662, 0.8609431982040405, 0.8637056946754456, 0.863646924495697, 0.8549858927726746, 0.8597613573074341, 0.8611304759979248, 0.8590238690376282, 0.8617043495178223, 0.8533708453178406, 0.8548572063446045, 0.8570342063903809, 0.8532654643058777, 0.8519895672798157, 0.8549155592918396, 0.8515682220458984, 0.855243444442749, 0.8374414443969727, 0.8536518216133118, 0.856531023979187, 0.8552316427230835, 0.8467813730239868] 
--- 
Radius of the CI = 0.016339787294758677 
True classification of the model is likely between 0.840011409471141 and 0.8726909840606584 
--- 
Test accuracy = 0.8563511967658997 
Confusion matrix (0 | 1) = 
 [[87772 18460]
 [12051 94117]] 
--- 
