This file contains information about the resnet model 
Analysis directory = C:\Users\cdetr\Documents\GitHub\nomics\nomics-AI/data/task2/tfe/without_oe/analysis_backup 
--- 
Segmentation value = 900.0 
Downsampling value = 1.0 
Signal frequency = 1.0 Hz 
Batch size = 32 
Standard scale = 0 
Stateful = 0 
Sliding window = 1 
Center of interest = 300 
Full sequence = 0 
Return sequences = 0 
Data balancing = 1 
--- 
Log time = 18-06-2022 21-17-22 
--- 
Num of epochs = 100, early stop after 80 epochs 
Epochs training computation time history (in sec) = [18.806000471115112, 12.7579984664917, 12.99000072479248, 13.025998592376709, 12.870001316070557, 13.078998804092407, 13.099001169204712, 13.10299801826477, 13.144997119903564, 13.115001440048218, 13.011003255844116, 12.92199444770813, 12.7260000705719, 13.01799750328064, 12.964000225067139, 12.961001634597778, 12.905000448226929, 13.424001455307007, 13.243997573852539, 12.923001289367676, 13.34499979019165, 13.206996202468872, 12.927998781204224, 12.71399998664856, 12.88599681854248, 12.897999286651611, 12.798998832702637, 12.972999572753906, 13.012000799179077, 12.70799994468689, 12.64499831199646, 12.754998445510864, 12.585994958877563, 12.627984285354614, 12.588000297546387, 12.789998769760132, 12.819014549255371, 12.540999412536621, 12.83200192451477, 12.973999977111816, 12.485996723175049, 12.755998611450195, 12.630998134613037, 12.973999261856079, 12.823999643325806, 12.527997970581055, 12.692999839782715, 13.108999490737915, 12.70800256729126, 13.196998834609985, 12.954001188278198, 13.012999296188354, 13.081997871398926, 13.18800139427185, 12.924997806549072, 13.035001039505005, 12.914002418518066, 13.458999395370483, 12.81100082397461, 13.14099907875061, 12.820000648498535, 13.161001205444336, 13.22200059890747, 13.069998979568481, 12.98900032043457, 12.814001083374023, 13.037003993988037, 13.012998104095459, 12.973999500274658, 12.85200023651123, 12.904011249542236, 12.87399935722351, 12.624001026153564, 12.9089994430542, 12.716997861862183, 12.894001245498657, 12.798995971679688, 12.74500298500061, 12.954999446868896, 12.745997905731201] 
Epochs training computation time mean (in sec) = 12.99079971909523 
--- 
Training loss history = [0.35667136311531067, 0.2762574553489685, 0.2441168874502182, 0.24665509164333344, 0.2466692179441452, 0.23683762550354004, 0.22551481425762177, 0.215931698679924, 0.21567577123641968, 0.1969655305147171, 0.18632112443447113, 0.18234607577323914, 0.1918341964483261, 0.18880997598171234, 0.17849446833133698, 0.16791963577270508, 0.17522521317005157, 0.16882620751857758, 0.16970819234848022, 0.156419038772583, 0.15949882566928864, 0.15554878115653992, 0.14934709668159485, 0.14020006358623505, 0.1354675441980362, 0.14465846121311188, 0.1386411488056183, 0.1198895275592804, 0.131990447640419, 0.10511863976716995, 0.1063803881406784, 0.11719035357236862, 0.11511234194040298, 0.10108990967273712, 0.08712372928857803, 0.09372438490390778, 0.08229584991931915, 0.07831694185733795, 0.07808061689138412, 0.07440054416656494, 0.07332880049943924, 0.06726553291082382, 0.06907584518194199, 0.06127406656742096, 0.07149827480316162, 0.05149132385849953, 0.050252433866262436, 0.048498041927814484, 0.04811839014291763, 0.04975738748908043, 0.04141432046890259, 0.0466802641749382, 0.04231983423233032, 0.04279012605547905, 0.03659374639391899, 0.027724141255021095, 0.03968952223658562, 0.04096652939915657, 0.028925253078341484, 0.03993450850248337, 0.024340596050024033, 0.025305790826678276, 0.038036514073610306, 0.024521492421627045, 0.02397913672029972, 0.02331586182117462, 0.03163144737482071, 0.01946861296892166, 0.023346859961748123, 0.031765297055244446, 0.027178118005394936, 0.019089320674538612, 0.019873348996043205, 0.035140588879585266, 0.02219163440167904, 0.02341228909790516, 0.015831077471375465, 0.022302765399217606, 0.03167864680290222, 0.01532432995736599] 
Training accuracy history = [0.8461616635322571, 0.8846974968910217, 0.9035078883171082, 0.8998475074768066, 0.9011693000793457, 0.9046263098716736, 0.9077783226966858, 0.9156075119972229, 0.9155058264732361, 0.9269953966140747, 0.9289273023605347, 0.9296390414237976, 0.926690399646759, 0.9270970821380615, 0.932689368724823, 0.9362480640411377, 0.9309608340263367, 0.9349262714385986, 0.9381799697875977, 0.9400101900100708, 0.9394000768661499, 0.9402135014533997, 0.945195734500885, 0.9466192126274109, 0.9466192126274109, 0.943873941898346, 0.9488561153411865, 0.9558718800544739, 0.9501779079437256, 0.9589222073554993, 0.9603456854820251, 0.9583121538162231, 0.957702100276947, 0.9614641666412354, 0.9682765603065491, 0.9654296040534973, 0.9694966673851013, 0.9712252020835876, 0.9724453687667847, 0.9724453687667847, 0.9717336297035217, 0.9760040640830994, 0.9755973815917969, 0.9777325987815857, 0.9714285731315613, 0.9807829260826111, 0.9812912940979004, 0.9815963506698608, 0.9819013476371765, 0.9820030331611633, 0.9858667850494385, 0.9838332533836365, 0.9841383099555969, 0.9856634736061096, 0.9873919486999512, 0.9897305369377136, 0.985460102558136, 0.9863752126693726, 0.9893238544464111, 0.9866802096366882, 0.9912557005882263, 0.9919674396514893, 0.9860701560974121, 0.9916624426841736, 0.9916624426841736, 0.9917641282081604, 0.9899339079856873, 0.9931876063346863, 0.9915607571601868, 0.989425539970398, 0.989425539970398, 0.994001030921936, 0.993492603302002, 0.9877986907958984, 0.9929842352867126, 0.9919674396514893, 0.9948144555091858, 0.9917641282081604, 0.9896288514137268, 0.9944077134132385] 
Training f1 history = [0.8464893698692322, 0.8847493529319763, 0.9037133455276489, 0.899673342704773, 0.9007987380027771, 0.9046358466148376, 0.9079747200012207, 0.9155935049057007, 0.915492057800293, 0.9271509647369385, 0.9284976124763489, 0.9294015169143677, 0.9264591932296753, 0.927058756351471, 0.9328327775001526, 0.935996413230896, 0.9311078786849976, 0.9350649118423462, 0.9383115768432617, 0.9397505521774292, 0.9391418099403381, 0.9401472210884094, 0.94492506980896, 0.9467329382896423, 0.9465392231941223, 0.9439935088157654, 0.9487712979316711, 0.9559659361839294, 0.9502840638160706, 0.9588160514831543, 0.9604302048683167, 0.9584009647369385, 0.9577922224998474, 0.9615462422370911, 0.9681504368782043, 0.9653095602989197, 0.9695616960525513, 0.9712865352630615, 0.9725040793418884, 0.9725040793418884, 0.9716001152992249, 0.9760552048683167, 0.975649356842041, 0.9777800440788269, 0.9712957143783569, 0.9808238744735718, 0.9813311696052551, 0.981635570526123, 0.9819399118423462, 0.9820414185523987, 0.9858969449996948, 0.9838677048683167, 0.9839783906936646, 0.9856939911842346, 0.9874188303947449, 0.9897524118423462, 0.9854910969734192, 0.9864042401313782, 0.9893465638160706, 0.9867085814476013, 0.991080641746521, 0.9917908906936646, 0.9860998392105103, 0.9916802048683167, 0.9916802048683167, 0.9917816519737244, 0.9897616505622864, 0.9932020902633667, 0.9913850426673889, 0.989448070526123, 0.989448070526123, 0.994013786315918, 0.9935064911842346, 0.9878246784210205, 0.9928054809570312, 0.9919846057891846, 0.9948254823684692, 0.9917816519737244, 0.9896509647369385, 0.9944196343421936] 
--- 
Validation loss history = [1.7806168794631958, 0.4174899458885193, 0.24493111670017242, 0.4211086928844452, 0.3042967617511749, 0.28806477785110474, 0.25011324882507324, 0.26017388701438904, 0.24582640826702118, 0.20326073467731476, 0.2675543427467346, 0.23451516032218933, 0.23543579876422882, 0.21413016319274902, 0.21007800102233887, 0.22406348586082458, 0.21262086927890778, 0.2937658131122589, 0.2013726383447647, 0.29237720370292664, 0.19887633621692657, 0.22326557338237762, 0.18911616504192352, 0.2602120041847229, 0.31453514099121094, 0.373110830783844, 0.2266479730606079, 0.19497983157634735, 0.230449378490448, 0.1592978686094284, 0.17230522632598877, 0.29453495144844055, 0.16368672251701355, 0.19277873635292053, 0.1527470201253891, 0.1676718294620514, 0.1671154499053955, 0.14304214715957642, 0.21854546666145325, 0.18427807092666626, 0.19131074845790863, 0.39674603939056396, 0.21080777049064636, 0.18425440788269043, 0.1542823761701584, 0.12681761384010315, 0.2810210585594177, 0.6419991850852966, 0.21828119456768036, 0.16066041588783264, 0.4708951711654663, 0.12695223093032837, 0.17394669353961945, 0.35508257150650024, 0.20116086304187775, 0.10504215955734253, 0.17726898193359375, 0.21414631605148315, 0.29565533995628357, 0.12408357858657837, 0.10392703115940094, 0.19720624387264252, 0.19474613666534424, 0.10629197210073471, 0.3446330726146698, 0.09969302266836166, 0.23366320133209229, 0.08892934024333954, 0.16319066286087036, 0.08547273278236389, 0.11521121114492416, 0.12905928492546082, 0.4754543602466583, 0.16346651315689087, 0.1019408330321312, 0.19119936227798462, 0.09128405153751373, 0.11066032201051712, 0.20732852816581726, 0.11582421511411667] 
Validation accuracy history = [0.6120768785476685, 0.80237877368927, 0.8947849869728088, 0.8279963135719299, 0.8600183129310608, 0.8828911185264587, 0.898444652557373, 0.8911253213882446, 0.9030191898345947, 0.9231473207473755, 0.881061315536499, 0.9231473207473755, 0.9057639241218567, 0.921317458152771, 0.9222323894500732, 0.9112534523010254, 0.9066788554191589, 0.8856358528137207, 0.9158279895782471, 0.8828911185264587, 0.9322964549064636, 0.9121683239936829, 0.9277218580245972, 0.8902104496955872, 0.8691674470901489, 0.8453797101974487, 0.9222323894500732, 0.9176578521728516, 0.9112534523010254, 0.9460201263427734, 0.9405306577682495, 0.8993595838546753, 0.9396157264709473, 0.9231473207473755, 0.9487648606300354, 0.9350411891937256, 0.9258920550346375, 0.9423604607582092, 0.9112534523010254, 0.9350411891937256, 0.9139981865882874, 0.8700823187828064, 0.9249771237373352, 0.9295517206192017, 0.9423604607582092, 0.9524245262145996, 0.9167429208755493, 0.8188472390174866, 0.9295517206192017, 0.9432753920555115, 0.8490393161773682, 0.9560841917991638, 0.9505947232246399, 0.8774016499519348, 0.9231473207473755, 0.9588289260864258, 0.9451051950454712, 0.9332113265991211, 0.8920402526855469, 0.9515095949172974, 0.9698078632354736, 0.9423604607582092, 0.9322964549064636, 0.9670631289482117, 0.8828911185264587, 0.9762122631072998, 0.9204025864601135, 0.9725525975227356, 0.938700795173645, 0.9679780602455139, 0.9634034633636475, 0.9515095949172974, 0.9121683239936829, 0.9496797919273376, 0.965233325958252, 0.9469350576400757, 0.9679780602455139, 0.9688929319381714, 0.9249771237373352, 0.9606587290763855] 
Validation f1 history = [0.6166070699691772, 0.79749995470047, 0.8973214030265808, 0.8321428298950195, 0.8633928298950195, 0.8857142329216003, 0.9008927941322327, 0.8937499523162842, 0.9053570628166199, 0.925000011920929, 0.8839285373687744, 0.925000011920929, 0.9080356359481812, 0.9232142567634583, 0.9241071343421936, 0.9133927822113037, 0.9089285135269165, 0.8883928060531616, 0.9178571701049805, 0.8857142329216003, 0.9339285492897034, 0.9142856597900391, 0.9294642806053162, 0.8928570747375488, 0.872321367263794, 0.8491070866584778, 0.9241071343421936, 0.9196428656578064, 0.9133927822113037, 0.9473214149475098, 0.9419642686843872, 0.901785671710968, 0.9410714507102966, 0.925000011920929, 0.949999988079071, 0.9366071224212646, 0.9276785850524902, 0.9437499046325684, 0.9133927822113037, 0.9366071224212646, 0.9160714149475098, 0.8732142448425293, 0.9267857074737549, 0.9312499761581421, 0.9437499046325684, 0.9535714387893677, 0.918749988079071, 0.8232142329216003, 0.9312499761581421, 0.9446427226066589, 0.8526785373687744, 0.9571428298950195, 0.9517857432365417, 0.8803570866584778, 0.925000011920929, 0.9598214030265808, 0.9464284777641296, 0.9348214268684387, 0.8946428298950195, 0.9526785612106323, 0.9705356955528259, 0.9437500238418579, 0.9339285492897034, 0.9678571224212646, 0.8857142329216003, 0.9767857193946838, 0.9223214387893677, 0.9732142686843872, 0.9401785731315613, 0.96875, 0.9642857313156128, 0.9526785612106323, 0.9142856597900391, 0.9508928656578064, 0.9660714268684387, 0.9482142925262451, 0.96875, 0.9696428775787354, 0.9267857074737549, 0.961607038974762] 
--- 
Radius of the CI = 0.00636036958238992 
True classification of the model is likely between 0.9639910284087905 and 0.9767117675735704 
--- 
Test accuracy = 0.9703513979911804 
Confusion matrix (0 | 1) = 
 [[1343   28]
 [  53 1308]] 
--- 
