This file contains information about the lstm model 
Analysis directory = C:\Users\cdetr\My Drive\master\Documents\nomics\jawac_processing_nomics/data/awake_sleep_analysis 
--- 
Segmentation value = 180.0 
Downsampling value = 1.0 
Signal frequency = 1.0 Hz 
Batch size = 32 
Standard scale = 0 
Stateful = 0 
Sliding window = 1 
Center of interest = 60 
Full sequence = 0 
Data balancing = 1 
--- 
Log time = 26-03-2022 14-14-04 
--- 
Num of epochs = 100, early stop after 100 epochs 
Epochs training computation time history (in sec) = [22.93233609199524, 20.23534393310547, 20.92822289466858, 24.585601568222046, 25.240421772003174, 26.136231660842896, 25.29680895805359, 24.704936742782593, 25.346247911453247, 25.88636612892151, 25.062970638275146, 24.630987644195557, 26.233877658843994, 26.5123393535614, 25.466333627700806, 25.394219875335693, 25.389002799987793, 26.046079874038696, 26.55160641670227, 26.61131525039673, 22.46219277381897, 23.440195083618164, 25.60261082649231, 25.725294589996338, 22.701266050338745, 23.63594889640808, 21.538931608200073, 21.47419786453247, 22.302325010299683, 21.319377660751343, 22.25063943862915, 20.343050003051758, 21.11515760421753, 21.535151720046997, 21.137962102890015, 21.045580863952637, 21.07301425933838, 21.089993953704834, 20.96508812904358, 21.00237488746643, 21.514547109603882, 22.287578344345093, 22.856281042099, 22.55169701576233, 22.343491792678833, 21.571043014526367, 20.82131552696228, 21.02163338661194, 20.74381947517395, 19.76096272468567, 19.979820013046265, 20.467612743377686, 20.07906484603882, 19.969558000564575, 20.226120233535767, 21.65658974647522, 20.49766206741333, 20.78978180885315, 21.381914615631104, 20.482391357421875, 20.703471422195435, 20.595985174179077, 20.652382850646973, 21.01556086540222, 21.300904273986816, 21.81257462501526, 21.665937662124634, 22.057610750198364, 23.215272665023804, 21.505467891693115, 21.745646476745605, 21.87865662574768, 22.670119047164917, 21.99446392059326, 22.037692070007324, 21.80868363380432, 22.939618825912476, 25.822068691253662, 27.663985013961792, 26.046882390975952, 25.734534978866577, 26.372284650802612, 26.603495359420776, 25.783687829971313, 27.179038524627686, 26.683801889419556, 26.891371250152588, 26.761861085891724, 26.837724447250366, 26.808430194854736, 26.343750476837158, 25.604661464691162, 26.155858278274536, 24.96032452583313, 25.001126050949097, 25.092512845993042, 25.64374589920044, 25.713276863098145, 25.56934118270874, 25.462738513946533] 
Epochs training computation time mean (in sec) = 23.322910401821137 
--- 
Training loss history = [0.6612282395362854, 0.6382235884666443, 0.6096387505531311, 0.5969811677932739, 0.556054949760437, 0.5310524106025696, 0.5321340560913086, 0.53675377368927, 0.5013598799705505, 0.4790342152118683, 0.4732559025287628, 0.47039780020713806, 0.4440341293811798, 0.4276227653026581, 0.41320088505744934, 0.4005339443683624, 0.3929702341556549, 0.3833988904953003, 0.3773688077926636, 0.3754160404205322, 0.37348034977912903, 0.3735900819301605, 0.36501893401145935, 0.363178551197052, 0.35995686054229736, 0.3600367605686188, 0.35841110348701477, 0.353092223405838, 0.3518798351287842, 0.34919407963752747, 0.34743770956993103, 0.3474557101726532, 0.3445320129394531, 0.3419628441333771, 0.34039682149887085, 0.34065210819244385, 0.3399093449115753, 0.3382589519023895, 0.33683744072914124, 0.3361749053001404, 0.3365726172924042, 0.33476877212524414, 0.33345672488212585, 0.3337537944316864, 0.3334057331085205, 0.331106573343277, 0.33240431547164917, 0.32867997884750366, 0.3296850919723511, 0.32825878262519836, 0.32901981472969055, 0.3288489878177643, 0.32649150490760803, 0.3268806040287018, 0.32618096470832825, 0.32631921768188477, 0.3252137005329132, 0.3253944516181946, 0.32689839601516724, 0.3250327408313751, 0.32415980100631714, 0.32281458377838135, 0.3242057263851166, 0.3230328857898712, 0.32290390133857727, 0.3222031593322754, 0.32166072726249695, 0.3222934901714325, 0.32143887877464294, 0.32084760069847107, 0.32017970085144043, 0.32033196091651917, 0.3204314112663269, 0.31960633397102356, 0.3239433765411377, 0.3247879445552826, 0.3186812698841095, 0.31872978806495667, 0.31785669922828674, 0.3190132677555084, 0.31857120990753174, 0.31533315777778625, 0.31666529178619385, 0.3174706697463989, 0.31649965047836304, 0.3183574974536896, 0.31858134269714355, 0.3163987100124359, 0.31503286957740784, 0.3161824941635132, 0.31518685817718506, 0.3160964250564575, 0.3150227665901184, 0.31430986523628235, 0.31466540694236755, 0.3141072690486908, 0.3139663338661194, 0.32137027382850647, 0.3130968511104584, 0.3117420971393585] 
Training accuracy history = [0.6046558618545532, 0.6430795192718506, 0.680358350276947, 0.6920079588890076, 0.7289051413536072, 0.7464599013328552, 0.7408158779144287, 0.7411372661590576, 0.7641955018043518, 0.7749412655830383, 0.7765480875968933, 0.7811878323554993, 0.7972362041473389, 0.8098098039627075, 0.8189286589622498, 0.825717568397522, 0.8285094499588013, 0.8334906697273254, 0.8348565101623535, 0.8365838527679443, 0.8369454145431519, 0.8365035057067871, 0.8414445519447327, 0.8420671820640564, 0.8433526754379272, 0.844497561454773, 0.8434531092643738, 0.8470283150672913, 0.846767246723175, 0.847731351852417, 0.8499206900596619, 0.8488561511039734, 0.8494787812232971, 0.8512061238288879, 0.8531343340873718, 0.8522706627845764, 0.853536069393158, 0.8530941605567932, 0.8545403480529785, 0.8546206951141357, 0.8551228046417236, 0.8557454943656921, 0.8551428914070129, 0.8551228046417236, 0.8552232384681702, 0.8555245399475098, 0.8561672568321228, 0.8563882112503052, 0.8568502068519592, 0.8570309281349182, 0.8579548597335815, 0.8580954670906067, 0.8577540516853333, 0.8575732707977295, 0.8586980700492859, 0.8587784171104431, 0.8597626090049744, 0.8587985038757324, 0.8582963347434998, 0.8587583303451538, 0.857673704624176, 0.8600638508796692, 0.8593006134033203, 0.8587784171104431, 0.8603249788284302, 0.859923243522644, 0.8597626090049744, 0.8596220016479492, 0.8599433302879333, 0.8601040244102478, 0.860706627368927, 0.8613091707229614, 0.8607267141342163, 0.8611886501312256, 0.8589591383934021, 0.859541654586792, 0.8617711663246155, 0.8622130155563354, 0.8613091707229614, 0.8605057597160339, 0.861409604549408, 0.8622531890869141, 0.8605258464813232, 0.8617109060287476, 0.8615702986717224, 0.8617510795593262, 0.861610472202301, 0.8623536229133606, 0.8622331023216248, 0.8628758788108826, 0.8623536229133606, 0.8621125817298889, 0.8639604449272156, 0.862835705280304, 0.8630766868591309, 0.8632775545120239, 0.8630566000938416, 0.8608874082565308, 0.8646835684776306, 0.8642818331718445] 
Training f1 history = [0.6046470999717712, 0.6430967450141907, 0.6803494691848755, 0.6919941902160645, 0.7288914322853088, 0.7464666962623596, 0.7408269047737122, 0.741122305393219, 0.7641929984092712, 0.7749415040016174, 0.7765555381774902, 0.7811911702156067, 0.7972267866134644, 0.8098065257072449, 0.8189392685890198, 0.8257275223731995, 0.8285005688667297, 0.8334923982620239, 0.8348618745803833, 0.8365778923034668, 0.8369430899620056, 0.8365086913108826, 0.8414455056190491, 0.842053234577179, 0.8433460593223572, 0.8444908261299133, 0.8434352278709412, 0.8470324873924255, 0.8467639684677124, 0.8477316498756409, 0.8499245047569275, 0.8488563299179077, 0.8494752049446106, 0.8512061238288879, 0.8531379103660583, 0.8522742986679077, 0.853543221950531, 0.8530902862548828, 0.8545362949371338, 0.8546351790428162, 0.8551186919212341, 0.8557487726211548, 0.8551462292671204, 0.855126142501831, 0.8552191257476807, 0.8555315732955933, 0.8561704754829407, 0.8563876748085022, 0.8568608164787292, 0.8570266366004944, 0.8579429984092712, 0.8581022024154663, 0.8577570915222168, 0.8575689196586609, 0.8586935997009277, 0.8587627410888672, 0.8597617149353027, 0.8587828278541565, 0.8582919239997864, 0.8587538003921509, 0.8576692938804626, 0.8600741624832153, 0.8592960834503174, 0.858788788318634, 0.8603314757347107, 0.8599149584770203, 0.8597654700279236, 0.8596285581588745, 0.8599387407302856, 0.8601105809211731, 0.8606945276260376, 0.8613155484199524, 0.860718309879303, 0.8611876368522644, 0.8589621782302856, 0.8595407605171204, 0.8617700338363647, 0.8622193336486816, 0.8613044619560242, 0.8605085611343384, 0.8614122867584229, 0.8622595071792603, 0.8605212569236755, 0.8617135286331177, 0.8615692257881165, 0.8617528080940247, 0.8616131544113159, 0.8623636960983276, 0.8622357249259949, 0.8628783822059631, 0.8623637557029724, 0.862122654914856, 0.8639442920684814, 0.8628456592559814, 0.863079309463501, 0.8632838129997253, 0.863055408000946, 0.8608902096748352, 0.8646934032440186, 0.8642768263816833] 
--- 
Validation loss history = [0.6399237513542175, 0.617024838924408, 0.594977080821991, 0.5697780251502991, 0.5658485889434814, 0.5098493695259094, 0.5439069867134094, 0.5147473812103271, 0.48067140579223633, 0.4537808895111084, 0.45500215888023376, 0.45641767978668213, 0.44514161348342896, 0.41084912419319153, 0.4018399715423584, 0.38884827494621277, 0.39079445600509644, 0.365951269865036, 0.3629955053329468, 0.3603922724723816, 0.3777845799922943, 0.36298802495002747, 0.3498462438583374, 0.3551909923553467, 0.35543930530548096, 0.3477267026901245, 0.3543092906475067, 0.343453973531723, 0.3398745059967041, 0.3406791687011719, 0.3481912910938263, 0.33991897106170654, 0.3422686755657196, 0.3420640230178833, 0.34155088663101196, 0.33276453614234924, 0.33190488815307617, 0.33946147561073303, 0.3271382451057434, 0.3333129584789276, 0.3257240056991577, 0.3279608190059662, 0.3315166234970093, 0.3256714940071106, 0.33205875754356384, 0.33266711235046387, 0.331796258687973, 0.3234330713748932, 0.3231703042984009, 0.3286953270435333, 0.33749333024024963, 0.3233456015586853, 0.3255549371242523, 0.3239608705043793, 0.3386842608451843, 0.3187621831893921, 0.3264204263687134, 0.3352830708026886, 0.3216652572154999, 0.3188074827194214, 0.3221217095851898, 0.32814255356788635, 0.32787075638771057, 0.31993889808654785, 0.3192196190357208, 0.3190500736236572, 0.3200088143348694, 0.31503114104270935, 0.3186914026737213, 0.31425684690475464, 0.3150803744792938, 0.31561601161956787, 0.32482144236564636, 0.3303418457508087, 0.3303205370903015, 0.32024556398391724, 0.31883805990219116, 0.33317795395851135, 0.3178175985813141, 0.32350102066993713, 0.31397393345832825, 0.3182217478752136, 0.3231905400753021, 0.31322795152664185, 0.31674182415008545, 0.3214161992073059, 0.31610995531082153, 0.3176211416721344, 0.3159885108470917, 0.31475502252578735, 0.3141133189201355, 0.3172813653945923, 0.31516212224960327, 0.3142096996307373, 0.31635409593582153, 0.32555535435676575, 0.31450822949409485, 0.32209691405296326, 0.3147130608558655, 0.3122625946998596] 
Validation accuracy history = [0.639009416103363, 0.6661243438720703, 0.6892624497413635, 0.7077006697654724, 0.7026391625404358, 0.7494577169418335, 0.7337310314178467, 0.7543383836746216, 0.7640997767448425, 0.7814533710479736, 0.7798264622688293, 0.7807303071022034, 0.7968184947967529, 0.8071221709251404, 0.8235719203948975, 0.8246565461158752, 0.8226681351661682, 0.8338756561279297, 0.8298987746238708, 0.8380332589149475, 0.8237527012825012, 0.837490975856781, 0.839479386806488, 0.838575541973114, 0.8392986059188843, 0.8355025053024292, 0.8459869623184204, 0.8441793322563171, 0.8434562683105469, 0.8463485240936279, 0.8423716425895691, 0.8485177159309387, 0.851229190826416, 0.8468908071517944, 0.8420101404190063, 0.8485177159309387, 0.8477946519851685, 0.8465293049812317, 0.8517715334892273, 0.8526753187179565, 0.8550252914428711, 0.85213303565979, 0.8508676886558533, 0.8524945974349976, 0.8550252914428711, 0.8533983826637268, 0.8524945974349976, 0.8543022274971008, 0.8552060723304749, 0.850144624710083, 0.8456254601478577, 0.8546637892723083, 0.8546637892723083, 0.8568329811096191, 0.8398409485816956, 0.8559291362762451, 0.8544830083847046, 0.8530368804931641, 0.8564714193344116, 0.8571944832801819, 0.8575560450553894, 0.851229190826416, 0.8467100262641907, 0.8564714193344116, 0.8537599444389343, 0.8582791090011597, 0.8588213920593262, 0.8564714193344116, 0.8573752641677856, 0.8595444560050964, 0.8552060723304749, 0.8559291362762451, 0.860809862613678, 0.8535791635513306, 0.8515907526016235, 0.8600867390632629, 0.8546637892723083, 0.8499638438224792, 0.8600867390632629, 0.8562906980514526, 0.8582791090011597, 0.8575560450553894, 0.8544830083847046, 0.861894428730011, 0.8604483008384705, 0.8564714193344116, 0.8582791090011597, 0.8586406111717224, 0.8568329811096191, 0.8575560450553894, 0.8586406111717224, 0.860990583896637, 0.8561099171638489, 0.8571944832801819, 0.8584598898887634, 0.8539407253265381, 0.8586406111717224, 0.8530368804931641, 0.8550252914428711, 0.8602675199508667] 
Validation f1 history = [0.6390121579170227, 0.6661075353622437, 0.6892805099487305, 0.7077311873435974, 0.7027507424354553, 0.7495095729827881, 0.7337169051170349, 0.7544125914573669, 0.7641410827636719, 0.7814564108848572, 0.7798564434051514, 0.7807595729827881, 0.7969136238098145, 0.8071840405464172, 0.8236477375030518, 0.8247057199478149, 0.8226929306983948, 0.8339181542396545, 0.8298925757408142, 0.8380470275878906, 0.823725163936615, 0.8375051021575928, 0.8394920825958252, 0.8386146426200867, 0.8393114805221558, 0.8355181217193604, 0.8460207581520081, 0.8442143797874451, 0.8434918522834778, 0.8463820219039917, 0.8424080014228821, 0.8484980463981628, 0.8512334227561951, 0.8468981385231018, 0.8419951796531677, 0.8485238552093506, 0.8478270769119263, 0.8464594483375549, 0.8517494797706604, 0.8526526689529419, 0.855000913143158, 0.852110743522644, 0.8508462905883789, 0.8524720072746277, 0.855000913143158, 0.8533751964569092, 0.8524462580680847, 0.8543042540550232, 0.8551815748214722, 0.8501237630844116, 0.845582127571106, 0.8546396493911743, 0.8546396493911743, 0.856807291507721, 0.8398017883300781, 0.8559041023254395, 0.8544332981109619, 0.8530139327049255, 0.8563944101333618, 0.8571685552597046, 0.8575298190116882, 0.8512334227561951, 0.8466659188270569, 0.856471836566925, 0.8537107110023499, 0.8582265973091125, 0.8587685227394104, 0.8564460277557373, 0.8573492169380188, 0.8594910502433777, 0.8551815748214722, 0.855852484703064, 0.8607555031776428, 0.8535301089286804, 0.851568877696991, 0.8600329756736755, 0.8545622229576111, 0.8499173521995544, 0.8600587248802185, 0.8562396168708801, 0.8582265973091125, 0.8574782609939575, 0.8544332981109619, 0.861813485622406, 0.8603942394256592, 0.8564202785491943, 0.8582524061203003, 0.858587920665741, 0.8568331599235535, 0.8575298190116882, 0.8586136698722839, 0.8609102964401245, 0.8560331463813782, 0.8571428060531616, 0.8583813905715942, 0.853917121887207, 0.8586136698722839, 0.8529881834983826, 0.8549493551254272, 0.8601877689361572] 
--- 
Radius of the CI = 0.006832430240009055 
True classification of the model is likely between 0.8556073809896968 and 0.8692722414697148 
--- 
Test accuracy = 0.8624398112297058 
Confusion matrix (invalid | valid) = 
 [[4166  671]
 [ 672 4254]] 
--- 
