This file contains information about the resnet model 
Analysis directory = C:\Users\cdetr\Documents\GitHub\nomics\nomics-AI/data/task1/analysis 
--- 
Segmentation value = 180.0 
Downsampling value = 1.0 
Signal frequency = 1.0 Hz 
Batch size = 32 
Standard scale = 0 
Stateful = 0 
Sliding window = 0 
Center of interest = 10 
Full sequence = 0 
Return sequences = 0 
Data balancing = 0 
--- 
Log time = 14-06-2022 11-05-21 
--- 
Num of epochs = 100, early stop after 41 epochs 
Epochs training computation time history (in sec) = [18.87098789215088, 9.383999109268188, 9.582998037338257, 9.196994543075562, 8.382996082305908, 7.948998212814331, 8.044002056121826, 8.67399525642395, 8.234000205993652, 8.068999290466309, 8.829999208450317, 8.956998586654663, 8.308998107910156, 8.289999008178711, 8.082998752593994, 8.723000526428223, 9.44899845123291, 9.172999858856201, 9.13499927520752, 9.199997425079346, 8.699999570846558, 9.29699969291687, 8.960994720458984, 9.381996870040894, 9.125000476837158, 9.019998788833618, 8.979000806808472, 9.465999126434326, 8.813000440597534, 9.129001379013062, 9.385999917984009, 9.10699987411499, 9.174000263214111, 9.588998079299927, 9.301998853683472, 9.77299976348877, 9.091999769210815, 8.867999076843262, 9.209001302719116, 9.088997840881348, 9.30000114440918] 
Epochs training computation time mean (in sec) = 9.20238896695579 
--- 
Training loss history = [0.21022552251815796, 0.18141254782676697, 0.1667664498090744, 0.17791146039962769, 0.15728624165058136, 0.1580049991607666, 0.1600988209247589, 0.14857061207294464, 0.14483851194381714, 0.1507209688425064, 0.14638090133666992, 0.14730994403362274, 0.14621008932590485, 0.1557493954896927, 0.13835668563842773, 0.14128826558589935, 0.1371617615222931, 0.1361023336648941, 0.1321621984243393, 0.141701340675354, 0.13577573001384735, 0.13380874693393707, 0.1332593858242035, 0.13522343337535858, 0.13289012014865875, 0.12933984398841858, 0.13614554703235626, 0.12983110547065735, 0.13440246880054474, 0.13354229927062988, 0.12994299829006195, 0.12908242642879486, 0.12674042582511902, 0.1239088699221611, 0.131446972489357, 0.12767992913722992, 0.12588687241077423, 0.12289576232433319, 0.12002724409103394, 0.12155170738697052, 0.1257622241973877] 
Training accuracy history = [0.9286778569221497, 0.9353817701339722, 0.9420235753059387, 0.9366852641105652, 0.9396027326583862, 0.9418373703956604, 0.9414028525352478, 0.943637490272522, 0.9439478516578674, 0.9448789358139038, 0.9437616467475891, 0.9451272487640381, 0.9460583329200745, 0.9446927309036255, 0.9474239349365234, 0.9469894766807556, 0.9481688141822815, 0.947858452796936, 0.9486033320426941, 0.9487274885177612, 0.9498448371887207, 0.9472998380661011, 0.9505276083946228, 0.9466790556907654, 0.9510242342948914, 0.9509000778198242, 0.9502793550491333, 0.9510242342948914, 0.9489136934280396, 0.9494723677635193, 0.9517070055007935, 0.9490999579429626, 0.9513345956802368, 0.9519553184509277, 0.9498448371887207, 0.9495965242385864, 0.9507759213447571, 0.9508379697799683, 0.9525760412216187, 0.9522035717964172, 0.9489136934280396] 
Training f1 history = [0.9284385442733765, 0.9353740811347961, 0.9420883059501648, 0.9364370703697205, 0.9395903944969177, 0.9418225288391113, 0.9413884282112122, 0.9436206221580505, 0.9438509941101074, 0.9448607563972473, 0.9438244104385376, 0.9451884627342224, 0.9460387825965881, 0.9447544813156128, 0.947323203086853, 0.9470486044883728, 0.9480671882629395, 0.9479166865348816, 0.9486607313156128, 0.9487847089767456, 0.9498210549354553, 0.9472788572311401, 0.9501842260360718, 0.9464994072914124, 0.9509194493293762, 0.9508751034736633, 0.9502550959587097, 0.9508396983146667, 0.9488112926483154, 0.9493693113327026, 0.9516811966896057, 0.9489973187446594, 0.951229453086853, 0.9520089030265808, 0.9499008059501648, 0.9495730400085449, 0.9507511258125305, 0.9508928656578064, 0.9526289701461792, 0.9521772265434265, 0.9489706754684448] 
--- 
Validation loss history = [0.18737849593162537, 0.15397867560386658, 0.15500381588935852, 0.18831433355808258, 0.1594865471124649, 0.16367876529693604, 0.19162364304065704, 0.20144511759281158, 0.32928410172462463, 0.3776102662086487, 0.21264877915382385, 0.18453457951545715, 0.2536993622779846, 0.2339511215686798, 0.1817632019519806, 0.45793622732162476, 0.30794474482536316, 0.2770398259162903, 0.2813780903816223, 0.2883548438549042, 0.14600975811481476, 0.2539537847042084, 0.5472785830497742, 0.188700869679451, 0.4516311585903168, 0.15650807321071625, 0.262413889169693, 0.6576460599899292, 0.1868569552898407, 0.31157979369163513, 0.46301624178886414, 0.6117912530899048, 0.7571091651916504, 0.15497693419456482, 0.346537709236145, 0.34299635887145996, 0.48633497953414917, 0.3148118257522583, 0.38883674144744873, 0.23049452900886536, 0.6477664113044739] 
Validation accuracy history = [0.9553322196006775, 0.9514237642288208, 0.9558905363082886, 0.9508654475212097, 0.9424902200698853, 0.9542155265808105, 0.9430485963821411, 0.9475153684616089, 0.821887195110321, 0.8280290365219116, 0.9547738432884216, 0.9447236061096191, 0.8782802820205688, 0.9408152103424072, 0.9553322196006775, 0.8241205811500549, 0.8291457295417786, 0.7839195728302002, 0.8257956504821777, 0.8313791155815125, 0.9508654475212097, 0.8297040462493896, 0.8257956504821777, 0.9570072293281555, 0.8235622644424438, 0.9575656056404114, 0.8313791155815125, 0.8190954923629761, 0.94807368516922, 0.8285873532295227, 0.8302624225616455, 0.8274706602096558, 0.8274706602096558, 0.9570072293281555, 0.8302624225616455, 0.8291457295417786, 0.8280290365219116, 0.8297040462493896, 0.8308207988739014, 0.8324958086013794, 0.8274706602096558] 
Validation f1 history = [0.9553210139274597, 0.9514148831367493, 0.9558790922164917, 0.9508568048477173, 0.9424862265586853, 0.9542049765586853, 0.9430442452430725, 0.9474906325340271, 0.8218784928321838, 0.8280349969863892, 0.9547811150550842, 0.9447183609008789, 0.8782941102981567, 0.9408121705055237, 0.9553211331367493, 0.8241287469863892, 0.8291510939598083, 0.7839680910110474, 0.8258208632469177, 0.831383228302002, 0.9508388638496399, 0.8297091126441956, 0.8258028626441956, 0.9569951295852661, 0.823570728302002, 0.9575352668762207, 0.831383228302002, 0.819088339805603, 0.9480486512184143, 0.8285930752754211, 0.8302851319313049, 0.827476978302002, 0.827476978302002, 0.9569951295852661, 0.8302671313285828, 0.8291510939598083, 0.8280349969863892, 0.8297091126441956, 0.8308431506156921, 0.8324993252754211, 0.827476978302002] 
--- 
Radius of the CI = 0.006305972297596482 
True classification of the model is likely between 0.9449898207588916 and 0.9576017653540845 
--- 
Test accuracy = 0.951295793056488 
Confusion matrix (0 | 1) = 
 [[2033   14]
 [ 204 2225]] 
--- 
