This file contains information about the lstm model 
Analysis directory = C:\Users\cdetr\Documents\nomics\jawac_processing_nomics/data/awake_sleep_analysis 
--- 
Segmentation value = 1.0 
Downsampling value = 1.0 
Signal frequency = 1.0 Hz 
Batch size = 1 
Standard scale = 0 
Stateful = 1 
Sliding window = 0 
Center of interest = 10 
Full sequence = 1 
Data balancing = 0 
--- 
Log time = 25-03-2022 07-47-55 
--- 
Num of epochs = 300 
Epochs training computation time history (in sec) = [81.68670392036438, 73.81371355056763, 73.37259697914124, 73.24457478523254, 74.4714765548706, 73.10312366485596, 74.81164932250977, 74.20079565048218, 74.76636028289795, 76.52456474304199, 77.62006974220276, 76.27140593528748, 77.70812773704529, 78.86026000976562, 78.25096845626831, 78.26525378227234, 76.25657033920288, 75.53968119621277, 76.35277843475342, 75.44378757476807, 75.57954502105713, 75.6487307548523, 76.55491018295288, 76.73239636421204, 74.25284838676453, 74.79717636108398, 74.90384984016418, 74.64294457435608, 76.0024049282074, 75.7516360282898, 76.07283210754395, 75.22694778442383, 76.46620416641235, 75.65580821037292, 74.84591031074524, 74.71360445022583, 76.79925775527954, 76.72217178344727, 76.94295501708984, 76.2861647605896, 76.25145721435547, 76.2381808757782, 76.5424530506134, 76.47252750396729, 76.50165843963623, 78.30472922325134, 76.20281219482422, 76.61686277389526, 75.5446515083313, 76.13218879699707, 75.63687753677368, 76.69366145133972, 77.72159886360168, 78.08707332611084, 77.41133999824524, 79.18269896507263, 78.12382888793945, 77.62342047691345, 76.88610243797302, 77.4373574256897, 76.81282138824463, 79.2359390258789, 79.12469863891602, 77.22845911979675, 77.19469475746155, 76.79045391082764, 77.75705647468567, 76.96758532524109, 78.02080774307251, 77.70293259620667, 78.50357437133789, 79.29993295669556, 79.51561689376831, 78.39965534210205, 78.27228879928589, 79.1401002407074, 77.49415421485901, 76.77158784866333, 74.92180013656616, 76.06702923774719, 76.31678032875061, 75.89244508743286, 75.61898994445801, 73.6264762878418, 72.73284006118774, 75.71373057365417, 77.1249988079071, 75.60068893432617, 78.10253262519836, 78.48234367370605, 77.60357284545898, 78.24084329605103, 77.67810416221619, 76.94210743904114, 76.09867811203003, 76.50725507736206, 74.88390612602234, 76.51112127304077, 75.77166414260864, 77.17690086364746, 75.34587931632996, 76.8080644607544, 76.26225137710571, 76.83378219604492, 81.5625250339508, 77.30283164978027, 77.7398955821991, 79.32250952720642, 77.38905882835388, 76.96436023712158, 65.76424431800842, 64.51497912406921, 64.80250597000122, 65.15358853340149, 65.34994578361511, 64.87749457359314, 65.3691303730011, 64.82344841957092, 65.26463437080383, 64.41472578048706, 64.62528395652771, 64.51542091369629, 64.75790596008301, 65.8033516407013, 64.68470597267151, 65.05698013305664, 65.04067993164062, 65.26595830917358, 65.17886185646057, 65.34751272201538, 65.11284852027893, 64.39164614677429, 64.51007723808289, 64.4042649269104, 64.558828830719, 64.16145849227905, 64.3486053943634, 64.7969262599945, 64.97467947006226, 64.73306345939636, 64.7655463218689, 64.78349184989929, 64.64621210098267, 65.34084749221802, 65.57993984222412, 76.63432598114014, 79.22473168373108, 78.92501306533813, 78.42349052429199, 77.35765743255615, 78.97104549407959, 78.42230892181396, 78.23477554321289, 77.42460131645203, 77.08175015449524, 77.36635160446167, 76.69864511489868, 77.72557926177979, 76.94310331344604, 75.37821102142334, 76.38477611541748, 75.78265714645386, 76.5975112915039, 76.53761649131775, 77.36707425117493, 79.37705135345459, 77.83694314956665, 78.99205160140991, 78.16238737106323, 79.30329942703247, 78.45071911811829, 78.65925979614258, 78.09227085113525, 76.7179274559021, 77.48007273674011, 77.4111270904541, 78.39384603500366, 78.2802267074585, 76.41401076316833, 76.55864715576172, 77.62747859954834, 78.29453110694885, 79.31241202354431, 78.89402890205383, 77.0186653137207, 78.12801814079285, 80.02691531181335, 81.09295201301575, 80.04290986061096, 81.29719090461731, 82.88846182823181, 81.42015552520752, 82.28500866889954, 81.70727157592773, 82.93069958686829, 79.48491668701172, 83.07323908805847, 83.87818694114685, 83.64106249809265, 83.982013463974, 88.30730652809143, 83.16669416427612, 82.56746125221252, 78.0702805519104, 79.9818742275238, 83.7066102027893, 80.95144486427307, 81.75352764129639, 84.14974236488342, 69.94084095954895, 65.73971962928772, 65.77991199493408, 66.46608400344849, 65.46547245979309, 65.57159495353699, 65.5383574962616, 65.1174795627594, 65.27807521820068, 65.0199191570282, 65.0041868686676, 65.7592990398407, 65.39431619644165, 65.4718885421753, 65.74297332763672, 65.342116355896, 65.7467269897461, 65.72163605690002, 65.11569881439209, 66.45091199874878, 73.54439210891724, 87.8582239151001, 93.71795797348022, 70.90989995002747, 86.60554623603821, 85.96362972259521, 84.27117943763733, 84.22323727607727, 82.83056592941284, 81.43633008003235, 83.43406081199646, 82.01148223876953, 67.28165483474731, 66.7836217880249, 66.02516007423401, 65.6417863368988, 65.21693229675293, 65.65274310112, 65.7354257106781, 65.35725450515747, 65.62125015258789, 65.98919463157654, 66.12952256202698, 65.650714635849, 66.42055201530457, 66.04843330383301, 65.9802930355072, 66.1427915096283, 65.63567018508911, 66.17390251159668, 65.82025122642517, 65.89926934242249, 66.54419136047363, 66.0828046798706, 65.9854826927185, 66.03714418411255, 66.24164962768555, 65.50108218193054, 66.4083411693573, 65.2479157447815, 65.3963520526886, 66.4844901561737, 65.37000799179077, 65.39431715011597, 65.42111229896545, 65.37229514122009, 65.704998254776, 65.62014532089233, 65.85914731025696, 65.31903004646301, 65.66078090667725, 65.50676441192627, 64.81458854675293, 65.12086534500122, 65.2528624534607, 65.26241707801819, 65.53939819335938, 64.93296694755554, 65.61267066001892, 65.52431654930115, 65.82973217964172, 69.92506504058838, 74.6439733505249, 75.75501036643982, 74.72226190567017, 75.61389255523682, 76.4627058506012, 77.16193962097168, 75.01174283027649, 75.4871416091919, 74.76819729804993] 
Epochs training computation time mean (in sec) = 73.55148143529892 
--- 
Training loss history = [0.6204862436827492, 0.5645531778242073, 0.5559819650416281, 0.5514017045497894, 0.5481651775977191, 0.5452506323071087, 0.5428151520443898, 0.5397423123027764, 0.535689096532616, 0.5325629617653641, 0.5392407231471118, 0.5252115603755502, 0.5212629183250315, 0.5188912451267242, 0.5124591770125371, 0.5079504210574954, 0.504421179785448, 0.501958573273584, 0.4993342470888998, 0.49749604627197863, 0.4956990351863936, 0.49417080540283054, 0.49312082327464046, 0.49212092584839057, 0.49088936854226917, 0.48987797720759524, 0.48897292026702094, 0.4878614709949961, 0.4867478169354738, 0.48603359054701, 0.48509424720324723, 0.48415326984489665, 0.48306770768820073, 0.48213007169611316, 0.4811660818317357, 0.4801980315470228, 0.47883757364516166, 0.477526476716294, 0.4768547103101132, 0.4760582689561096, 0.4742604180001745, 0.4735066326809864, 0.47166084731910746, 0.4726165804792853, 0.46893779203003527, 0.4693678443630536, 0.46818237255016965, 0.46768830044596804, 0.4708499272956568, 0.46556082470159904, 0.46074488963566573, 0.4593832785008, 0.4591212256574163, 0.45816148788321254, 0.46168442947023053, 0.45933348378714395, 0.45791207765247305, 0.4574510300276326, 0.45682134771463917, 0.4563825527826945, 0.4543365678366493, 0.46116339926626165, 0.4551563857525003, 0.4518144095645231, 0.4503563772521767, 0.4512445409508312, 0.4471905636144619, 0.45076528147739525, 0.44664545444881215, 0.4482453687518251, 0.44948850309147553, 0.4462153823936687, 0.444514704831675, 0.44472957373249766, 0.4456499145895827, 0.44592276785303564, 0.4432947526083273, 0.4423754726554833, 0.44194090103401856, 0.44041722048731413, 0.4416346754513535, 0.43912699292687807, 0.43700963813884586, 0.43880735922093483, 0.4359385054193291, 0.43680204144295526, 0.435309994746657, 0.4346883064683746, 0.4323054677715488, 0.43111832454508425, 0.42952677067003997, 0.43460162232319516, 0.43004906776488994, 0.43022987246513367, 0.42776036905307396, 0.4293103682644227, 0.42641175494474526, 0.4293145405165121, 0.4260275708694084, 0.4296666141234192, 0.4559542158362912, 0.43021026531270906, 0.6347892795707665, 0.5119863893179333, 0.4951038918658799, 0.48950862650777777, 0.48513472679198955, 0.48115601302946315, 0.4786578419746137, 0.4774411009515033, 0.47483816450717403, 0.47270007007846643, 0.47023021458995107, 0.46899763962217406, 0.46532808083529564, 0.462892698598843, 0.46010055845859005, 0.45738084409751145, 0.4554469915581684, 0.45385293224278617, 0.45228103971948813, 0.45088713426215976, 0.44954747487516966, 0.4482889258686234, 0.4472856695453326, 0.44583311881504806, 0.4445265251047471, 0.44356656878017914, 0.44247333179501924, 0.44247624321895485, 0.4415019632262342, 0.4398208365720861, 0.4390377197779861, 0.4379539660671178, 0.4389895714965521, 0.43666402075220556, 0.43565092060495825, 0.4345482641867563, 0.4339207361141841, 0.43316372469359754, 0.4330199087659518, 0.431828490951482, 0.43088506257124976, 0.43024691851700053, 0.4306934545291405, 0.42967331964595645, 0.4301157435219662, 0.42831192640405075, 0.42712559339170364, 0.4263155773720321, 0.4274565565089385, 0.42519698474629253, 0.4248950433935605, 0.4242898460988905, 0.42389759742746164, 0.42341848082986533, 0.42354372348271163, 0.42401592879026545, 0.42172304840356695, 0.42182765455514776, 0.42155058477439133, 0.42231420697826966, 0.42119201878998797, 0.42055011007423493, 0.4198572498326208, 0.41955167997409315, 0.42171182476130187, 0.41912689344847903, 0.4186776585730852, 0.4182684883183124, 0.42283110912231836, 0.42142344857839975, 0.41776400534253494, 0.41763506815129636, 0.41683829692648905, 0.4191993590371281, 0.41639212314404694, 0.42087014172883597, 0.4196866669637315, 0.41987286493474363, 0.4175774972958892, 0.41567887314686586, 0.415222484107111, 0.41453299642193553, 0.4135691148101115, 0.4135087475764985, 0.4142936061994702, 0.41381317603529666, 0.4174472869319074, 0.41347598898060184, 0.41152464539981354, 0.4172676163269024, 0.416130737638941, 0.414233670222993, 0.4119459246011341, 0.4102989115259227, 0.4099862254863861, 0.4110157833818127, 0.44443783470812964, 0.44847526269800525, 0.4404258701000728, 0.4379780806016688, 0.4362901777175127, 0.4349498734170315, 0.43329761184605897, 0.432390517536916, 0.4315262685949896, 0.43090156911342753, 0.43008438139861704, 0.42938705234258784, 0.4286917888504617, 0.42817140750440896, 0.42759781206647557, 0.42724037426067335, 0.42668221744836543, 0.42633839221853836, 0.42601931416520883, 0.42563718718056587, 0.42504726116563757, 0.42466795612491814, 0.42490670428264377, 0.42444294289338824, 0.4239567363379048, 0.42346657615374117, 0.4226314121601628, 0.4225563657488309, 0.42282436072242024, 0.42166249191059785, 0.4209993608003738, 0.4207774253890795, 0.4201524707616544, 0.4193700718529084, 0.4194861890054217, 0.41801481467543866, 0.42155881299107684, 0.4210733707044639, 0.4165940292763944, 0.41558590750483904, 0.41652582315545456, 0.4154355314870675, 0.4148491385812853, 0.41493769705879924, 0.4138050135590282, 0.4133605787567064, 0.41229138033939344, 0.4114850031248495, 0.4104940701349109, 0.41021186303274304, 0.4093975047124367, 0.40883181959975, 0.40800408975166436, 0.4075966746929814, 0.40678466425514687, 0.4075768360612439, 0.40548578781240124, 0.40586041228151787, 0.4031048111763655, 0.4025883833129032, 0.402541890448215, 0.4030257245050926, 0.4016741031379092, 0.40241482569014325, 0.40026551930635584, 0.4012938471255349, 0.39805694706007544, 0.3968958918224363, 0.4001404547369948, 0.3990410423161937, 0.39530211321863473, 0.398403393871644, 0.39856593025957837, 0.39454377574079175, 0.393235948155908, 0.39311048910752233, 0.3983771912753582, 0.4005744260754071, 0.3901952427684092, 0.3943324369542739, 0.3928664179847521, 0.3918874708241692, 0.39479689321973743, 0.39034737566230343, 0.39166276565953795, 0.3871270760017283, 0.39048389732545496, 0.38387665430120393, 0.382391256809819, 0.37850336021944586, 0.3968697377279693, 0.4129643562231578, 0.38661082885136794, 0.3867475879104698, 0.37494998585944084, 0.3752725648821569, 0.3843132257461548, 0.37283651370043847, 0.3678703084588051, 0.3655535277052253, 0.3657638348054652, 0.36717475724278714] 
Training accuracy history = [0.7143498355267095, 0.7626111440214456, 0.7639544541929283, 0.7648070860727161, 0.7654364991421793, 0.766049605958602, 0.7668217826707691, 0.767900128867112, 0.768353692164608, 0.7644579550799202, 0.7452916818506578, 0.7627433637777964, 0.7626949744481667, 0.7636086721630657, 0.765048103297458, 0.765403212577689, 0.7657229131927678, 0.7656701160412208, 0.7657120736206279, 0.7657435989263011, 0.7656809874609405, 0.7656566769469018, 0.7657483088619569, 0.7657331608089746, 0.7656835159834694, 0.7656138399068046, 0.7655676784468632, 0.7655779862520742, 0.7656644457111171, 0.7657201906629637, 0.7659073024988174, 0.7662966371166939, 0.767086354248664, 0.7684649842626908, 0.7696242545749626, 0.7703024858937544, 0.7711537795908311, 0.7721469750006994, 0.7729113686318491, 0.7739450867269554, 0.7747508214384902, 0.7759081595668605, 0.7774272806504193, 0.7777079037007164, 0.779765239533256, 0.779564182547962, 0.7804827333665362, 0.7811622935182908, 0.7708379944749907, 0.7803812929812599, 0.7863853155982261, 0.7863443344831467, 0.7869281605178234, 0.7874101146179087, 0.787702359697398, 0.7881340381561541, 0.7884380347004124, 0.7874481450108921, 0.7894198786394269, 0.7902786194109449, 0.789639820655187, 0.7888339071297178, 0.7901866567485473, 0.794557140153997, 0.7959868796900207, 0.7966221372286478, 0.7989203915292141, 0.7987391589319005, 0.7996171961228052, 0.8002755890289942, 0.7989385145552018, 0.8011275059452244, 0.8040585588006413, 0.8043662812195572, 0.8041705763807484, 0.8034295734821582, 0.8050969970576903, 0.8056222019242305, 0.8055692966662201, 0.8067486046576032, 0.8068153209546033, 0.8082596344106338, 0.8100283958163916, 0.8091172248709435, 0.8114424061541464, 0.8102308891567529, 0.8098065636905969, 0.8127215463741153, 0.813374259892632, 0.8147992667029885, 0.814132845284892, 0.8157346955701417, 0.8161453347580105, 0.8159422190750346, 0.8166525252893859, 0.8164277070877599, 0.8170357854927287, 0.8175904943662531, 0.8162086839769401, 0.8170891485962213, 0.8078574190537134, 0.8169834456023048, 0.6869526783040926, 0.7692302947535234, 0.7699835624764947, 0.7702765973175273, 0.7712294412594215, 0.772260415203431, 0.7729052118226594, 0.7731705883554384, 0.7745738076228722, 0.7750924369868111, 0.775636360633607, 0.7754070595198986, 0.7758362661389744, 0.7774173167406344, 0.7796362238187416, 0.7838379132981393, 0.7862265595034057, 0.7876529494921366, 0.7887463730339911, 0.7899303991420596, 0.7911905012294358, 0.7919384585876091, 0.7920462161886925, 0.793725204818389, 0.7944509433765038, 0.7954790218203676, 0.7965741812014112, 0.7958885127422857, 0.7960791926757962, 0.7978615965328965, 0.7987412985633401, 0.7994601247357387, 0.7988466708099141, 0.8005628504005133, 0.8016975171425763, 0.802593389562532, 0.8034443995531868, 0.8037747133011911, 0.8042862397782943, 0.8056546525627959, 0.8060077165856081, 0.8060010151535857, 0.8060457355835858, 0.8074891619822558, 0.8064030029025733, 0.8080558975537618, 0.8088454545712939, 0.8092450002829233, 0.8092800676822662, 0.8099767261860418, 0.8103613800862256, 0.8106701233807732, 0.81115296366168, 0.811281714369269, 0.8115278283754984, 0.8113889028044308, 0.812852160019033, 0.8131338790351269, 0.813343849252252, 0.8140084895433164, 0.8137111248923283, 0.8142083369049371, 0.8145115866380579, 0.8150572022970985, 0.8135969364175609, 0.8157205844626707, 0.8160978164158615, 0.816315104564031, 0.8129509997134116, 0.8160284839424432, 0.817319871748195, 0.8172556278752345, 0.8179207537688461, 0.816902255895091, 0.8186192705350763, 0.8151630963764939, 0.8179385545207005, 0.8190123263527366, 0.8195726947457183, 0.8198475545527888, 0.8202068571950875, 0.8203060305586048, 0.8209866776185877, 0.8212046073932274, 0.8212741151744244, 0.8212760026548424, 0.8190112639875973, 0.8221210375720379, 0.8225931384984184, 0.8180443480903027, 0.8219892452744877, 0.8224224120962853, 0.8227837097411063, 0.8238189068495059, 0.8236150963633668, 0.8242943877098607, 0.7951721899649676, 0.7812155964327794, 0.7946047812115913, 0.8010297902658874, 0.8039105622207418, 0.8057940415307587, 0.8072791292386896, 0.8085366388161978, 0.809522816363503, 0.8106556634108225, 0.8113624938562805, 0.8123830223784727, 0.813020564177457, 0.813673443069645, 0.8144645042279187, 0.8147708241846047, 0.8156014651644463, 0.8160566909640443, 0.8164112784114539, 0.8172081434259227, 0.8176798949054643, 0.8179190515303144, 0.8170793237639409, 0.8175351970336017, 0.8182588628694123, 0.8186763729534897, 0.8191209184188469, 0.8192843753917545, 0.8185536949073567, 0.818889482348573, 0.8193559576483334, 0.819034719584035, 0.8198375374663109, 0.8197308439834445, 0.82008430946107, 0.8198777028158599, 0.8214088690047171, 0.8182434749369528, 0.822763979434967, 0.8207381981260636, 0.8225614942756354, 0.8209829698590672, 0.8237237965359407, 0.8209566941448286, 0.8240103476187762, 0.8220259956285065, 0.8239919163432776, 0.8231025373234468, 0.8242593021953807, 0.8241399000672733, 0.8243153609481513, 0.8241843920128018, 0.824767040271385, 0.8252254631005081, 0.8260327600965313, 0.8245484104343489, 0.8262713750203451, 0.8244375715068742, 0.8265202892761604, 0.8283217946688334, 0.8281686019663718, 0.8271044223916297, 0.8278867099799362, 0.827000261521807, 0.8285592788574743, 0.8271778646637412, 0.8283068479276171, 0.8290658487993128, 0.8286360689238006, 0.8278412462449541, 0.8292233838754541, 0.829614068363227, 0.8288041984333712, 0.8304295791130439, 0.8310610108515796, 0.8351737202382555, 0.8333957090097315, 0.8282523125994439, 0.8358327541865554, 0.8318933791974011, 0.832092565648696, 0.8370017637224758, 0.8326089405546001, 0.8357936862637015, 0.8345021284094044, 0.8355686343183705, 0.8328029302989736, 0.8407552528615091, 0.8371722639775744, 0.8423600436425677, 0.8378680149714152, 0.829649581044328, 0.8362150729871264, 0.8343219336341409, 0.8393702448583117, 0.8469509190204096, 0.8382381113136516, 0.8429949599153855, 0.8441726606266171, 0.8454082765999962, 0.8491889355229396, 0.8439936760593864] 
Training f1 history = [0.8111766109279558, 0.8505231761464885, 0.8511680878844916, 0.8515050142419105, 0.8517459432284037, 0.8520351052284241, 0.8524277812125636, 0.8529011443549511, 0.852397529517903, 0.8482945099765179, 0.8330508663373835, 0.8488901386073991, 0.8488814947651881, 0.8503899568436193, 0.8516901725647497, 0.8520022917027567, 0.8522234740210515, 0.85218004619374, 0.8521856969478083, 0.8522019719376284, 0.8521361841874964, 0.852117599809871, 0.8521484352794348, 0.8521162861702489, 0.8520725854471618, 0.8520015729408638, 0.8519243913538316, 0.8518809196995754, 0.8518744309743246, 0.8518287621292413, 0.8517791716491475, 0.8516395623777427, 0.8514882963077695, 0.8516394758925718, 0.8516648557840609, 0.8514700543646719, 0.8515069227592618, 0.8514915172960243, 0.8515463109109916, 0.8518261967920789, 0.8516710429799323, 0.8519098308740878, 0.8524689265325958, 0.8517989054614422, 0.8530015361075308, 0.852530342691085, 0.8527492273087595, 0.850983518595789, 0.8448516779086169, 0.852553667975407, 0.8563567557755638, 0.855676144361496, 0.8557618014952716, 0.8557448363771626, 0.8560676066314473, 0.8564455807209015, 0.8565912053865545, 0.8557793170798058, 0.8570569554964701, 0.8577261865139008, 0.8559504747390747, 0.8560037817440781, 0.8569012494648204, 0.8603048733636445, 0.8601449102747674, 0.8613282611557082, 0.8623896083411049, 0.8622972684748033, 0.8631190371279623, 0.8632611088892993, 0.8629740149367089, 0.8635773886652554, 0.8647317740262723, 0.8649389755492117, 0.8652435967735216, 0.865153088873508, 0.8662824595675749, 0.8665094428202685, 0.8665021453417984, 0.8670657919902428, 0.8670426548696032, 0.8679957156087837, 0.8688602593599581, 0.8682343948121164, 0.8702245757860296, 0.8687846648926828, 0.8690859079360962, 0.8703641692797343, 0.8711457544682073, 0.8717840892427108, 0.8716160152472702, 0.8728076348117754, 0.8731366734878689, 0.8726569811503092, 0.8734448429416207, 0.8729432014858022, 0.8738101469535454, 0.8736926428243226, 0.8733484791774376, 0.8730273392854953, 0.8702573635998894, 0.8740146762015772, 0.7316264746820226, 0.8533548636763704, 0.8539342634818133, 0.8537238994065453, 0.8538352110806633, 0.853876077076968, 0.8538327252163607, 0.853871680357877, 0.8545888872707591, 0.8546895624375811, 0.8548778716255637, 0.8544897483844384, 0.8546294342069065, 0.8552637182030023, 0.8562229515290728, 0.8579602802501005, 0.8588455512243158, 0.8592166941539914, 0.8594949023396361, 0.8597711575966255, 0.8601090913894129, 0.8602757418856901, 0.859777462833068, 0.8606991890598746, 0.8607927870516684, 0.8611758216923359, 0.8615543672851488, 0.860842098792394, 0.8608279660636303, 0.8619192166655671, 0.8622501100979599, 0.8625430651739532, 0.8620125680577522, 0.863233181775785, 0.8637592804198172, 0.8641954175397462, 0.8645327213932487, 0.8646707078989815, 0.8648248425885743, 0.8657045592279995, 0.8657494549657784, 0.865700804719738, 0.8656158377142513, 0.8667032736189225, 0.8657253682613373, 0.866908507604225, 0.8672034483329922, 0.8674285861791349, 0.8674268921216329, 0.8677780119811788, 0.8679482878423205, 0.8681106573226405, 0.8683818695591945, 0.8683910141972935, 0.8685096917199153, 0.8684683114874596, 0.8694167663069332, 0.8694312660133138, 0.8695840087591433, 0.8701613913564121, 0.8697426266529981, 0.8701379585499857, 0.8703491524154064, 0.8706959164610096, 0.8697288316838881, 0.8712571590554481, 0.8714134652240604, 0.871556851793738, 0.8692900030051961, 0.8716024119479984, 0.8724027743526533, 0.8723247851811203, 0.8727567511446336, 0.872134807063084, 0.8732577813606636, 0.8709384214644339, 0.8730274754412034, 0.8736039861744526, 0.8740970644296384, 0.8741522267753002, 0.8743498395471012, 0.8744080703632504, 0.8748383159730949, 0.8749972242935031, 0.8750951851115507, 0.875126756289426, 0.8732900064365536, 0.8759896305261874, 0.8761339982350668, 0.8730515159812628, 0.8758884604070701, 0.8761234412006303, 0.8764020695405847, 0.8768992517508712, 0.8768128016415764, 0.8771180896198049, 0.8535904288291931, 0.8453048087802588, 0.8580815973235112, 0.8629488682045656, 0.8651456657577964, 0.8664605278594821, 0.8674176101591072, 0.8682062386297712, 0.86884746130775, 0.8695819144155464, 0.8700481694118649, 0.8707090440918418, 0.8711208099243688, 0.87151811987746, 0.8720386466559242, 0.8723083226119771, 0.8728747139958775, 0.8732098703290901, 0.8734346949586681, 0.8739908232408411, 0.8743414025680691, 0.8745342902108735, 0.8741169899117713, 0.8743951326491786, 0.8748785344993367, 0.8751802835978714, 0.8754573768260432, 0.8755345648410273, 0.8751349355660233, 0.8753989677803189, 0.8756335880242142, 0.8755005095519272, 0.8759983287138098, 0.8759328588551166, 0.8761516324445313, 0.8760251776844847, 0.877173620111802, 0.8761192735503701, 0.8773066968310113, 0.8764870108342638, 0.8774930799708647, 0.8767354476685617, 0.8782157775233773, 0.8766955563835069, 0.8784048697527718, 0.8773384538351321, 0.8782887283493491, 0.8778117614633897, 0.878409066620995, 0.87836905671101, 0.8783863140087501, 0.8782950622193954, 0.8786845096186096, 0.878914032496658, 0.8793837638462291, 0.8784845383728251, 0.879473488704831, 0.8781267509740942, 0.8795194485608269, 0.8805811224030513, 0.8805957132694768, 0.8798554855234483, 0.8802793546050203, 0.8797167668155595, 0.8807368109039232, 0.8796668864932715, 0.8801787799479914, 0.8805868158153459, 0.8804723369140252, 0.879694388777602, 0.8805905031222924, 0.8809601021747963, 0.880319873491923, 0.8811116060789894, 0.8817074106020086, 0.8843324499971726, 0.8835106036242317, 0.8799337177884345, 0.8848117730196785, 0.8823668273056254, 0.8819539120384291, 0.8858679118109685, 0.8834061324596405, 0.8843657841869429, 0.8834695447893703, 0.8838641824675542, 0.882189550820519, 0.8875245533737481, 0.8838623843941034, 0.8888648006261564, 0.8862138150953779, 0.882252128685222, 0.8836602890023998, 0.882452470999138, 0.885728151774874, 0.8923418854965883, 0.8862593442785973, 0.8868156759177938, 0.887705545799405, 0.888832655023126, 0.8925633044803843, 0.8878361121112225] 
--- 
Validation loss history = [0.6108232140541077, 0.6086268275976181, 0.6073434253533682, 0.6079151779413223, 0.6065100034077963, 0.6061090479294459, 0.6041501412789027, 0.5987356454133987, 0.5903701335191727, 0.5803498874107996, 0.6157686859369278, 0.6033342331647873, 0.598426103591919, 0.5926271478335062, 0.5899498363335928, 0.5884235501289368, 0.5863113403320312, 0.5826178093751272, 0.5788194338480631, 0.5760218103726705, 0.5722162077824274, 0.5698167234659195, 0.5664837062358856, 0.5638628552357355, 0.5611099898815155, 0.558960477511088, 0.5571726709604263, 0.5555835664272308, 0.5537352760632833, 0.5523254722356796, 0.5507071167230606, 0.5481667021910349, 0.5478727867205938, 0.5466716637214025, 0.5454379916191101, 0.5444728384415308, 0.5423719336589178, 0.5418436179558436, 0.5399515728155772, 0.5370671649773916, 0.5366107871135076, 0.5359794646501541, 0.5333060423533121, 0.5257745981216431, 0.5230147888263067, 0.5259101142485937, 0.5213806132475535, 0.5284038384755453, 0.5146409720182419, 0.5251906017462412, 0.5479230284690857, 0.527743379275004, 0.5240119347969691, 0.5218899697065353, 0.5224803239107132, 0.5197194417317709, 0.5128439366817474, 0.5154397090276083, 0.5104191402594248, 0.48350656777620316, 0.4830048829317093, 0.4968818873167038, 0.5021729518969854, 0.48659708847602207, 0.4966115355491638, 0.49212098121643066, 0.48294075826803845, 0.49487332503000897, 0.4848136951526006, 0.5090001473824183, 0.487392654021581, 0.479732225338618, 0.4798402388890584, 0.47962384422620136, 0.48000387847423553, 0.48213819166024524, 0.4810851216316223, 0.484441618124644, 0.47889326761166257, 0.47763244559367496, 0.48210405309995014, 0.47739122807979584, 0.47361807773510617, 0.48097006728251773, 0.47178919861714047, 0.48245014250278473, 0.46401235709587735, 0.47866708040237427, 0.4704939549167951, 0.4789164463678996, 0.4694313257932663, 0.48349398374557495, 0.4651671424508095, 0.47847196956475574, 0.4646053711573283, 0.48098789155483246, 0.4640621989965439, 0.4863964170217514, 0.459201584259669, 0.5067697018384933, 0.4703202371795972, 0.49704762796560925, 0.6079859137535095, 0.5991478065649668, 0.5972075661023458, 0.5878791610399882, 0.5723790675401688, 0.566090409954389, 0.5623009453217188, 0.5605521698792776, 0.5556255330642065, 0.5521133442719778, 0.547460287809372, 0.5437131424744924, 0.5371037522951762, 0.5309631923834482, 0.5254483371973038, 0.5204652647177378, 0.5170311580101649, 0.5130690485239029, 0.5084754725297292, 0.5043821434179941, 0.500512937704722, 0.4970864603916804, 0.4926892618338267, 0.48978618780771893, 0.4867042352755864, 0.4854585876067479, 0.4827835261821747, 0.4754841725031535, 0.4765750964482625, 0.47500604887803394, 0.4725674291451772, 0.47106599311033887, 0.46764639516671497, 0.46943294008572894, 0.4673684239387512, 0.47023605555295944, 0.4659062772989273, 0.46528779715299606, 0.46647363404432934, 0.46351026743650436, 0.46089816838502884, 0.45892352362473804, 0.4613529195388158, 0.4595974460244179, 0.459061657389005, 0.45652365187803906, 0.4545198455452919, 0.45391322175661725, 0.45129112402598065, 0.4513679693142573, 0.45081491271654767, 0.44987163444360095, 0.44792645424604416, 0.4467217226823171, 0.446441429356734, 0.4464476630091667, 0.4444960008064906, 0.4430931781729062, 0.45128372808297473, 0.4453386267026265, 0.43991969525814056, 0.44148676345745724, 0.4402182772755623, 0.4383254274725914, 0.4392054503162702, 0.43883711596330005, 0.43781911085049313, 0.4370106483499209, 0.4295595933993657, 0.4374471555153529, 0.436053770283858, 0.43503449857234955, 0.45067526400089264, 0.4332444816827774, 0.43370894342660904, 0.4261641651391983, 0.43233587096134823, 0.4296974365909894, 0.4320038805405299, 0.4312852546572685, 0.4333001598715782, 0.4327160765727361, 0.4336705381671588, 0.435003603498141, 0.4335809374849002, 0.43239248047272366, 0.43662460148334503, 0.4395456040898959, 0.4365893428524335, 0.43098655094703037, 0.4385134552915891, 0.43137851854165393, 0.43039270490407944, 0.4315771336356799, 0.44279908140500385, 0.4222044621904691, 0.48310574392477673, 0.4650550534327825, 0.4622817287842433, 0.4607558051745097, 0.46113725503285724, 0.46023814876874286, 0.45783352355162305, 0.4566010187069575, 0.4550790141026179, 0.45472783346970874, 0.45309944947560626, 0.4520318458477656, 0.451472744345665, 0.45046302179495495, 0.4498928487300873, 0.4496210068464279, 0.44836143652598065, 0.447737288971742, 0.44705310712258023, 0.4461108172933261, 0.44661646087964374, 0.4497978513439496, 0.44731790324052173, 0.44704453895489377, 0.44801975786685944, 0.45017094910144806, 0.44605263074239093, 0.4498385588328044, 0.44907012830177945, 0.44855116804440814, 0.45050768305857974, 0.45006108035643894, 0.4517696102460225, 0.44894416630268097, 0.45525456219911575, 0.44508254528045654, 0.4945845305919647, 0.4369153802593549, 0.4603089814384778, 0.4408985376358032, 0.46091555307308835, 0.4411628767848015, 0.46282507727543515, 0.439482182264328, 0.45770730326573056, 0.4397192100683848, 0.4462326467037201, 0.4378901819388072, 0.4397106319665909, 0.43636777500311535, 0.4359235391020775, 0.4346783508857091, 0.4329030712445577, 0.43679029246171314, 0.4379601255059242, 0.4357720638314883, 0.43435683598121005, 0.4283205196261406, 0.42606211205323535, 0.43756121893723804, 0.4381663327415784, 0.435715913772583, 0.43227002769708633, 0.4338685820500056, 0.43166131774584454, 0.41230179121096927, 0.4098038822412491, 0.40481773018836975, 0.4367922395467758, 0.40532151858011883, 0.3991987680395444, 0.4323034832874934, 0.4013667752345403, 0.398590383430322, 0.40247148275375366, 0.4226784532268842, 0.43926576028267544, 0.4010927801330884, 0.4233247513572375, 0.4290570492545764, 0.39674586057662964, 0.45337926348050434, 0.4128565539916356, 0.42057958245277405, 0.42155150324106216, 0.4045531724890073, 0.39060595134894055, 0.41103777041037876, 0.39421622455120087, 0.4205784797668457, 0.49533823877573013, 0.40889114886522293, 0.3898664514223735, 0.41448678572972614, 0.39660995205243427, 0.44067924469709396, 0.4043826113144557, 0.38674626996119815, 0.37953265756368637, 0.3768626054128011, 0.37605946511030197, 0.3836735313137372] 
Validation accuracy history = [0.6918307741483053, 0.6969952285289764, 0.700774610042572, 0.7034745812416077, 0.7050249675909678, 0.7058034837245941, 0.7078081568082174, 0.712643563747406, 0.7206118305524191, 0.7354150315125784, 0.6946243743101755, 0.7137825389703115, 0.7129485905170441, 0.703974187374115, 0.7007627487182617, 0.698876311381658, 0.6987110674381256, 0.6992084284623464, 0.6995111703872681, 0.6997315088907877, 0.7004494170347849, 0.7003487050533295, 0.7010416686534882, 0.7013732294241587, 0.7016739845275879, 0.7022737960020701, 0.7031113505363464, 0.7035685380299886, 0.7041635711987814, 0.7050803005695343, 0.7065153419971466, 0.7093847990036011, 0.7132784823576609, 0.7169046998023987, 0.7196057836214701, 0.7220263282457987, 0.7249725063641866, 0.7269777556260427, 0.7300762434800466, 0.7335449854532877, 0.7365722556908926, 0.738185852766037, 0.7419973512490591, 0.7483568986256918, 0.7524091104666392, 0.75318310658137, 0.7579812407493591, 0.7560902635256449, 0.7650154034296671, 0.7549012204011282, 0.7459196348985037, 0.7540946106115977, 0.7549221515655518, 0.7597939570744833, 0.761638214190801, 0.7677556176980337, 0.7699341277281443, 0.765091061592102, 0.767311304807663, 0.7777058978875478, 0.7857471406459808, 0.7779342035452524, 0.7742051680882772, 0.7813696165879568, 0.7747327287991842, 0.7839674949645996, 0.7859891057014465, 0.7850200633207957, 0.7894012928009033, 0.7771253685156504, 0.783075084288915, 0.7882188260555267, 0.7877235412597656, 0.7896406451861063, 0.7870243191719055, 0.7883062760035197, 0.7908035814762115, 0.7900912662347158, 0.7939849396546682, 0.7918246189753214, 0.7901796599229177, 0.7917116085688273, 0.7951282759507498, 0.7904602785905203, 0.7965720295906067, 0.791684885819753, 0.7991702655951182, 0.7939920723438263, 0.7974813878536224, 0.7945029636224111, 0.7980191012223562, 0.7912304997444153, 0.8034727275371552, 0.7987377345561981, 0.8050491511821747, 0.7978589236736298, 0.805994043747584, 0.7976763546466827, 0.8097085853417715, 0.7884203592936198, 0.7918341755867004, 0.7896684209505717, 0.7029841442902883, 0.7091225783030192, 0.7142966488997141, 0.7215143442153931, 0.7295552094777426, 0.735267291466395, 0.7391135891278585, 0.7398823201656342, 0.7431593934694926, 0.7445357143878937, 0.7463890314102173, 0.7488536735375723, 0.7501430511474609, 0.7553835014502207, 0.7596648534138998, 0.764643539985021, 0.7684023976325989, 0.7711757520834605, 0.7741006513436636, 0.7764704724152883, 0.7783724268277487, 0.7810120185216268, 0.7832151552041372, 0.7849818766117096, 0.7875397801399231, 0.7890018920103709, 0.7909566859404246, 0.7940274775028229, 0.7933200200398763, 0.7943796912829081, 0.7962404290835062, 0.7972265879313151, 0.7979719539483389, 0.7975956698258718, 0.7990078826745352, 0.7988716959953308, 0.8010486662387848, 0.8015383581320444, 0.8006813327471415, 0.8027734756469727, 0.8037934899330139, 0.8047587176163992, 0.8020631372928619, 0.8038292229175568, 0.8034559686978658, 0.8049737314383189, 0.8055522938569387, 0.8063216110070547, 0.8071154753367106, 0.8071133097012838, 0.807825485865275, 0.8081866602102915, 0.808633416891098, 0.8094920516014099, 0.8091170390446981, 0.8083574871222178, 0.8092208604017893, 0.8100014328956604, 0.8065603971481323, 0.8091002206007639, 0.811506062746048, 0.8098611732323965, 0.809914896885554, 0.810573140780131, 0.8093541264533997, 0.8086611330509186, 0.8097144464651743, 0.8096313178539276, 0.810376505057017, 0.8046543995539347, 0.8076174259185791, 0.8094249963760376, 0.7985941767692566, 0.8092082440853119, 0.8093770345052084, 0.810707817475001, 0.8056308428446451, 0.8065022726853689, 0.8065181374549866, 0.8081136445204417, 0.807801733414332, 0.8094212214152018, 0.8098807136217753, 0.8092367947101593, 0.8099267582098643, 0.810844341913859, 0.8057372768719991, 0.8057796359062195, 0.8087287743886312, 0.8101195295651754, 0.8034724394480387, 0.8055627445379893, 0.8081504801909128, 0.808194080988566, 0.8066985011100769, 0.8110218644142151, 0.7706732948621114, 0.7721257507801056, 0.774528294801712, 0.7781986892223358, 0.780597080787023, 0.7820294896761576, 0.7845271627108256, 0.7867159247398376, 0.7889580428600311, 0.7901273965835571, 0.7912737627824148, 0.7935453057289124, 0.7936901847521464, 0.7952731251716614, 0.7960230608781179, 0.7970485091209412, 0.7986448804537455, 0.7986966073513031, 0.8001255393028259, 0.7998292446136475, 0.7999742726484934, 0.7965217133363088, 0.7983575264612833, 0.7994859913984934, 0.7990187505880991, 0.7981200913588206, 0.8010434011618296, 0.7988770504792532, 0.799069474140803, 0.799199640750885, 0.7983266214529673, 0.7987850507100424, 0.7982075313727061, 0.7996274332205454, 0.7951566080252329, 0.8022479712963104, 0.7805758118629456, 0.8121392528216044, 0.7951867282390594, 0.8059492905934652, 0.7950339416662852, 0.8053376972675323, 0.79420072833697, 0.8061174054940542, 0.7972523073355356, 0.80628502368927, 0.8031815985838572, 0.8065480391184489, 0.8062055905659994, 0.8072322905063629, 0.8075533310572306, 0.8078324596087137, 0.809986799955368, 0.8079874912897745, 0.8068135480086008, 0.8068769673506418, 0.8091752032438914, 0.8117225368817648, 0.8124648630619049, 0.8090978463490804, 0.808646043141683, 0.809852292140325, 0.8118745187918345, 0.811592678229014, 0.8109120825926462, 0.8214147289594015, 0.8227770725886027, 0.8246241609255472, 0.8107447028160095, 0.823618620634079, 0.8266877233982086, 0.8107762932777405, 0.8258805076281229, 0.827491025129954, 0.8250849942366282, 0.8175773620605469, 0.8098216652870178, 0.8284575243790945, 0.8201816976070404, 0.8177180488904318, 0.8326028486092886, 0.8038251996040344, 0.8331457475821177, 0.8246147036552429, 0.8266163965066274, 0.8320320745309194, 0.834673156340917, 0.8317541678746542, 0.8387240072091421, 0.8217316071192423, 0.7988164027531942, 0.8383205334345499, 0.8454837302366892, 0.8265185654163361, 0.8423676689465841, 0.8087458610534668, 0.8426264623800913, 0.8485396901766459, 0.8500627179940542, 0.8511562744776408, 0.8477499882380167, 0.8474550048510233] 
Validation f1 history = [0.8046121398607889, 0.8077519138654073, 0.8095954954624176, 0.8108889758586884, 0.8116445144017538, 0.8120258748531342, 0.8129842182000478, 0.8153072794278463, 0.8192140261332194, 0.8263109028339386, 0.7995178600152334, 0.8158037563165029, 0.8154177069664001, 0.8111449678738912, 0.8096125821272532, 0.8087137142817179, 0.8086372911930084, 0.8088725407918295, 0.8090169628461202, 0.8091198901335398, 0.8094653487205505, 0.8094126482804617, 0.8097456594308218, 0.8099035819371542, 0.8100457787513733, 0.8103316128253937, 0.8107342422008514, 0.8109464645385742, 0.8112306396166483, 0.8116618891557058, 0.8123259544372559, 0.8136706153551737, 0.815538744131724, 0.8172430594762167, 0.8185331026713053, 0.8196987311045328, 0.821135679880778, 0.8221271137396494, 0.8236841956774393, 0.8254006803035736, 0.8268915216128031, 0.8277246157328287, 0.8295912444591522, 0.833070824543635, 0.8350708385308584, 0.835128386815389, 0.8379985292752584, 0.83542467157046, 0.8413885434468588, 0.8358578185240427, 0.8310995399951935, 0.8355099260807037, 0.8357522189617157, 0.8386320968468984, 0.8397752642631531, 0.8432440360387167, 0.8444831371307373, 0.8412937025229136, 0.8428100347518921, 0.8487120469411215, 0.8531751135985056, 0.8488699694474539, 0.8465286791324615, 0.8506623208522797, 0.8466996153195699, 0.8521241048971812, 0.853233128786087, 0.8528411090373993, 0.8553907672564188, 0.8476367195447286, 0.8516744474569956, 0.8544765114784241, 0.8539550999800364, 0.8550893763701121, 0.8538023928801218, 0.8545536895593008, 0.8560018539428711, 0.8556784788767496, 0.8578173816204071, 0.8565817773342133, 0.8557231724262238, 0.8565534055233002, 0.8584604064623514, 0.8559105495611826, 0.8592807153860728, 0.8566048045953115, 0.8607213497161865, 0.8578996558984121, 0.8598385055859884, 0.8582202096780142, 0.8602167069911957, 0.8563547333081564, 0.8633991678555807, 0.8607606887817383, 0.8643275201320648, 0.8602733314037323, 0.864860862493515, 0.8601309756437937, 0.8668597737948099, 0.8549832006295522, 0.8565904200077057, 0.8556539913018545, 0.8071939448515574, 0.8135878046353658, 0.8160754144191742, 0.8196106056372324, 0.8236391643683115, 0.8264661828676859, 0.828417976697286, 0.828815887371699, 0.830488512913386, 0.8312032620112101, 0.8321418265501658, 0.8334318300088247, 0.8341131409009298, 0.8368551135063171, 0.8391054371992747, 0.8417122562726339, 0.8437391420205435, 0.8451521495978037, 0.8467344144980112, 0.8479963938395182, 0.8490018447240194, 0.8504584928353628, 0.8516529103120168, 0.8526054322719574, 0.8540644347667694, 0.8548804918924967, 0.8559528986612955, 0.8576194047927856, 0.8572099010149637, 0.8578279515107473, 0.8588651418685913, 0.8594208558400472, 0.8599135279655457, 0.8596661885579427, 0.8604929546515147, 0.8603868782520294, 0.8617025017738342, 0.8619540929794312, 0.861499418814977, 0.8627796272436777, 0.8633539875348409, 0.8638934791088104, 0.8623930513858795, 0.8633687496185303, 0.8632246752580007, 0.86403160293897, 0.8643541038036346, 0.8647904992103577, 0.8652960161368052, 0.8653011520703634, 0.8657159705956777, 0.8660154243310293, 0.8662365476290385, 0.8667803506056467, 0.8665560185909271, 0.8661463260650635, 0.8666233619054159, 0.8671288987000784, 0.8651396036148071, 0.8667035599549612, 0.8681488235791525, 0.8671437402566274, 0.8671294848124186, 0.8675134181976318, 0.86670650045077, 0.8663301666577657, 0.8669501145680746, 0.8669381539026896, 0.8673123915990194, 0.8639015555381775, 0.8656938672065735, 0.8667802413304647, 0.8606363634268442, 0.8666674097379049, 0.8667247990767161, 0.8675011197725931, 0.8644802570343018, 0.864968607823054, 0.8650796115398407, 0.8660310010115305, 0.8658482631047567, 0.8668079972267151, 0.8670946359634399, 0.8667621711889902, 0.867061565319697, 0.8676611880461375, 0.864595502614975, 0.864626963933309, 0.8664315243562063, 0.8671809633572897, 0.8632255593935648, 0.864550918340683, 0.8661259313424429, 0.8661627272764841, 0.8652914563814799, 0.867835283279419, 0.8417671024799347, 0.8438177903493246, 0.845653623342514, 0.8480012615521749, 0.8494516313076019, 0.8502644201119741, 0.85180135567983, 0.8531070351600647, 0.8543807764848074, 0.8551143010457357, 0.855773518482844, 0.8571022848288218, 0.8572360873222351, 0.8581522107124329, 0.8586139778296152, 0.8592610657215118, 0.8601565758387247, 0.8601673543453217, 0.8610450128714243, 0.8609152038892111, 0.8609879016876221, 0.8589051763216654, 0.8599801262219747, 0.8606277306874593, 0.8604837854703268, 0.8599774440129598, 0.8616407414277395, 0.8604430854320526, 0.8605371713638306, 0.860625425974528, 0.8601106603940328, 0.8603830635547638, 0.8601021667321523, 0.8608661592006683, 0.8583791355292002, 0.8623390098412832, 0.8504299819469452, 0.8680389821529388, 0.8584120869636536, 0.8644127051035563, 0.8583856523036957, 0.8641410966714224, 0.8579048613707224, 0.864577054977417, 0.8596348762512207, 0.8646423617998759, 0.8629016677538554, 0.8647613128026327, 0.8645594815413157, 0.8651061256726583, 0.8652742008368174, 0.8654705584049225, 0.8667604525883993, 0.8656226893266042, 0.8649580081303915, 0.8649460474650065, 0.8662623167037964, 0.8677826325098673, 0.8681930204232534, 0.8663065632184347, 0.8660831352074941, 0.8667744596799215, 0.8679818908373514, 0.8678902784983317, 0.8675159712632498, 0.8735986252625784, 0.8743335505326589, 0.8754035929838816, 0.8674685557683309, 0.874884565671285, 0.8766070405642191, 0.8673939804236094, 0.8761566281318665, 0.8771376510461172, 0.8756048182646433, 0.8713450531164805, 0.8671785195668539, 0.8778134882450104, 0.8731613457202911, 0.8717641631762186, 0.8800503214200338, 0.8638386925061544, 0.8806772927443186, 0.8757653633753458, 0.8769022822380066, 0.8798183600107828, 0.881472110748291, 0.8797928790251414, 0.8824845254421234, 0.873725026845932, 0.860979954401652, 0.8835265537103018, 0.8881814976533254, 0.877092033624649, 0.8853586912155151, 0.8664409816265106, 0.8859423995018005, 0.8893274168173472, 0.8888702889283498, 0.8908219238122305, 0.8885483543078104, 0.8890044391155243] 
--- 
Radius of the CI = 0.22781418528679767 
True classification of the model is likely between 0.5906069847789387 and 1.046235355352534 
--- 
Test accuracy = 0.8184211700657363 
Confusion matrix (invalid | valid) = 
 [[ 78623  32584]
 [ 34712 298718]] 
--- 
