This file contains information about the resnet model 
Analysis directory = C:\Users\cdetr\Documents\GitHub\nomics\nomics-AI/data/task2/tfe/without_oe/analysis_backup 
--- 
Segmentation value = 120.0 
Downsampling value = 1.0 
Signal frequency = 1.0 Hz 
Batch size = 32 
Standard scale = 0 
Stateful = 0 
Sliding window = 0 
Center of interest = 30 
Full sequence = 0 
Return sequences = 0 
Data balancing = 1 
--- 
Log time = 14-06-2022 22-50-38 
--- 
Num of epochs = 100, early stop after 50 epochs 
Epochs training computation time history (in sec) = [34.92513561248779, 27.024999380111694, 29.2050199508667, 25.55186367034912, 29.018083095550537, 35.782702922821045, 33.51247978210449, 36.24634122848511, 36.40040063858032, 37.41843318939209, 38.915775775909424, 57.35046625137329, 41.102800130844116, 43.040069341659546, 38.899998903274536, 37.026002407073975, 20.543999910354614, 21.61899971961975, 20.604001998901367, 20.55001211166382, 22.20500135421753, 30.865335941314697, 37.78730249404907, 19.958001136779785, 19.296991109848022, 20.935853004455566, 20.94450068473816, 21.762548208236694, 26.39249849319458, 40.7013201713562, 39.43691563606262, 33.462188482284546, 34.15476202964783, 36.749425172805786, 38.15152835845947, 35.69857573509216, 37.05400824546814, 38.55000019073486, 36.95602345466614, 38.58570098876953, 33.629000663757324, 35.48499798774719, 40.89099597930908, 38.923999309539795, 37.29599952697754, 38.77500104904175, 41.67899751663208, 37.70900058746338, 34.341036319732666, 33.80099058151245] 
Epochs training computation time mean (in sec) = 33.33832172870636 
--- 
Training loss history = [0.4723885953426361, 0.40296947956085205, 0.38591626286506653, 0.37790346145629883, 0.36999860405921936, 0.3700267970561981, 0.3673105537891388, 0.3640928268432617, 0.36098712682724, 0.3627336025238037, 0.35845285654067993, 0.3584856390953064, 0.35694408416748047, 0.3556886911392212, 0.35524898767471313, 0.34481164813041687, 0.320940762758255, 0.3151814937591553, 0.3070729672908783, 0.2998000681400299, 0.2977873384952545, 0.2966599762439728, 0.29341262578964233, 0.29189974069595337, 0.2897312343120575, 0.2872775197029114, 0.285370796918869, 0.2857135236263275, 0.2822479009628296, 0.2809702455997467, 0.2751815617084503, 0.275749534368515, 0.27757325768470764, 0.2697630524635315, 0.26991310715675354, 0.26606035232543945, 0.26299792528152466, 0.26111987233161926, 0.2591201364994049, 0.2538367807865143, 0.2509213089942932, 0.244740828871727, 0.24386882781982422, 0.24070468544960022, 0.2352467179298401, 0.2323508858680725, 0.2252679020166397, 0.22242501378059387, 0.21544042229652405, 0.2105666995048523] 
Training accuracy history = [0.7782736420631409, 0.8193293213844299, 0.8291469812393188, 0.8313995599746704, 0.834799587726593, 0.8358196020126343, 0.8380721807479858, 0.8398147225379944, 0.8404521942138672, 0.8404521942138672, 0.8407497406005859, 0.841812252998352, 0.8422797322273254, 0.844319760799408, 0.8427897691726685, 0.8473798036575317, 0.8632326126098633, 0.864932656288147, 0.869012713432312, 0.8703302145004272, 0.8739427924156189, 0.8727952837944031, 0.8754728436470032, 0.87772536277771, 0.8770453333854675, 0.8806154131889343, 0.8815504312515259, 0.87908536195755, 0.8801904320716858, 0.8821879625320435, 0.8835479617118835, 0.8844829797744751, 0.8855454921722412, 0.8860555291175842, 0.8888180255889893, 0.8880530595779419, 0.890220582485199, 0.889923095703125, 0.8917506337165833, 0.8934506177902222, 0.8947256803512573, 0.896510660648346, 0.8991457223892212, 0.9011857509613037, 0.9033108353614807, 0.9042458534240723, 0.9081559181213379, 0.9079858660697937, 0.9110884666442871, 0.9141485095024109] 
Training f1 history = [0.7780560255050659, 0.8193972110748291, 0.828988254070282, 0.8315641283988953, 0.8345268368721008, 0.8356543779373169, 0.8379047513008118, 0.839862585067749, 0.8404994606971741, 0.8403909206390381, 0.840579628944397, 0.8417496085166931, 0.8419996500015259, 0.844363272190094, 0.8428347110748291, 0.8475288152694702, 0.8633660674095154, 0.8649559617042542, 0.8691405653953552, 0.8702397346496582, 0.8739573359489441, 0.872702419757843, 0.8752689361572266, 0.8777362704277039, 0.877056896686554, 0.880623459815979, 0.8813406229019165, 0.8789864182472229, 0.8801988363265991, 0.8823028802871704, 0.883444607257843, 0.8844873309135437, 0.8856571912765503, 0.8859496712684631, 0.888818085193634, 0.888053834438324, 0.8903278112411499, 0.8898135423660278, 0.891747772693634, 0.893446147441864, 0.8948283791542053, 0.896503210067749, 0.8991357684135437, 0.9012822508811951, 0.9032967686653137, 0.9042307734489441, 0.9081370234489441, 0.9077502489089966, 0.9111751914024353, 0.9141238927841187] 
--- 
Validation loss history = [0.7315876483917236, 0.6847560405731201, 0.38544899225234985, 0.36959850788116455, 0.4067811667919159, 0.3590841293334961, 0.37136325240135193, 0.3399587571620941, 0.36961644887924194, 0.4047994911670685, 0.3549066483974457, 0.3498722016811371, 0.3906853497028351, 0.3461182415485382, 0.36851853132247925, 0.3087543249130249, 0.29627344012260437, 0.31521981954574585, 0.2779662013053894, 0.2791721224784851, 0.278301864862442, 0.2766697108745575, 0.3647412955760956, 0.28427833318710327, 0.27530476450920105, 0.28644874691963196, 0.2692162096500397, 0.31590381264686584, 0.26860642433166504, 0.27590009570121765, 0.3172317445278168, 0.2917880415916443, 0.3141098916530609, 0.29886502027511597, 0.256184846162796, 0.3338766098022461, 0.25861656665802, 0.2627561390399933, 0.26262739300727844, 0.24801596999168396, 0.2578555643558502, 0.2745645046234131, 0.27768492698669434, 0.24885916709899902, 0.2637059986591339, 0.28023260831832886, 0.26207008957862854, 0.2845417857170105, 0.2766071856021881, 0.28573283553123474] 
Validation accuracy history = [0.6699808835983276, 0.7089866399765015, 0.8359464406967163, 0.8435946702957153, 0.8248565793037415, 0.8462715148925781, 0.8386233448982239, 0.8527724742889404, 0.8497132062911987, 0.8240917921066284, 0.847801148891449, 0.8508604168891907, 0.8332695960998535, 0.8455066680908203, 0.8252390027046204, 0.8707457184791565, 0.8841300010681152, 0.8619502782821655, 0.8917782306671143, 0.8917782306671143, 0.8887189030647278, 0.8902485370635986, 0.8455066680908203, 0.8879541158676147, 0.8925430178642273, 0.8845124244689941, 0.8971319198608398, 0.8760994076728821, 0.8925430178642273, 0.8894837498664856, 0.8623327016830444, 0.884894847869873, 0.8653919696807861, 0.8795410990715027, 0.9005736112594604, 0.8642447590827942, 0.895602285861969, 0.8982791304588318, 0.8940726518630981, 0.9063097238540649, 0.8967494964599609, 0.8868069052696228, 0.8894837498664856, 0.9009560346603394, 0.8913958072662354, 0.8795410990715027, 0.8975143432617188, 0.8741874098777771, 0.885277271270752, 0.8795410990715027] 
Validation f1 history = [0.6702180504798889, 0.7093881964683533, 0.8359125852584839, 0.8438327312469482, 0.8250098824501038, 0.8463513255119324, 0.8387293815612793, 0.8526808619499207, 0.8497812151908875, 0.824098527431488, 0.847726583480835, 0.8507753610610962, 0.8333940505981445, 0.8454400300979614, 0.8247944712638855, 0.8708906173706055, 0.8842290639877319, 0.8621253967285156, 0.8920002579689026, 0.8921493887901306, 0.8889513611793518, 0.8904757499694824, 0.8455891609191895, 0.8881892561912537, 0.8927624225616455, 0.8847593069076538, 0.8974846601486206, 0.876226007938385, 0.8926131725311279, 0.8895643949508667, 0.8623574376106262, 0.8849913477897644, 0.8655552864074707, 0.8798050284385681, 0.9006163477897644, 0.8642629384994507, 0.895811140537262, 0.8986279368400574, 0.8942867517471313, 0.9064819812774658, 0.8971035480499268, 0.8871950507164001, 0.8897135853767395, 0.9011465907096863, 0.8916190266609192, 0.8798050284385681, 0.8977166414260864, 0.8743205070495605, 0.8855214715003967, 0.8795068264007568] 
--- 
Radius of the CI = 0.007659195152772211 
True classification of the model is likely between 0.8798866885027758 and 0.8952050788083203 
--- 
Test accuracy = 0.8875458836555481 
Confusion matrix (0 | 1) = 
 [[2995  249]
 [ 486 2806]] 
--- 
