This file contains information about the lstm model 
Analysis directory = C:\Users\cdetr\Documents\GitHub\nomics\jawac_processing_nomics/data/awake_sleep_analysis_update 
--- 
Segmentation value = 20.0 
Downsampling value = 1.0 
Signal frequency = 1.0 Hz 
Batch size = 16 
Standard scale = 0 
Stateful = 1 
Sliding window = 0 
Center of interest = 10 
Full sequence = 0 
Return sequences = 1 
Data balancing = 0 
--- 
Log time = 19-04-2022 19-07-33 
--- 
Num of epochs = 100, early stop after 78 epochs 
Epochs training computation time history (in sec) = [48.82299828529358, 44.12999677658081, 46.19400143623352, 44.10899996757507, 44.27499747276306, 44.030999183654785, 43.8859965801239, 44.43399930000305, 45.334999322891235, 45.20999789237976, 43.822999000549316, 43.45700120925903, 43.57999873161316, 42.89900016784668, 43.162999629974365, 42.476996421813965, 42.82999873161316, 43.91599941253662, 42.865997314453125, 42.652000427246094, 43.38499927520752, 43.8380012512207, 42.71899652481079, 43.58099818229675, 43.370999336242676, 42.304999351501465, 42.61200022697449, 43.20100235939026, 42.95899820327759, 43.25199890136719, 44.33899760246277, 42.5620002746582, 43.10800075531006, 43.509000062942505, 43.39799761772156, 42.88199830055237, 42.53299927711487, 44.177000284194946, 44.47400164604187, 42.59299993515015, 42.91900062561035, 40.95399856567383, 42.48400020599365, 43.4309983253479, 42.63799571990967, 42.84599995613098, 42.444000482559204, 41.08800005912781, 40.56199860572815, 41.14299964904785, 41.95300054550171, 42.78099846839905, 43.031994342803955, 42.68700098991394, 40.863001108169556, 41.13199973106384, 40.441001176834106, 42.380998849868774, 42.07600116729736, 42.00100326538086, 42.50499939918518, 42.14800190925598, 42.01800203323364, 41.72500252723694, 41.4960081577301, 41.29599642753601, 40.50699853897095, 39.99599862098694, 40.86199927330017, 42.11299967765808, 41.175999879837036, 40.99199938774109, 42.0529990196228, 42.05700135231018, 43.10899996757507, 43.106998682022095, 41.849000215530396, 40.44899845123291] 
Epochs training computation time mean (in sec) = 42.7718200255663 
--- 
Training loss history = [0.7294248971674178, 0.721349749300215, 0.7014727575911416, 0.7138031174739202, 0.6964956654442681, 0.6989764074484507, 0.6836753288904825, 0.6766801691717572, 0.68425585826238, 0.6956565495994356, 0.6769025524457296, 0.6776999450392194, 0.6967349383566115, 0.7102727360195584, 0.6756207065449821, 0.6781562219063441, 0.6698146313428879, 0.6518919765949249, 0.6627759006288316, 0.6647122220860587, 0.6504806453982989, 0.6657620751195483, 0.6735510163837009, 0.6599833576215638, 0.6637271899316046, 0.654621947142813, 0.651306731833352, 0.6650850102305412, 0.6401225162876977, 0.6322090327739716, 0.6220107442802854, 0.6341911339097552, 0.6440620256794823, 0.6600227471854951, 0.6531627244419522, 0.6470721579260297, 0.6474096236957444, 0.6570196838842498, 0.658917581041654, 0.6596143783794509, 0.6527911225954691, 0.6531758457422256, 0.6478201308184199, 0.6266031869583659, 0.6037117044130961, 0.5932099695007006, 0.6247670087549422, 0.6510236768258942, 0.6133113983604643, 0.6289966122971641, 0.5886893255843056, 0.5698571246531274, 0.5834644867314233, 0.5611464803417524, 0.5655997643868128, 0.5171941729883353, 0.5360243606070677, 0.5592703678541713, 0.540783382124371, 0.5695978341003259, 0.5688791556490792, 0.5545864543981023, 0.5377376439670721, 0.5294863180153899, 0.5514790945582919, 0.5075131033857664, 0.5263944773210419, 0.4908611886203289, 0.5451898479627239, 0.5229589438272847, 0.5332725751731131, 0.5640350985858176, 0.5275501509507498, 0.49588364072971874, 0.4941253542072243, 0.48819004744291306, 0.5547545270787345, 0.5510299512081676] 
Training accuracy history = [0.3125712584911121, 0.3230495230398244, 0.5715075818200906, 0.6855981854928864, 0.667139298386044, 0.6993055277400546, 0.6504783071577549, 0.6676084738638666, 0.5440531389580833, 0.5080509270644851, 0.3908595495288157, 0.31538613531221116, 0.22858708584681153, 0.3617383945319388, 0.475667252826194, 0.5153200187616878, 0.5575007125735283, 0.588634216123157, 0.5604004793696933, 0.5345083321962092, 0.602482322189543, 0.5526955329502622, 0.5160999829984374, 0.589909372644292, 0.559074842164086, 0.5637185546673007, 0.5874209623369906, 0.5725677831926279, 0.6606314496861564, 0.6031667949217889, 0.6902283521162139, 0.6607926347189479, 0.6628785216146045, 0.4864133451030486, 0.5098569753269354, 0.6027614557080798, 0.5776053153806262, 0.5128246405058436, 0.5469658250610033, 0.5194354805991881, 0.5854446776211262, 0.5901157475180097, 0.5890899513744645, 0.6773810047242377, 0.7175473587380515, 0.706331563492616, 0.6240044645965099, 0.538925468766441, 0.6249644432941245, 0.6165601805680327, 0.7353970888588164, 0.7428713035252359, 0.6634112410247326, 0.7091731470492151, 0.6978549990389082, 0.754283830937412, 0.7570860178934203, 0.69324413417942, 0.7318732415636381, 0.6839457700649897, 0.6839123508996434, 0.7291429572635226, 0.7471097136537234, 0.7671435359451506, 0.7150459128121535, 0.7713948695196046, 0.7549309672580825, 0.7836377289560106, 0.7612561773922708, 0.7714522894885805, 0.755790174835258, 0.7247520262996355, 0.7527907755639818, 0.7629779593812095, 0.7686693453126483, 0.7851459218396081, 0.7266407923565971, 0.7459270507097244] 
Training f1 history = [0.312569926906791, 0.32304951993541586, 0.5715075532595316, 0.6855981573462486, 0.6671392834848828, 0.6993057959609561, 0.6504784520301554, 0.6676084730360243, 0.5440533761348989, 0.5080509131981267, 0.39085952166674864, 0.31538610344028306, 0.22858705444054472, 0.3617383689723081, 0.4756672350275848, 0.5153199766969515, 0.5575006819433637, 0.588634181353781, 0.5604004474977652, 0.5345083048774136, 0.6024822766582171, 0.5526957894778914, 0.516099945952495, 0.5899094847134418, 0.5590749990919398, 0.5637185155517526, 0.5874209710293345, 0.5725677486302124, 0.6606314149167802, 0.603166813755201, 0.6902283339036835, 0.6607926065723101, 0.6628784851895438, 0.4864133291670846, 0.5098569665311111, 0.6027614325284958, 0.5776053050325977, 0.5128245973545644, 0.5469657946377993, 0.5194354763047563, 0.585444701421592, 0.590115717301766, 0.5890899232795669, 0.677380979888969, 0.717547368672159, 0.7063315643204583, 0.6240044455561373, 0.5389254421202673, 0.6249644198558397, 0.6165601627694236, 0.7353970971372392, 0.7428712753785981, 0.6634112190869119, 0.7091731354594231, 0.6978549932440122, 0.7542838243146738, 0.7570859847797288, 0.6932441271427605, 0.7318732572926415, 0.6839457692371474, 0.683912358350224, 0.7291429373953078, 0.7471096846792433, 0.7671435359451506, 0.7150459070172575, 0.7713948711752892, 0.7549309308330218, 0.78363769253095, 0.7612561525570022, 0.7714522663089964, 0.7557902046375804, 0.7247520163655281, 0.7527907308604982, 0.7629779196447797, 0.7686693155103259, 0.7851458705133862, 0.7266407584150633, 0.7459270399477747] 
--- 
Validation loss history = [0.6794127710163593, 0.6965321116149426, 0.678377453237772, 0.66568174213171, 0.6634256988763809, 0.6750260181725025, 0.6558323502540588, 0.6474936753511429, 0.6520844604820013, 0.6389834396541119, 0.6305528916418552, 0.6826911680400372, 0.6967077925801277, 0.6135118827223778, 0.6182104181498289, 0.6222155746072531, 0.6713206246495247, 0.6284883990883827, 0.6002852376550436, 0.6621878612786531, 0.6368245258927345, 0.664436511695385, 0.6110083404928446, 0.6321907341480255, 0.6515572406351566, 0.5730314645916224, 0.6150155924260616, 0.6339283138513565, 0.6149151679128408, 0.6044066585600376, 0.6162338368594646, 0.5640333294868469, 0.5684862285852432, 0.5698473416268826, 0.6206996701657772, 0.5870252065360546, 0.6206229440867901, 0.6571157798171043, 0.6489092446863651, 0.618360485881567, 0.5735843684524298, 0.623767539858818, 0.5693965349346399, 0.5535655673593283, 0.5663021355867386, 0.450041813775897, 0.48537405021488667, 0.5354042239487171, 0.4491202081553638, 0.5205075573176146, 0.4897174136713147, 0.45431825146079063, 0.4019201407209039, 0.3968711504712701, 0.4232168151065707, 0.4087287448346615, 0.41694545093923807, 0.3844663631170988, 0.5589879639446735, 0.6172516867518425, 0.49925521574914455, 0.5023700315505266, 0.4855399373918772, 0.5260206200182438, 0.4698185548186302, 0.43605444021523, 0.41799463145434856, 0.441309898160398, 0.5408114418387413, 0.5276876455172896, 0.5583432409912348, 0.5460908748209476, 0.4817281477153301, 0.4772154353559017, 0.4493573037907481, 0.4855882190167904, 0.4585037976503372, 0.4622816275805235] 
Validation accuracy history = [0.7288073027739301, 0.5905350325629115, 0.6610274724662304, 0.7228567060083151, 0.7940102983266115, 0.5888038193807006, 0.7105303779244423, 0.6874291189014912, 0.5124175725504756, 0.673928651958704, 0.42916968918871135, 0.2896275758103002, 0.19177442544605583, 0.6272520460188389, 0.6179662561044097, 0.6349731162190437, 0.6542828679084778, 0.6363446755567566, 0.643571300432086, 0.5466908138478175, 0.5377004687761655, 0.5975504339439794, 0.5991774158319458, 0.5748184885596856, 0.583268667338416, 0.6799718092661351, 0.6417272274848074, 0.6269884036155418, 0.5868698029080406, 0.6674884787062183, 0.6733602400490781, 0.6703499249479137, 0.7707145493477583, 0.6279190443456173, 0.6235432396642864, 0.6525151388486847, 0.6366211408749223, 0.5444008074700832, 0.6539406720548868, 0.6678089685738087, 0.6959998970851302, 0.5905477044871077, 0.6950462404638529, 0.6914244970539585, 0.6730123469606042, 0.8077448457479477, 0.7222459185868502, 0.7017734553664923, 0.7837831992655993, 0.7818235475569963, 0.7931213695555925, 0.7925150562077761, 0.8233849685639143, 0.8270956948399544, 0.8149036504328251, 0.7901988103985786, 0.8137419521808624, 0.8023363202810287, 0.6550926882773638, 0.5664765905821696, 0.7378398390719667, 0.7249677988002077, 0.7364599691936746, 0.7190676486352459, 0.7754476001719013, 0.7592242999235168, 0.7598995423177257, 0.7309958139667287, 0.6848671218613163, 0.7220874397316948, 0.6835790422628634, 0.6963259844342247, 0.7263001807732508, 0.724111279414501, 0.7369351569795981, 0.713754904223606, 0.7821217998862267, 0.7448621727526188] 
Validation f1 history = [0.7288072952796938, 0.5905350185930729, 0.6610274314880371, 0.7228566966950893, 0.7940102778375149, 0.5888038268312812, 0.7105303574353456, 0.6874291226267815, 0.5124175525270402, 0.6739286575466394, 0.4291696863947436, 0.28962757598492317, 0.19177442185173277, 0.6272520306520164, 0.6179662849754095, 0.6349730882793665, 0.654282845556736, 0.6363446643372299, 0.6435712929815054, 0.5466908268426778, 0.5377004425317864, 0.597550433856668, 0.5991774344001897, 0.5748184736003168, 0.5832686914654914, 0.6799717663379852, 0.6417272036487702, 0.6269883779605152, 0.5868697590922238, 0.6674884525855305, 0.6733602099993732, 0.6703498949982531, 0.7707145120948553, 0.6279190387576818, 0.6235432126559317, 0.6525151146342978, 0.636621137149632, 0.5444008213671623, 0.6539406590163708, 0.667808985337615, 0.6959999278187752, 0.5905476967600407, 0.6950462032109499, 0.6914244709332706, 0.6730122993903933, 0.807744812220335, 0.7222458887845278, 0.7017734898254275, 0.7837832029908895, 0.7818235997110605, 0.7931213453412056, 0.7925150264054537, 0.8233849611133337, 0.8270956911146641, 0.8149036206305027, 0.790198840200901, 0.8137419559061527, 0.8023363314568996, 0.6550926882773638, 0.5664765914698364, 0.7378397868742468, 0.7249677689542295, 0.7364599728753092, 0.7190676448662998, 0.7754475218971493, 0.7592242775281193, 0.7598995497246506, 0.7309958250989439, 0.6848670957406284, 0.7220874136110069, 0.6835790418699617, 0.6963259527256014, 0.7263001497631194, 0.724111207659007, 0.7369351215456845, 0.7137548736791359, 0.782121803611517, 0.7448621271178126] 
--- 
Radius of the CI = 0.2042093916620208 
True classification of the model is likely between 0.6088827549389749 and 1.0173015382630166 
--- 
Test accuracy = 0.8130921466009957 
Confusion matrix (0 | 1) = 
 [[ 70440  36990]
 [ 50070 339140]] 
--- 
