This file contains information about the lstm model 
Analysis directory = C:\Users\cdetr\Documents\GitHub\nomics\jawac_processing_nomics/data/awake_sleep_analysis_update 
--- 
Segmentation value = 180.0 
Downsampling value = 1.0 
Signal frequency = 1.0 Hz 
Batch size = 16 
Standard scale = 0 
Stateful = 0 
Sliding window = 1 
Center of interest = 60 
Full sequence = 0 
Return sequences = 1 
Data balancing = 1 
--- 
Log time = 13-04-2022 07-49-20 
--- 
Num of epochs = 500, early stop after 129 epochs 
Epochs training computation time history (in sec) = [43.90429496765137, 35.650066614151, 36.350385665893555, 37.21683931350708, 34.786306381225586, 30.93067693710327, 30.71788763999939, 35.47655391693115, 40.39410424232483, 39.1740357875824, 37.88971734046936, 35.558361768722534, 31.004084825515747, 32.18975830078125, 32.699804067611694, 31.77724313735962, 32.62810206413269, 34.88097286224365, 42.0625741481781, 35.93535542488098, 37.82197093963623, 45.21153521537781, 44.48503756523132, 45.154977321624756, 42.9212110042572, 40.22207760810852, 33.06941819190979, 35.4250385761261, 32.328925371170044, 37.78327536582947, 36.615047454833984, 30.974914073944092, 31.333149909973145, 34.054628133773804, 40.647022008895874, 39.69156074523926, 40.614216566085815, 37.88215255737305, 39.03018355369568, 40.15133619308472, 41.55984950065613, 40.47698664665222, 41.225425243377686, 40.11114192008972, 42.44536232948303, 39.78189468383789, 41.229775190353394, 40.528573989868164, 42.31769061088562, 38.28200888633728, 36.978355169296265, 36.380857944488525, 36.93480896949768, 36.192883253097534, 36.49161195755005, 36.28770208358765, 35.205835580825806, 35.27017879486084, 35.33704686164856, 32.80139112472534, 29.359570264816284, 30.5249285697937, 35.32191443443298, 35.46274495124817, 34.60207509994507, 35.77634072303772, 37.1676549911499, 36.10967230796814, 37.36116099357605, 33.84262681007385, 29.14254379272461, 36.38645958900452, 35.17300057411194, 35.06179738044739, 35.167789697647095, 36.60298728942871, 34.870248317718506, 35.122722864151, 36.830981731414795, 36.68156313896179, 34.88982915878296, 28.7645366191864, 30.59010076522827, 38.343085050582886, 38.06314182281494, 37.80645680427551, 37.08675003051758, 34.902849197387695, 35.644765853881836, 35.40753674507141, 30.09851884841919, 28.922590970993042, 30.475350856781006, 35.50796818733215, 36.442665338516235, 36.34704828262329, 36.22223377227783, 37.05607771873474, 36.59828853607178, 36.48917579650879, 35.75796580314636, 33.707191705703735, 36.12670588493347, 35.18118333816528, 35.00111770629883, 35.40810680389404, 35.76867699623108, 36.25161814689636, 36.280110120773315, 36.56846642494202, 35.73051643371582, 35.84595966339111, 35.536539793014526, 34.556485652923584, 34.62154030799866, 36.1539740562439, 36.71290707588196, 36.93594264984131, 36.35341739654541, 38.509008169174194, 37.05119204521179, 35.46003603935242, 37.14788222312927, 37.59399056434631, 36.12743782997131, 36.325910806655884, 35.57623624801636, 34.822763204574585, 34.27614903450012] 
Epochs training computation time mean (in sec) = 36.24884473260983 
--- 
Training loss history = [0.5397257208824158, 0.4064863622188568, 0.37722262740135193, 0.3691813349723816, 0.36391526460647583, 0.3585921823978424, 0.3522522449493408, 0.3572268486022949, 0.3455355763435364, 0.3406948149204254, 0.33795565366744995, 0.3322506844997406, 0.3213762640953064, 0.3149775266647339, 0.30565011501312256, 0.3033505380153656, 0.2984992265701294, 0.2936168909072876, 0.28930994868278503, 0.2855238914489746, 0.2807212173938751, 0.27745452523231506, 0.27511486411094666, 0.2705068290233612, 0.26583966612815857, 0.26021039485931396, 0.2548914849758148, 0.2526130676269531, 0.2504190504550934, 0.23975908756256104, 0.24076399207115173, 0.23576483130455017, 0.2300843894481659, 0.22945170104503632, 0.21827192604541779, 0.21365317702293396, 0.21415649354457855, 0.21034474670886993, 0.20831233263015747, 0.2225823700428009, 0.2021830976009369, 0.19397827982902527, 0.18750827014446259, 0.1878582239151001, 0.18970562517642975, 0.19179153442382812, 0.18172258138656616, 0.18367555737495422, 0.18475663661956787, 0.18278002738952637, 0.16447167098522186, 0.17774224281311035, 0.1707340031862259, 0.15562701225280762, 0.1778792291879654, 0.16588667035102844, 0.17241783440113068, 0.15152445435523987, 0.15395629405975342, 0.16188551485538483, 0.1559319794178009, 0.1664229780435562, 0.16629189252853394, 0.15764044225215912, 0.14707699418067932, 0.14801408350467682, 0.14167386293411255, 0.15805009007453918, 0.1434919536113739, 0.16103172302246094, 0.146275594830513, 0.12704604864120483, 0.14820794761180878, 0.13906732201576233, 0.15410856902599335, 0.12942637503147125, 0.16468016803264618, 0.1404946893453598, 0.12974579632282257, 0.1334511935710907, 0.11987040191888809, 0.1414429396390915, 0.14349457621574402, 0.13042640686035156, 0.12085098028182983, 0.12110249698162079, 0.12788578867912292, 0.12331899255514145, 0.13094782829284668, 0.11897888779640198, 0.1379910260438919, 0.12989655137062073, 0.12903442978858948, 0.12307188659906387, 0.1186215952038765, 0.1265246570110321, 0.11225242912769318, 0.11684785038232803, 0.11727964133024216, 0.13792464137077332, 0.10617243498563766, 0.11906853318214417, 0.10944762080907822, 0.10545122623443604, 0.13248787820339203, 0.10583143681287766, 0.09916383773088455, 0.11255748569965363, 0.12401589006185532, 0.11859217286109924, 0.10734088718891144, 0.1175505742430687, 0.14716072380542755, 0.10891027003526688, 0.10166812688112259, 0.10407612472772598, 0.09856828302145004, 0.10712188482284546, 0.11042747646570206, 0.11492138355970383, 0.0889197587966919, 0.1414775252342224, 0.12114985287189484, 0.10187206417322159, 0.09396174550056458, 0.08755689859390259, 0.1038956344127655, 0.1297989934682846, 0.10924233496189117] 
Training accuracy history = [0.711892306804657, 0.8148680925369263, 0.8320392966270447, 0.8358049988746643, 0.8391920924186707, 0.8428948521614075, 0.8453598618507385, 0.8413729667663574, 0.8479326367378235, 0.8504655957221985, 0.8523328900337219, 0.8551205992698669, 0.8607437014579773, 0.8647380471229553, 0.8672267198562622, 0.8688927292823792, 0.8719074130058289, 0.8735286593437195, 0.8764315247535706, 0.8787060379981995, 0.8803786635398865, 0.8815633654594421, 0.8821374773979187, 0.8848879337310791, 0.8865344524383545, 0.8887314796447754, 0.891038715839386, 0.8927618861198425, 0.8933065533638, 0.8976633548736572, 0.8978526592254639, 0.8995447754859924, 0.9028734564781189, 0.9030436873435974, 0.9069092273712158, 0.9093063473701477, 0.9083465933799744, 0.909896194934845, 0.9111368060112, 0.9043949246406555, 0.9138814210891724, 0.9173538684844971, 0.9202820062637329, 0.9202269315719604, 0.9194568991661072, 0.9185161590576172, 0.9232950806617737, 0.922661304473877, 0.9215309023857117, 0.9234880805015564, 0.9302933812141418, 0.9252696633338928, 0.9284276962280273, 0.9338796734809875, 0.9250646233558655, 0.9300083518028259, 0.927233099937439, 0.9356227517127991, 0.934120774269104, 0.9319754838943481, 0.9338445067405701, 0.9297130107879639, 0.9291849136352539, 0.9331063628196716, 0.9379191994667053, 0.9369781017303467, 0.9400901198387146, 0.933730959892273, 0.939448893070221, 0.9321598410606384, 0.9384667873382568, 0.945424497127533, 0.938386857509613, 0.941484808921814, 0.9356496930122375, 0.9449062943458557, 0.9308231472969055, 0.9405503273010254, 0.9451776146888733, 0.9434892535209656, 0.9491032361984253, 0.9408167004585266, 0.9404306411743164, 0.945642352104187, 0.949007511138916, 0.9488911032676697, 0.9462454915046692, 0.9481326937675476, 0.946454644203186, 0.9499051570892334, 0.9427312016487122, 0.945400059223175, 0.9459459781646729, 0.9483054280281067, 0.9494039416313171, 0.9469977021217346, 0.9524227976799011, 0.9504539966583252, 0.9508938789367676, 0.9423837065696716, 0.955340564250946, 0.9504390954971313, 0.9540788531303406, 0.9552130103111267, 0.9451444745063782, 0.9556487798690796, 0.9577032923698425, 0.953636884689331, 0.9482080936431885, 0.9504597783088684, 0.9546629190444946, 0.9508644938468933, 0.9388391971588135, 0.954062283039093, 0.9568673968315125, 0.9563674330711365, 0.9585230350494385, 0.9548861980438232, 0.9537917971611023, 0.9522645473480225, 0.961775541305542, 0.9428040981292725, 0.9493260383605957, 0.9569046497344971, 0.9599993228912354, 0.9623343348503113, 0.9560849070549011, 0.9454932808876038, 0.9538013339042664] 
Training f1 history = [0.7119016051292419, 0.8148913383483887, 0.8319596648216248, 0.8358511328697205, 0.8392750024795532, 0.8430304527282715, 0.8454149961471558, 0.8415033221244812, 0.847892165184021, 0.8499848246574402, 0.852144718170166, 0.8550682067871094, 0.8608404397964478, 0.8648427128791809, 0.8673048615455627, 0.8688658475875854, 0.8718551397323608, 0.8734918236732483, 0.8764268755912781, 0.8787713646888733, 0.8802456259727478, 0.8816628456115723, 0.8822384476661682, 0.8848844766616821, 0.8866131901741028, 0.8887214064598083, 0.8911359906196594, 0.892808198928833, 0.8931758403778076, 0.8975560665130615, 0.8979414105415344, 0.8995154500007629, 0.902944803237915, 0.9031006097793579, 0.9067652225494385, 0.9093710780143738, 0.908369779586792, 0.9099732041358948, 0.9111717343330383, 0.9043188691139221, 0.9139273166656494, 0.9173355102539062, 0.919949471950531, 0.9202632904052734, 0.9194437861442566, 0.918410062789917, 0.9233497977256775, 0.9224900007247925, 0.9215439558029175, 0.9234469532966614, 0.9303416609764099, 0.9252679944038391, 0.928450345993042, 0.9339338541030884, 0.9249587655067444, 0.9300606846809387, 0.9272621870040894, 0.9354420304298401, 0.9340014457702637, 0.9319431185722351, 0.9338556528091431, 0.9296873807907104, 0.9291780591011047, 0.9331054091453552, 0.937928318977356, 0.9369410276412964, 0.9400938153266907, 0.9337635636329651, 0.9394174218177795, 0.9322106838226318, 0.9384994506835938, 0.9454715251922607, 0.938430666923523, 0.9414625763893127, 0.9356973171234131, 0.944934070110321, 0.9307028651237488, 0.9405972361564636, 0.9452217817306519, 0.9434877634048462, 0.9491088390350342, 0.9407714605331421, 0.9404202103614807, 0.9456126689910889, 0.9490428566932678, 0.948928952217102, 0.946239173412323, 0.9481019377708435, 0.9464672207832336, 0.9499379992485046, 0.9425788521766663, 0.9454065561294556, 0.9459658265113831, 0.9483397603034973, 0.9494266510009766, 0.9470050930976868, 0.9523724913597107, 0.9504754543304443, 0.9507703185081482, 0.942429780960083, 0.9553121328353882, 0.9504821300506592, 0.9539247155189514, 0.9552468061447144, 0.9451766014099121, 0.9556073546409607, 0.957729160785675, 0.9536620378494263, 0.9482521414756775, 0.9504833817481995, 0.9546931982040405, 0.9508788585662842, 0.9388720989227295, 0.9540507793426514, 0.9567698240280151, 0.9563866853713989, 0.9584950804710388, 0.9549243450164795, 0.9538205862045288, 0.9523045420646667, 0.9617658257484436, 0.9428339004516602, 0.9493077993392944, 0.9569368362426758, 0.9599521160125732, 0.9622580409049988, 0.9561089277267456, 0.9455224275588989, 0.9537771940231323] 
--- 
Validation loss history = [0.48807239532470703, 0.4074135422706604, 0.3796273469924927, 0.36621496081352234, 0.3655277192592621, 0.3606380224227905, 0.3712705969810486, 0.35966041684150696, 0.3476138114929199, 0.3428748548030853, 0.34466928243637085, 0.3256344199180603, 0.315522700548172, 0.30652227997779846, 0.3122626841068268, 0.3041863739490509, 0.3099762499332428, 0.3100796639919281, 0.2970174252986908, 0.31163346767425537, 0.32026469707489014, 0.3020320534706116, 0.3015846014022827, 0.2884804606437683, 0.2938773036003113, 0.29142579436302185, 0.299902081489563, 0.29257792234420776, 0.2814057469367981, 0.28723135590553284, 0.29033687710762024, 0.2865375578403473, 0.29889559745788574, 0.29977917671203613, 0.2941257357597351, 0.29594799876213074, 0.29920855164527893, 0.3022397756576538, 0.29062989354133606, 0.3042653203010559, 0.2943800091743469, 0.3166375756263733, 0.343555748462677, 0.3407670259475708, 0.3290427625179291, 0.31676673889160156, 0.31857702136039734, 0.325898140668869, 0.3140430450439453, 0.33935442566871643, 0.32414233684539795, 0.34114789962768555, 0.3137732148170471, 0.3350068926811218, 0.34369969367980957, 0.33944782614707947, 0.329683780670166, 0.3376840353012085, 0.3353526294231415, 0.3049882650375366, 0.34229132533073425, 0.36795225739479065, 0.3253383934497833, 0.33643388748168945, 0.3825773298740387, 0.35202085971832275, 0.3576348125934601, 0.35946598649024963, 0.3478465974330902, 0.34376806020736694, 0.3571068048477173, 0.3702535033226013, 0.36128294467926025, 0.40526729822158813, 0.3186195492744446, 0.3750230073928833, 0.3443233370780945, 0.39729028940200806, 0.3333963453769684, 0.4205777049064636, 0.4143601059913635, 0.38389062881469727, 0.33895838260650635, 0.4039476215839386, 0.42823994159698486, 0.461070716381073, 0.3516741394996643, 0.4125533103942871, 0.42251208424568176, 0.4216100573539734, 0.3658578395843506, 0.39339953660964966, 0.39174652099609375, 0.41379597783088684, 0.40140968561172485, 0.4155750870704651, 0.4330177903175354, 0.36278384923934937, 0.4108794331550598, 0.41743379831314087, 0.46621403098106384, 0.3837173283100128, 0.4297180473804474, 0.427246630191803, 0.44700366258621216, 0.4663655459880829, 0.5675379633903503, 0.4001534581184387, 0.44986602663993835, 0.4269643723964691, 0.45084694027900696, 0.40348684787750244, 0.3900783360004425, 0.43441855907440186, 0.4386845529079437, 0.48905739188194275, 0.5051941871643066, 0.3710618317127228, 0.44717979431152344, 0.4171206057071686, 0.450412392616272, 0.35260558128356934, 0.43141138553619385, 0.47606176137924194, 0.44961708784103394, 0.5192177891731262, 0.3548634648323059, 0.3934018611907959, 0.32078564167022705] 
Validation accuracy history = [0.7775057554244995, 0.8140137195587158, 0.8237834572792053, 0.8332290053367615, 0.828277051448822, 0.835270881652832, 0.823086678981781, 0.8361949324607849, 0.8410090208053589, 0.8435986042022705, 0.8455361723899841, 0.8519375324249268, 0.8568745851516724, 0.8609359860420227, 0.8601423501968384, 0.8607385158538818, 0.8631194829940796, 0.8585215210914612, 0.86618971824646, 0.86045902967453, 0.8518481254577637, 0.8636671900749207, 0.8646061420440674, 0.8714248538017273, 0.8678552508354187, 0.8683545589447021, 0.8664356470108032, 0.8678515553474426, 0.8752179741859436, 0.8719725608825684, 0.8719837665557861, 0.8732431530952454, 0.8661301136016846, 0.8692004084587097, 0.8706088662147522, 0.8662530779838562, 0.8650122880935669, 0.8658432364463806, 0.8734704256057739, 0.8604776859283447, 0.8734294772148132, 0.8721067309379578, 0.8678888082504272, 0.8612899780273438, 0.8673112988471985, 0.8663946390151978, 0.8711640238761902, 0.8678328990936279, 0.8662158250808716, 0.8652135133743286, 0.8685110807418823, 0.8685185313224792, 0.8695655465126038, 0.8694388270378113, 0.8711342215538025, 0.8653029203414917, 0.8669573068618774, 0.8695916533470154, 0.868634045124054, 0.8729786276817322, 0.8647514581680298, 0.8450368642807007, 0.8718942999839783, 0.8704560995101929, 0.8629778623580933, 0.8615657091140747, 0.8679856657981873, 0.8645241856575012, 0.8584358096122742, 0.8694686889648438, 0.8690438866615295, 0.86510169506073, 0.864363968372345, 0.8655861020088196, 0.8683657646179199, 0.8684589266777039, 0.8654705882072449, 0.8642521500587463, 0.8656047582626343, 0.8618600368499756, 0.8654780387878418, 0.8713540434837341, 0.8667486310005188, 0.8608428239822388, 0.8682800531387329, 0.8686712980270386, 0.8689581751823425, 0.8647738099098206, 0.8724122643470764, 0.8670206665992737, 0.8705641031265259, 0.8643341660499573, 0.8626946806907654, 0.8643900156021118, 0.8686004877090454, 0.8614911437034607, 0.8675050139427185, 0.8661189079284668, 0.8669386506080627, 0.861085057258606, 0.8625456690788269, 0.8644124269485474, 0.8594753742218018, 0.8625903725624084, 0.868723452091217, 0.8618376851081848, 0.8629927635192871, 0.8540167212486267, 0.865273118019104, 0.8653141260147095, 0.8575899600982666, 0.8623108863830566, 0.8639578223228455, 0.8607198596000671, 0.8647440075874329, 0.8616290092468262, 0.8623742461204529, 0.8637863993644714, 0.8648520708084106, 0.8691295981407166, 0.868358314037323, 0.8682875037193298, 0.8549556732177734, 0.8572360277175903, 0.870545506477356, 0.8653774261474609, 0.8707839846611023, 0.8725948333740234, 0.8670430183410645] 
Validation f1 history = [0.7792686820030212, 0.8154930472373962, 0.8245061635971069, 0.8342222571372986, 0.8296493291854858, 0.8366144895553589, 0.8245035409927368, 0.8370985388755798, 0.8420793414115906, 0.8448704481124878, 0.8468073606491089, 0.8531853556632996, 0.8579356670379639, 0.8620901107788086, 0.8613029718399048, 0.8618301749229431, 0.8642545938491821, 0.8593119382858276, 0.867266058921814, 0.8616169095039368, 0.8530484437942505, 0.8647974729537964, 0.8657124042510986, 0.8724879622459412, 0.8689173460006714, 0.8694441914558411, 0.867510199546814, 0.8688816428184509, 0.8762483596801758, 0.8730471730232239, 0.8730424046516418, 0.8743070363998413, 0.8671430945396423, 0.870250940322876, 0.8716634511947632, 0.8673770427703857, 0.8659869432449341, 0.8669548034667969, 0.8744838833808899, 0.8616195917129517, 0.8744592070579529, 0.8731319308280945, 0.8689985871315002, 0.8624407052993774, 0.8683781027793884, 0.8675014972686768, 0.8721975088119507, 0.8689111471176147, 0.867292046546936, 0.8663303852081299, 0.869583785533905, 0.8695910573005676, 0.8706607222557068, 0.8705192804336548, 0.8721839189529419, 0.8664031624794006, 0.8680269718170166, 0.870670735836029, 0.8697053790092468, 0.8736924529075623, 0.8658723831176758, 0.8462961912155151, 0.8728734850883484, 0.8715277910232544, 0.864034116268158, 0.8626984357833862, 0.869062602519989, 0.8655988574028015, 0.8595313429832458, 0.870532751083374, 0.8700959086418152, 0.8662036061286926, 0.8654560446739197, 0.8666837215423584, 0.8693917393684387, 0.8695318102836609, 0.8665530681610107, 0.8653774857521057, 0.8666543364524841, 0.8629897832870483, 0.8665768504142761, 0.872402012348175, 0.8676282167434692, 0.8619977235794067, 0.869354248046875, 0.869774341583252, 0.8700427412986755, 0.8658785820007324, 0.8734669089317322, 0.8681220412254333, 0.8716188073158264, 0.8654108047485352, 0.8638334274291992, 0.8654980659484863, 0.8695281744003296, 0.8626242876052856, 0.8686020970344543, 0.867131769657135, 0.8680408596992493, 0.8622536063194275, 0.8637017607688904, 0.8655363917350769, 0.8606261610984802, 0.8637460470199585, 0.869826078414917, 0.8629356026649475, 0.8641290664672852, 0.8550702333450317, 0.866405725479126, 0.8664303421974182, 0.8587887287139893, 0.8634210228919983, 0.8646374344825745, 0.861875593662262, 0.8658810257911682, 0.8627929091453552, 0.8635319471359253, 0.8648995161056519, 0.8659723401069641, 0.8701968789100647, 0.8693041801452637, 0.869377851486206, 0.8561612963676453, 0.858421802520752, 0.8716006278991699, 0.8656448125839233, 0.8718687891960144, 0.8736639618873596, 0.8681602478027344] 
--- 
Radius of the CI = 0.013096123909068311 
True classification of the model is likely between 0.8509627282866714 and 0.8771549761048081 
--- 
Test accuracy = 0.8640588521957397 
Confusion matrix (0 | 1) = 
 [[202205  32548]
 [ 31831 206996]] 
--- 
