This file contains information about the lstm model 
Analysis directory = C:\Users\cdetr\Documents\GitHub\nomics\nomics-AI/data/valid_invalid_analysis 
--- 
Segmentation value = 300.0 
Downsampling value = 1.0 
Signal frequency = 1.0 Hz 
Batch size = 16 
Standard scale = 0 
Stateful = 0 
Sliding window = 1 
Center of interest = 180 
Full sequence = 0 
Return sequences = 0 
Data balancing = 0 
--- 
Log time = 14-05-2022 09-05-24 
--- 
Num of epochs = 100, early stop after 80 epochs 
Epochs training computation time history (in sec) = [36.92403531074524, 27.980998992919922, 27.967999935150146, 27.184997081756592, 27.743000507354736, 27.6239972114563, 26.546000719070435, 26.468996286392212, 27.823000192642212, 28.56400179862976, 28.164998769760132, 27.793999671936035, 27.66699528694153, 27.72099781036377, 29.027997970581055, 29.33900237083435, 29.311997175216675, 29.59299945831299, 29.08799934387207, 28.903001070022583, 28.99500036239624, 29.024001121520996, 28.978001356124878, 29.43500065803528, 29.064000606536865, 29.23499608039856, 29.02899694442749, 28.516002655029297, 28.578997373580933, 28.795019149780273, 28.02399706840515, 27.673998594284058, 27.94199800491333, 29.490001916885376, 29.05299973487854, 29.47699761390686, 29.850003242492676, 30.587998867034912, 30.264998197555542, 29.636000633239746, 29.90500020980835, 29.42700171470642, 30.02900218963623, 29.544999599456787, 29.899001359939575, 29.409000396728516, 29.177999258041382, 29.63699698448181, 29.84099841117859, 30.364001035690308, 32.06500029563904, 30.718002319335938, 29.897998332977295, 30.211997985839844, 30.119998693466187, 29.57799792289734, 30.648998260498047, 30.651998281478882, 30.85400104522705, 30.35999870300293, 29.836998462677002, 29.515997648239136, 30.10799789428711, 30.50000262260437, 29.294999837875366, 29.27099871635437, 29.995004653930664, 28.877999782562256, 29.117994785308838, 28.615002155303955, 29.783997297286987, 28.79200053215027, 28.71800184249878, 29.483999252319336, 29.336998224258423, 29.554999113082886, 29.272998809814453, 28.771997451782227, 33.13799738883972, 32.62599992752075] 
Epochs training computation time mean (in sec) = 29.375475081801415 
--- 
Training loss history = [0.11765072494745255, 0.0863349586725235, 0.08342808485031128, 0.06481998413801193, 0.058192234486341476, 0.05787283182144165, 0.059893056750297546, 0.05331236496567726, 0.04962463304400444, 0.05831218883395195, 0.049870118498802185, 0.04556480422616005, 0.04123767837882042, 0.038826387375593185, 0.042097192257642746, 0.03691058233380318, 0.03287392109632492, 0.031244292855262756, 0.03092333860695362, 0.032348956912755966, 0.026543039828538895, 0.023279527202248573, 0.023912696167826653, 0.026919420808553696, 0.02196221612393856, 0.029145026579499245, 0.026957165449857712, 0.03447796404361725, 0.02834416925907135, 0.02946162037551403, 0.03512408956885338, 0.024663371965289116, 0.02343597076833248, 0.021187014877796173, 0.02594706602394581, 0.02594471536576748, 0.023501800373196602, 0.02259877510368824, 0.018329307436943054, 0.023233359679579735, 0.019507192075252533, 0.022039877250790596, 0.019412046298384666, 0.01881110854446888, 0.018687201663851738, 0.02560240961611271, 0.01648537442088127, 0.018037064000964165, 0.022137589752674103, 0.01734219305217266, 0.01950220577418804, 0.019196439534425735, 0.01622818224132061, 0.023369820788502693, 0.019408518448472023, 0.019445771351456642, 0.014932767488062382, 0.015196176245808601, 0.024176424369215965, 0.01935829408466816, 0.01552539225667715, 0.01722237467765808, 0.01724901795387268, 0.021958475932478905, 0.01479174755513668, 0.014819026924669743, 0.015748344361782074, 0.01631484180688858, 0.016252025961875916, 0.015104372054338455, 0.015433978289365768, 0.014625131152570248, 0.012055860832333565, 0.017574021592736244, 0.01502299401909113, 0.016280485317111015, 0.014650424011051655, 0.019961616024374962, 0.015533776953816414, 0.013620900921523571] 
Training accuracy history = [0.9561797976493835, 0.9692259430885315, 0.9727215766906738, 0.9762796759605408, 0.977652907371521, 0.9785892367362976, 0.9782771468162537, 0.979026198387146, 0.9811485409736633, 0.9775280952453613, 0.979026198387146, 0.9822097420692444, 0.9836454391479492, 0.9843320846557617, 0.9847690463066101, 0.9862671494483948, 0.9888264536857605, 0.9887016415596008, 0.9896379709243774, 0.9895755052566528, 0.9903870224952698, 0.9927590489387512, 0.9913857579231262, 0.9910112619400024, 0.9924469590187073, 0.9920099973678589, 0.9921348094940186, 0.9905118346214294, 0.9921972751617432, 0.9905118346214294, 0.9894506931304932, 0.9921972751617432, 0.9918851256370544, 0.9924469590187073, 0.9915730357170105, 0.9899500608444214, 0.9915730357170105, 0.9917603135108948, 0.9935705661773682, 0.991947591304779, 0.9927590489387512, 0.9923844933509827, 0.9931336045265198, 0.9930711388587952, 0.9931960105895996, 0.9933208227157593, 0.994194746017456, 0.9938826560974121, 0.9928839206695557, 0.9942571520805359, 0.9933832883834839, 0.9933832883834839, 0.9948189854621887, 0.9927590489387512, 0.9938826560974121, 0.9935081005096436, 0.9951310753822327, 0.995006263256073, 0.9940699338912964, 0.9934456944465637, 0.9948813915252686, 0.9948189854621887, 0.9949437975883484, 0.9935081005096436, 0.9948813915252686, 0.9951934814453125, 0.9953807592391968, 0.9955056309700012, 0.9947565793991089, 0.9953183531761169, 0.9953807592391968, 0.9953183531761169, 0.9963170886039734, 0.9951934814453125, 0.9948813915252686, 0.9950686693191528, 0.9951934814453125, 0.9942571520805359, 0.9951310753822327, 0.995568037033081] 
Training f1 history = [0.95621258020401, 0.9690618515014648, 0.9727420210838318, 0.9762973785400391, 0.9774825572967529, 0.9782310128211975, 0.9782934188842773, 0.9790419340133667, 0.9811626672744751, 0.977544903755188, 0.9790419340133667, 0.9822230339050293, 0.9834705591201782, 0.9843438267707825, 0.9847804307937622, 0.9862774610519409, 0.9886476993560791, 0.9887101054191589, 0.9896457195281982, 0.9895833134651184, 0.9903942346572876, 0.9927644729614258, 0.991205096244812, 0.9910179376602173, 0.9924526214599609, 0.9920159578323364, 0.9921407103538513, 0.9905189871788025, 0.9922031164169312, 0.9905189871788025, 0.9894585609436035, 0.9922031164169312, 0.9918912053108215, 0.9924526214599609, 0.9915793538093567, 0.9899575710296631, 0.9915793538093567, 0.9917664527893066, 0.9935753345489502, 0.9919536113739014, 0.9925773739814758, 0.9923902153968811, 0.9931387305259705, 0.9930763244628906, 0.9932010769844055, 0.9933258295059204, 0.9941990971565247, 0.9938872456550598, 0.9928892254829407, 0.9942615032196045, 0.9933882355690002, 0.9933882355690002, 0.9948228597640991, 0.9927644729614258, 0.9938872456550598, 0.9935129880905151, 0.995134711265564, 0.9950099587440491, 0.9940743446350098, 0.9934505820274353, 0.9948852062225342, 0.9948228597640991, 0.994947612285614, 0.9935129880905151, 0.9948852062225342, 0.9951971173286438, 0.9953842163085938, 0.9955089688301086, 0.9947604537010193, 0.9953218698501587, 0.9953842163085938, 0.9953218698501587, 0.9963198900222778, 0.9951971173286438, 0.9948852062225342, 0.9950723648071289, 0.9951971173286438, 0.9942615032196045, 0.995134711265564, 0.9955713748931885] 
--- 
Validation loss history = [0.10069191455841064, 0.1100296676158905, 0.06428167223930359, 0.06808953732252121, 0.05495109036564827, 0.04657808691263199, 0.061315618455410004, 0.048419613391160965, 0.05697355419397354, 0.044884033501148224, 0.038695938885211945, 0.06043966859579086, 0.044410645961761475, 0.041530873626470566, 0.035449206829071045, 0.025547312572598457, 0.027697211131453514, 0.03569166734814644, 0.029825635254383087, 0.043578822165727615, 0.022951442748308182, 0.02773057296872139, 0.022787515074014664, 0.017952533438801765, 0.023059474304318428, 0.018787654116749763, 0.015699684619903564, 0.016358962282538414, 0.017724761739373207, 0.024724435061216354, 0.024698181077837944, 0.018994778394699097, 0.01715821400284767, 0.014244815334677696, 0.02016783505678177, 0.01998121477663517, 0.018801826983690262, 0.018822822719812393, 0.023422181606292725, 0.021631116047501564, 0.02219994179904461, 0.01946607232093811, 0.02283652313053608, 0.0142141692340374, 0.016236774623394012, 0.013078047893941402, 0.016968611627817154, 0.01585308276116848, 0.02068888023495674, 0.015530137345194817, 0.02166733704507351, 0.021236058324575424, 0.01598740555346012, 0.021071821451187134, 0.01862279511988163, 0.013946419581770897, 0.015164071694016457, 0.01754954643547535, 0.016930576413869858, 0.011881811544299126, 0.01376427710056305, 0.011313836090266705, 0.017559118568897247, 0.01707799732685089, 0.012179751880466938, 0.013051161542534828, 0.014282791875302792, 0.01346762664616108, 0.01515369676053524, 0.018604081124067307, 0.013676498085260391, 0.013068433851003647, 0.019792994484305382, 0.02368338778614998, 0.01669810526072979, 0.015796074643731117, 0.048154909163713455, 0.016929777339100838, 0.023199399933218956, 0.019620059058070183] 
Validation accuracy history = [0.9561797976493835, 0.9724718928337097, 0.9780898690223694, 0.9702247381210327, 0.9797753095626831, 0.9719101190567017, 0.9764044880867004, 0.9741572737693787, 0.9825842976570129, 0.9719101190567017, 0.9803370833396912, 0.9730337262153625, 0.9853932857513428, 0.9808988571166992, 0.9876404404640198, 0.9910112619400024, 0.9887640476226807, 0.9904494285583496, 0.9926966428756714, 0.9758427143096924, 0.9938202500343323, 0.9876404404640198, 0.9915730357170105, 0.9926966428756714, 0.9921348094940186, 0.9932584166526794, 0.9955056309700012, 0.9938202500343323, 0.9943820238113403, 0.9910112619400024, 0.9910112619400024, 0.9910112619400024, 0.9926966428756714, 0.9955056309700012, 0.9910112619400024, 0.9893258213996887, 0.9943820238113403, 0.9921348094940186, 0.9943820238113403, 0.9921348094940186, 0.9921348094940186, 0.9938202500343323, 0.9910112619400024, 0.9960674047470093, 0.9938202500343323, 0.9960674047470093, 0.9943820238113403, 0.9949437975883484, 0.9926966428756714, 0.9943820238113403, 0.9926966428756714, 0.9943820238113403, 0.9949437975883484, 0.9915730357170105, 0.9966292381286621, 0.9949437975883484, 0.9971910119056702, 0.9932584166526794, 0.9915730357170105, 0.9966292381286621, 0.9938202500343323, 0.9966292381286621, 0.9949437975883484, 0.9915730357170105, 0.9960674047470093, 0.9966292381286621, 0.9960674047470093, 0.9960674047470093, 0.9966292381286621, 0.9960674047470093, 0.9960674047470093, 0.9966292381286621, 0.9960674047470093, 0.9932584166526794, 0.9943820238113403, 0.9960674047470093, 0.9938202500343323, 0.9926966428756714, 0.9910112619400024, 0.9921348094940186] 
Validation f1 history = [0.9564732313156128, 0.97265625, 0.9782366156578064, 0.9704241156578064, 0.9799107313156128, 0.9720982313156128, 0.9765625, 0.9743303656578064, 0.9827008843421936, 0.9720982313156128, 0.98046875, 0.9732142686843872, 0.9854910969734192, 0.9793526530265808, 0.9877232313156128, 0.9910714030265808, 0.9888392686843872, 0.9905133843421936, 0.9927455186843872, 0.9760044813156128, 0.9921875, 0.9877232313156128, 0.9899553656578064, 0.9927455186843872, 0.9905133843421936, 0.9933035969734192, 0.9955357313156128, 0.9938616156578064, 0.9944196343421936, 0.9910714030265808, 0.9910714030265808, 0.9910714030265808, 0.9927455186843872, 0.9955357313156128, 0.9910714030265808, 0.9893973469734192, 0.9944196343421936, 0.9921875, 0.9944196343421936, 0.9921875, 0.9921875, 0.9938616156578064, 0.9910714030265808, 0.99609375, 0.9938616156578064, 0.99609375, 0.9944196343421936, 0.9949776530265808, 0.9927455186843872, 0.9944196343421936, 0.9927455186843872, 0.9944196343421936, 0.9933035969734192, 0.9916294813156128, 0.9966517686843872, 0.9949776530265808, 0.9972098469734192, 0.9933035969734192, 0.9916294813156128, 0.9966517686843872, 0.9938616156578064, 0.9966517686843872, 0.9949776530265808, 0.9916294813156128, 0.99609375, 0.9966517686843872, 0.99609375, 0.99609375, 0.9966517686843872, 0.99609375, 0.99609375, 0.9966517686843872, 0.99609375, 0.9933035969734192, 0.9944196343421936, 0.99609375, 0.9938616156578064, 0.9927455186843872, 0.9910714030265808, 0.9921875] 
--- 
Radius of the CI = 0.0020603172947375958 
True classification of the model is likely between 0.9929969675372632 and 0.9971176021267383 
--- 
Test accuracy = 0.9950572848320007 
Confusion matrix (0 | 1) = 
 [[2023   10]
 [  12 2406]] 
--- 
