This file contains information about the lstm model 
Analysis directory = C:\Users\cdetr\Documents\GitHub\nomics\jawac_processing_nomics/data/valid_invalid_analysis 
--- 
Segmentation value = 120.0 
Downsampling value = 1.0 
Signal frequency = 1.0 Hz 
Batch size = 16 
Standard scale = 0 
Stateful = 0 
Sliding window = 1 
Center of interest = 60 
Full sequence = 0 
Return sequences = 0 
Data balancing = 0 
--- 
Log time = 18-04-2022 11-21-01 
--- 
Num of epochs = 100, early stop after 53 epochs 
Epochs training computation time history (in sec) = [54.246161460876465, 49.70120310783386, 48.299827098846436, 48.143537282943726, 49.35298418998718, 47.18247747421265, 49.512463092803955, 51.795385122299194, 48.898067235946655, 48.766528367996216, 53.67626953125, 55.15905785560608, 54.2808575630188, 56.05428981781006, 50.33389902114868, 50.745211124420166, 53.25564527511597, 54.369587421417236, 55.01562190055847, 56.10901141166687, 60.2139778137207, 60.12342166900635, 56.38491916656494, 51.25322389602661, 53.2691810131073, 53.097294330596924, 53.750091552734375, 51.646486043930054, 52.45304250717163, 51.00350856781006, 48.68348979949951, 47.93358564376831, 51.28461718559265, 51.68241095542908, 53.41874313354492, 56.51505374908447, 56.946189880371094, 57.35045409202576, 52.63122487068176, 53.355260372161865, 53.946048736572266, 54.079323530197144, 49.72470664978027, 50.85596823692322, 54.44773864746094, 52.426451444625854, 52.699196100234985, 53.014686584472656, 51.8314049243927, 48.654886960983276, 50.337722301483154, 51.36084318161011, 54.439850091934204] 
Epochs training computation time mean (in sec) = 52.56062432055204 
--- 
Training loss history = [0.08174680173397064, 0.04822559282183647, 0.0315459780395031, 0.025583775714039803, 0.024186160415410995, 0.024231629446148872, 0.023022981360554695, 0.022034743800759315, 0.022186413407325745, 0.020889831706881523, 0.02054492011666298, 0.019988637417554855, 0.019162161275744438, 0.01909337006509304, 0.01736779883503914, 0.018351884558796883, 0.017499256879091263, 0.017588570713996887, 0.019084440544247627, 0.018312964588403702, 0.016952866688370705, 0.017204497009515762, 0.016845665872097015, 0.017136914655566216, 0.01957627572119236, 0.018153222277760506, 0.015690289437770844, 0.015243703499436378, 0.01722259446978569, 0.016178879886865616, 0.01694846898317337, 0.016020605340600014, 0.01616646908223629, 0.015994548797607422, 0.014928949996829033, 0.015420087613165379, 0.01423877477645874, 0.015426603145897388, 0.014722474850714207, 0.01479538343846798, 0.014606736600399017, 0.01430544164031744, 0.019971074536442757, 0.015308123081922531, 0.016561387106776237, 0.015338955447077751, 0.01483874674886465, 0.014716602861881256, 0.014413639903068542, 0.014439096674323082, 0.016515489667654037, 0.014167225919663906, 0.014147663488984108] 
Training accuracy history = [0.9690506458282471, 0.9823944568634033, 0.9897387027740479, 0.9919937252998352, 0.9923867583274841, 0.9926764369010925, 0.99234539270401, 0.9935452938079834, 0.992924690246582, 0.9934625625610352, 0.9935867190361023, 0.9938142895698547, 0.9940625429153442, 0.9939797520637512, 0.9947038292884827, 0.9941039085388184, 0.9946210980415344, 0.9947452545166016, 0.9938142895698547, 0.9944969415664673, 0.9949520826339722, 0.9948486685752869, 0.9951176047325134, 0.9950969219207764, 0.9936694502830505, 0.9942280054092407, 0.9952831268310547, 0.9952417612075806, 0.9946831464767456, 0.9944348931312561, 0.9946004152297974, 0.9950141906738281, 0.9952624440193176, 0.9949727654457092, 0.9956554770469666, 0.9956347942352295, 0.9957796335220337, 0.9953038096427917, 0.9955520629882812, 0.9950969219207764, 0.9954900145530701, 0.9956969022750854, 0.9937521815299988, 0.995407223701477, 0.995407223701477, 0.99538654088974, 0.9955934286117554, 0.9957382678985596, 0.9955313801765442, 0.9957796335220337, 0.9949520826339722, 0.9959865212440491, 0.9960278868675232] 
Training f1 history = [0.9690602421760559, 0.9823998808860779, 0.9897419214248657, 0.991996169090271, 0.9923891425132751, 0.992678701877594, 0.992347776889801, 0.9935473203659058, 0.9929268956184387, 0.9934645891189575, 0.9935886859893799, 0.9938161969184875, 0.9940643906593323, 0.993981659412384, 0.9947054982185364, 0.9941056966781616, 0.9946227669715881, 0.9947468638420105, 0.9938161969184875, 0.9944986701011658, 0.9949536919593811, 0.9948502779006958, 0.9951191544532776, 0.9950984716415405, 0.9936714172363281, 0.994229793548584, 0.9952845573425293, 0.9952431917190552, 0.9946848154067993, 0.9944366216659546, 0.9946020841598511, 0.9950157403945923, 0.9952638745307922, 0.9949743747711182, 0.9956568479537964, 0.9956361651420593, 0.9957809448242188, 0.9953052401542664, 0.9955534338951111, 0.9950984716415405, 0.9954913854598999, 0.9956982135772705, 0.9937541484832764, 0.9954086542129517, 0.9954086542129517, 0.9953879714012146, 0.9955947995185852, 0.9957395792007446, 0.995532751083374, 0.9957809448242188, 0.9949536919593811, 0.9959877729415894, 0.9960291385650635] 
--- 
Validation loss history = [0.03924110159277916, 0.04000473394989967, 0.01792161911725998, 0.013572347350418568, 0.014975102618336678, 0.010284757241606712, 0.012689422816038132, 0.017367742955684662, 0.019085869193077087, 0.01480153575539589, 0.012529747560620308, 0.014674470759928226, 0.011699572205543518, 0.01028786227107048, 0.01050561759620905, 0.01079079881310463, 0.012370245531201363, 0.011249377392232418, 0.013628632761538029, 0.011382201686501503, 0.009774882346391678, 0.008514336310327053, 0.008755823597311974, 0.01169775053858757, 0.016517076641321182, 0.013397232629358768, 0.009241943247616291, 0.011834320612251759, 0.012103489600121975, 0.00962962955236435, 0.008970748633146286, 0.01067395694553852, 0.005639251787215471, 0.012112538330256939, 0.013055666349828243, 0.01099599152803421, 0.012165996246039867, 0.010545261204242706, 0.010688239708542824, 0.0112112145870924, 0.011278541758656502, 0.013310123234987259, 0.011194921098649502, 0.012786808423697948, 0.010054784826934338, 0.013503885827958584, 0.01790347695350647, 0.011125415563583374, 0.015457688830792904, 0.012605994008481503, 0.018643438816070557, 0.013002541847527027, 0.02157880924642086] 
Validation accuracy history = [0.9802643656730652, 0.9845466613769531, 0.99478679895401, 0.9955315589904785, 0.9936696887016296, 0.9953453540802002, 0.9949730038642883, 0.9927387833595276, 0.9936696887016296, 0.9960901141166687, 0.9944144487380981, 0.9955315589904785, 0.9964624643325806, 0.9959039092063904, 0.996276319026947, 0.9955315589904785, 0.9957177639007568, 0.996276319026947, 0.9955315589904785, 0.9959039092063904, 0.996276319026947, 0.9960901141166687, 0.9972072243690491, 0.996276319026947, 0.9960901141166687, 0.9949730038642883, 0.9960901141166687, 0.9964624643325806, 0.9951592087745667, 0.9964624643325806, 0.9968348741531372, 0.9960901141166687, 0.9975795745849609, 0.9953453540802002, 0.9960901141166687, 0.9960901141166687, 0.9966486692428589, 0.9951592087745667, 0.9968348741531372, 0.9957177639007568, 0.9959039092063904, 0.996276319026947, 0.9964624643325806, 0.9960901141166687, 0.9960901141166687, 0.9957177639007568, 0.993855893611908, 0.9970210194587708, 0.993855893611908, 0.9955315589904785, 0.9951592087745667, 0.9959039092063904, 0.9949730038642883] 
Validation f1 history = [0.9801136255264282, 0.9844764471054077, 0.9947916865348816, 0.9955357313156128, 0.9936755895614624, 0.9953497052192688, 0.9949776530265808, 0.9927455186843872, 0.9936755895614624, 0.99609375, 0.9944196343421936, 0.9955357313156128, 0.996465802192688, 0.995907723903656, 0.996279776096344, 0.9955357313156128, 0.995721697807312, 0.996279776096344, 0.9955357313156128, 0.995907723903656, 0.996279776096344, 0.99609375, 0.9972098469734192, 0.996279776096344, 0.99609375, 0.9949776530265808, 0.99609375, 0.996465802192688, 0.9951636791229248, 0.996465802192688, 0.9968377947807312, 0.99609375, 0.9975818395614624, 0.9953497052192688, 0.99609375, 0.99609375, 0.9966517686843872, 0.9951636791229248, 0.9968377947807312, 0.995721697807312, 0.995907723903656, 0.996279776096344, 0.996465802192688, 0.99609375, 0.99609375, 0.995721697807312, 0.9938616156578064, 0.9970238208770752, 0.9938616156578064, 0.9955357313156128, 0.9951636791229248, 0.995907723903656, 0.9949776530265808] 
--- 
Radius of the CI = 0.0010997397529006199 
True classification of the model is likely between 0.9946550982369065 and 0.9968545777427078 
--- 
Test accuracy = 0.9957548379898071 
Confusion matrix (0 | 1) = 
 [[6190   46]
 [  11 7180]] 
--- 
