This file contains information about the lstm model 
Analysis directory = C:\Users\cdetr\My Drive\master\Documents\nomics\jawac_processing_nomics/data/awake_sleep_analysis 
--- 
Segmentation value = 180.0 
Downsampling value = 1.0 
Signal frequency = 1.0 Hz 
Batch size = 32 
Standard scale = 0 
Stateful = 0 
Sliding window = 1 
Center of interest = 60 
Full sequence = 0 
Data balancing = 1 
--- 
Log time = 27-03-2022 14-44-24 
--- 
Num of epochs = 100, early stop after 100 epochs 
Epochs training computation time history (in sec) = [41.358182430267334, 29.550846576690674, 29.172832012176514, 29.981083393096924, 30.706461429595947, 31.00418210029602, 30.045459032058716, 30.626961946487427, 31.995082139968872, 30.803900957107544, 29.062129020690918, 26.970162868499756, 27.605703592300415, 27.831650257110596, 28.371927499771118, 31.155815839767456, 31.717463970184326, 31.755869388580322, 30.534118175506592, 31.707061052322388, 30.996968269348145, 30.39278244972229, 31.177204370498657, 29.68537926673889, 27.417566061019897, 27.54282283782959, 28.36690044403076, 28.29486918449402, 28.733246326446533, 31.3271586894989, 28.780707597732544, 27.686652421951294, 31.278028964996338, 31.510111570358276, 30.47815465927124, 30.21189045906067, 30.802431106567383, 30.972373962402344, 29.12248706817627, 28.066052436828613, 27.68763542175293, 27.038976192474365, 29.7546865940094, 31.563092708587646, 31.78364896774292, 29.357540130615234, 27.41182541847229, 27.335375785827637, 27.4200439453125, 30.549742221832275, 27.828980922698975, 28.352844715118408, 29.98093557357788, 31.778416633605957, 31.50499391555786, 30.952674627304077, 32.02741622924805, 31.53648090362549, 30.1145658493042, 30.48544192314148, 30.83405900001526, 28.70613932609558, 30.70264506340027, 32.035744428634644, 30.569402933120728, 27.514639616012573, 27.471861362457275, 27.722936391830444, 27.258670568466187, 27.282301902770996, 27.414039373397827, 27.063488721847534, 28.84432029724121, 31.36090064048767, 32.03116822242737, 31.524828910827637, 30.670366525650024, 28.135164737701416, 28.277860403060913, 27.692970514297485, 27.188047647476196, 30.08801031112671, 32.49863028526306, 32.2677845954895, 31.832675457000732, 31.882417678833008, 29.30040454864502, 27.242833614349365, 28.38061833381653, 27.72523856163025, 28.283631086349487, 28.70306134223938, 27.77662205696106, 31.308738946914673, 31.824422121047974, 31.668232202529907, 30.05450677871704, 31.436306715011597, 31.7678542137146, 32.218283891677856] 
Epochs training computation time mean (in sec) = 29.85827829837799 
--- 
Training loss history = [0.6637802124023438, 0.6104581952095032, 0.50542151927948, 0.40749335289001465, 0.3714647889137268, 0.35096845030784607, 0.3426096737384796, 0.33730053901672363, 0.331805944442749, 0.32917478680610657, 0.32330477237701416, 0.3219526708126068, 0.31586024165153503, 0.3047735393047333, 0.27954092621803284, 0.2683490514755249, 0.2569495439529419, 0.2503337264060974, 0.26054662466049194, 0.24621014297008514, 0.23834228515625, 0.23747311532497406, 0.2321958690881729, 0.2240227907896042, 0.22244639694690704, 0.2175196260213852, 0.218935027718544, 0.21206490695476532, 0.20518134534358978, 0.2022172212600708, 0.1983061134815216, 0.19549314677715302, 0.2572025656700134, 0.21970728039741516, 0.2034386247396469, 0.19056984782218933, 0.18644382059574127, 0.18507134914398193, 0.17690123617649078, 0.17206330597400665, 0.17133796215057373, 0.17756600677967072, 0.17457817494869232, 0.18132874369621277, 0.17124278843402863, 0.18178687989711761, 0.17072910070419312, 0.17243394255638123, 0.17114447057247162, 0.16225340962409973, 0.1638510674238205, 0.16732986271381378, 0.16503486037254333, 0.1504054069519043, 0.14842939376831055, 0.14681190252304077, 0.1426371932029724, 0.15654785931110382, 0.13907800614833832, 0.14680878818035126, 0.1446492224931717, 0.13274376094341278, 0.13565142452716827, 0.14163118600845337, 0.13507255911827087, 0.4274688959121704, 0.38497158885002136, 0.3421821892261505, 0.2821541428565979, 0.2334037721157074, 0.19980919361114502, 0.16144588589668274, 0.13972873985767365, 0.1707126498222351, 0.13838642835617065, 0.12858745455741882, 0.13155332207679749, 0.12264006584882736, 0.11288990825414658, 0.12020868808031082, 0.1446249634027481, 0.11596779525279999, 0.1235034391283989, 0.10381506383419037, 0.11584220081567764, 0.1026662066578865, 0.10042381286621094, 0.09936617314815521, 0.1356392502784729, 0.10081165283918381, 0.10417792201042175, 0.09043465554714203, 0.08973986655473709, 0.5878368616104126, 0.6387065052986145, 0.6306613683700562, 0.6280693411827087, 0.6169281601905823, 0.6329526305198669, 0.6448534727096558] 
Training accuracy history = [0.5925844311714172, 0.6779681444168091, 0.7533090710639954, 0.8210175633430481, 0.8376885652542114, 0.848434329032898, 0.8499407768249512, 0.8533552885055542, 0.8568702936172485, 0.8572518825531006, 0.8606061935424805, 0.8592403531074524, 0.8644626140594482, 0.8702070713043213, 0.8812742233276367, 0.8879626989364624, 0.8937072157859802, 0.8958964943885803, 0.8908951878547668, 0.8984473943710327, 0.9010584950447083, 0.9028059244155884, 0.9038302898406982, 0.9081286191940308, 0.9079880118370056, 0.9104786515235901, 0.9097555875778198, 0.9142748117446899, 0.916544497013092, 0.9176291227340698, 0.9206821322441101, 0.9198184013366699, 0.8946713209152222, 0.9118645191192627, 0.9180508852005005, 0.9228111505508423, 0.9256030917167664, 0.9255227446556091, 0.9292988181114197, 0.9312471151351929, 0.9311065077781677, 0.9285757541656494, 0.9298611879348755, 0.9274107813835144, 0.9303231835365295, 0.9262458086013794, 0.9307248592376709, 0.9303633570671082, 0.9318094849586487, 0.9351637959480286, 0.936288595199585, 0.9338381290435791, 0.9340992569923401, 0.9403057098388672, 0.9407073855400085, 0.9410287737846375, 0.9431176781654358, 0.9367304444313049, 0.9457488656044006, 0.9422540068626404, 0.9427762031555176, 0.948360025882721, 0.9469941854476929, 0.9439813494682312, 0.947395920753479, 0.7923152446746826, 0.8218209743499756, 0.8494988679885864, 0.8793259263038635, 0.9028661847114563, 0.9208025932312012, 0.9359069466590881, 0.9454074501991272, 0.9328539371490479, 0.9459296464920044, 0.9506899118423462, 0.9484202861785889, 0.952035665512085, 0.957137405872345, 0.9541647434234619, 0.9427962899208069, 0.9554301500320435, 0.9532608985900879, 0.9601301550865173, 0.9552493691444397, 0.9612951278686523, 0.9620583653450012, 0.9628216028213501, 0.94765704870224, 0.9614759087562561, 0.9614156484603882, 0.9664973020553589, 0.9675015807151794, 0.6508927941322327, 0.6210858225822449, 0.6358888745307922, 0.6398055553436279, 0.656657338142395, 0.630064070224762, 0.6055396199226379] 
Training f1 history = [0.5925918221473694, 0.6779631972312927, 0.7533152103424072, 0.8210279941558838, 0.8376861810684204, 0.848430871963501, 0.849929690361023, 0.8533439040184021, 0.8568623065948486, 0.8572438955307007, 0.8606126308441162, 0.8592358231544495, 0.8644613027572632, 0.8702051043510437, 0.8812786340713501, 0.8879627585411072, 0.893714189529419, 0.8958994150161743, 0.8908874988555908, 0.8984575271606445, 0.9010646939277649, 0.9028119444847107, 0.9038398861885071, 0.9081341028213501, 0.9079897999763489, 0.9104802012443542, 0.9097496867179871, 0.9142797589302063, 0.9165341854095459, 0.917622447013855, 0.9206751585006714, 0.9198189377784729, 0.8946743607521057, 0.9118622541427612, 0.9180516600608826, 0.9228113889694214, 0.9256068468093872, 0.9255190491676331, 0.929298460483551, 0.9312428832054138, 0.9311097264289856, 0.9285680055618286, 0.9298681616783142, 0.927406907081604, 0.9303152561187744, 0.9262495040893555, 0.9307243227958679, 0.9303591847419739, 0.9318051338195801, 0.9351665377616882, 0.9362838268280029, 0.933833658695221, 0.9341021776199341, 0.9403080344200134, 0.9407132863998413, 0.9410272240638733, 0.9431196451187134, 0.9367368221282959, 0.945746898651123, 0.9422523379325867, 0.9427782893180847, 0.9483615159988403, 0.946992039680481, 0.9439833164215088, 0.9473862648010254, 0.7923137545585632, 0.8218276500701904, 0.849498987197876, 0.8793342709541321, 0.9028722047805786, 0.9208030700683594, 0.935905933380127, 0.9454017877578735, 0.9328532218933105, 0.9459350109100342, 0.9506912231445312, 0.9484105706214905, 0.9520293474197388, 0.9571342468261719, 0.9541693329811096, 0.9427909255027771, 0.9554308652877808, 0.9532656073570251, 0.9601266980171204, 0.9552463889122009, 0.9612878561019897, 0.9620510339736938, 0.962825357913971, 0.9476622939109802, 0.9614760875701904, 0.9614158272743225, 0.9665006399154663, 0.9675011038780212, 0.6509017944335938, 0.6210903525352478, 0.6358807682991028, 0.6398007869720459, 0.6566583514213562, 0.6300677061080933, 0.605553150177002] 
--- 
Validation loss history = [0.6444103121757507, 0.518735945224762, 0.4460793137550354, 0.40546464920043945, 0.3616323173046112, 0.3638993203639984, 0.3554575741291046, 0.36775943636894226, 0.341981440782547, 0.33817461133003235, 0.3334321677684784, 0.33830153942108154, 0.3359893262386322, 0.30108341574668884, 0.3091026544570923, 0.28891828656196594, 0.2694624662399292, 0.26580482721328735, 0.2870665192604065, 0.26515528559684753, 0.2546154856681824, 0.2639647126197815, 0.27389904856681824, 0.26239490509033203, 0.25901156663894653, 0.2521897256374359, 0.24754361808300018, 0.24959996342658997, 0.2499932497739792, 0.2556721270084381, 0.2289489209651947, 0.2416144609451294, 0.26949840784072876, 0.2532201409339905, 0.24431602656841278, 0.23548968136310577, 0.2396637499332428, 0.24382857978343964, 0.23910948634147644, 0.23675476014614105, 0.2387952208518982, 0.24377450346946716, 0.23288781940937042, 0.23884102702140808, 0.2339920848608017, 0.22518539428710938, 0.22916217148303986, 0.2301722913980484, 0.2186988890171051, 0.2447144091129303, 0.2356884479522705, 0.2257285714149475, 0.2181573510169983, 0.22302274405956268, 0.23596912622451782, 0.23814275860786438, 0.2181338667869568, 0.22429610788822174, 0.22829526662826538, 0.23003658652305603, 0.2233199179172516, 0.21225254237651825, 0.20953430235385895, 0.21926499903202057, 0.30817416310310364, 0.4140879213809967, 0.3811241388320923, 0.35100650787353516, 0.301198273897171, 0.2721126973628998, 0.246956467628479, 0.2337300032377243, 0.2135331928730011, 0.228580504655838, 0.23469188809394836, 0.2324465662240982, 0.222481369972229, 0.2179725617170334, 0.22820104658603668, 0.21999222040176392, 0.23456794023513794, 0.23244363069534302, 0.2356821745634079, 0.27477988600730896, 0.22187991440296173, 0.24316774308681488, 0.22189174592494965, 0.2137969732284546, 0.22068995237350464, 0.2157110869884491, 0.22165636718273163, 0.21787649393081665, 0.22621029615402222, 0.6408491730690002, 0.6191226840019226, 0.6292575597763062, 0.6066012382507324, 0.6038435101509094, 0.6551547050476074, 0.6317972540855408] 
Validation accuracy history = [0.6368402242660522, 0.7680766582489014, 0.7989876866340637, 0.8194143176078796, 0.8409255146980286, 0.8333333134651184, 0.837490975856781, 0.8376717567443848, 0.8432754874229431, 0.8499638438224792, 0.8505061268806458, 0.8474330902099609, 0.8561099171638489, 0.8700289130210876, 0.874548077583313, 0.8768980503082275, 0.8857555985450745, 0.8875632882118225, 0.87346351146698, 0.889190137386322, 0.8951554298400879, 0.889190137386322, 0.8841286897659302, 0.8924439549446106, 0.8909978270530701, 0.8996745944023132, 0.8973246812820435, 0.8947939276695251, 0.8962400555610657, 0.9003976583480835, 0.9060014486312866, 0.9040130376815796, 0.8931670188903809, 0.8982284665107727, 0.8994938731193542, 0.9036514759063721, 0.9018438458442688, 0.9063629508018494, 0.9079898595809937, 0.9112436771392822, 0.9052783846855164, 0.9107013940811157, 0.9056398868560791, 0.9101590514183044, 0.9103398323059082, 0.9119667410850525, 0.9110628962516785, 0.9137744307518005, 0.9161243438720703, 0.9014822840690613, 0.9074475765228271, 0.9164859056472778, 0.9181128144264221, 0.9159436225891113, 0.911605179309845, 0.9148589968681335, 0.9173897504806519, 0.9146782159805298, 0.9220896363258362, 0.912509024143219, 0.9123282432556152, 0.9208242893218994, 0.9211858510971069, 0.9213665723800659, 0.8633405566215515, 0.8056760430335999, 0.8313449025154114, 0.8479754328727722, 0.8808749318122864, 0.8975054025650024, 0.9060014486312866, 0.9110628962516785, 0.9190166592597961, 0.9103398323059082, 0.9217281341552734, 0.9190166592597961, 0.9193781614303589, 0.924981951713562, 0.9175704717636108, 0.9222704172134399, 0.9193781614303589, 0.9224511981010437, 0.9191973805427551, 0.8870209455490112, 0.9237165451049805, 0.913412868976593, 0.926970362663269, 0.9318510293960571, 0.9255242347717285, 0.9305856823921204, 0.9343817830085754, 0.9313087463378906, 0.923174262046814, 0.6151482462882996, 0.6364786624908447, 0.6259942054748535, 0.6673897504806519, 0.6628705859184265, 0.6142444014549255, 0.6294288039207458] 
Validation f1 history = [0.6367670893669128, 0.7681151032447815, 0.7990296483039856, 0.8194672465324402, 0.840911328792572, 0.8333246111869812, 0.837401807308197, 0.8376598954200745, 0.8432338237762451, 0.8498656749725342, 0.8504592776298523, 0.8473884463310242, 0.8560847640037537, 0.8699936866760254, 0.8745096921920776, 0.8769353032112122, 0.8857349753379822, 0.8875670433044434, 0.8734773993492126, 0.8892185688018799, 0.8952052593231201, 0.8892186284065247, 0.8841091394424438, 0.8924700021743774, 0.8909991383552551, 0.8996953964233398, 0.8973730206489563, 0.8947924375534058, 0.8962891697883606, 0.9004437327384949, 0.906043529510498, 0.9040564298629761, 0.8931925296783447, 0.8982760906219482, 0.8994889259338379, 0.9036951661109924, 0.901888906955719, 0.9063531756401062, 0.9080304503440857, 0.9112818837165833, 0.9053208827972412, 0.9107399582862854, 0.9057080149650574, 0.9101981520652771, 0.9103529453277588, 0.9120303392410278, 0.9111271500587463, 0.9137850403785706, 0.9161849617958069, 0.9015275239944458, 0.9074885845184326, 0.9165202975273132, 0.9181461334228516, 0.9159526228904724, 0.9116173982620239, 0.9148945808410645, 0.9173977971076965, 0.9146881699562073, 0.9221200346946716, 0.9125463962554932, 0.9123916029930115, 0.9208298921585083, 0.9212169051170349, 0.9213718175888062, 0.8633360266685486, 0.8056616187095642, 0.8313376307487488, 0.847956120967865, 0.8808834552764893, 0.897527813911438, 0.9060434103012085, 0.911101222038269, 0.9190235733985901, 0.9103786945343018, 0.9217588305473328, 0.9190492033958435, 0.9193847179412842, 0.9250102639198303, 0.917578399181366, 0.9222748875617981, 0.9193847179412842, 0.9224813580513, 0.9192041754722595, 0.8870250582695007, 0.9237715601921082, 0.9134495854377747, 0.9269714951515198, 0.9318743348121643, 0.9255521297454834, 0.9306100010871887, 0.9343774914741516, 0.931332528591156, 0.9232297539710999, 0.6150649785995483, 0.6364316344261169, 0.625877320766449, 0.6673203110694885, 0.6627786159515381, 0.6141102313995361, 0.6293352246284485] 
--- 
Radius of the CI = 0.009535779584686294 
True classification of the model is likely between 0.6279732087957458 and 0.6470447679651185 
--- 
Test accuracy = 0.6375089883804321 
Confusion matrix (invalid | valid) = 
 [[1727 3110]
 [ 429 4497]] 
--- 
