This file contains information about the lstm model 
Analysis directory = C:\Users\cdetr\Documents\GitHub\nomics\jawac_processing_nomics/data/awake_sleep_analysis_update 
--- 
Segmentation value = 120.0 
Downsampling value = 1.0 
Signal frequency = 1.0 Hz 
Batch size = 32 
Standard scale = 0 
Stateful = 0 
Sliding window = 1 
Center of interest = 60 
Full sequence = 0 
Return sequences = 0 
Data balancing = 1 
--- 
Log time = 20-04-2022 13-46-10 
--- 
Num of epochs = 100, early stop after 91 epochs 
Epochs training computation time history (in sec) = [25.74648690223694, 22.886120796203613, 22.264052867889404, 22.29104495048523, 21.657219171524048, 22.313985347747803, 23.466789722442627, 23.339220762252808, 24.21675419807434, 23.791247367858887, 22.314262628555298, 21.93670654296875, 21.707194566726685, 22.322086334228516, 22.212507009506226, 22.69127893447876, 22.44715714454651, 22.813384771347046, 23.33387851715088, 21.869441747665405, 21.326997995376587, 21.446999073028564, 22.03247570991516, 22.15383505821228, 21.292110919952393, 22.75813889503479, 22.252429723739624, 21.932522535324097, 22.269859313964844, 23.40196919441223, 21.750198125839233, 23.584083557128906, 22.04600238800049, 24.859002351760864, 22.399015426635742, 22.99398922920227, 24.71399974822998, 22.40599822998047, 21.99899983406067, 23.910999298095703, 22.730997323989868, 22.735999584197998, 21.265998125076294, 21.68900179862976, 21.647001266479492, 22.16898512840271, 23.52099895477295, 23.37199902534485, 22.926002264022827, 21.913002490997314, 22.13200092315674, 22.803983688354492, 23.261998414993286, 23.387999057769775, 22.680001735687256, 21.15299892425537, 22.129014015197754, 23.8709979057312, 24.426997661590576, 24.614999771118164, 24.13699746131897, 24.01300048828125, 24.0690016746521, 23.94600009918213, 23.486998558044434, 23.767998456954956, 24.474998712539673, 23.940992832183838, 24.786999702453613, 24.315999507904053, 23.45900011062622, 24.191002130508423, 24.117998600006104, 23.753998041152954, 23.971018314361572, 23.005997896194458, 21.944002389907837, 20.365998029708862, 20.23199200630188, 20.47299814224243, 21.025999784469604, 20.67799973487854, 21.104000091552734, 20.894996404647827, 20.632999658584595, 19.610998153686523, 19.653997898101807, 19.94699788093567, 21.101000547409058, 20.852001190185547, 21.419998168945312] 
Epochs training computation time mean (in sec) = 22.58192755625798 
--- 
Training loss history = [0.6614964604377747, 0.6073728203773499, 0.5275709629058838, 0.4618062376976013, 0.40025076270103455, 0.37594911456108093, 0.5504423975944519, 0.6547960638999939, 0.6208805441856384, 0.6020374298095703, 0.5249597430229187, 0.41863110661506653, 0.3783118426799774, 0.36702629923820496, 0.3604009449481964, 0.35319784283638, 0.34797918796539307, 0.3412768542766571, 0.34356480836868286, 0.3344408869743347, 0.3315497636795044, 0.3285631835460663, 0.3261677324771881, 0.32446280121803284, 0.322654664516449, 0.3218127191066742, 0.31745895743370056, 0.3190673887729645, 0.3145004212856293, 0.31480202078819275, 0.3131333589553833, 0.3104232847690582, 0.31003180146217346, 0.3094194531440735, 0.3021793067455292, 0.29110467433929443, 0.28181934356689453, 0.2684451937675476, 0.2682552635669708, 0.2635602653026581, 0.26264873147010803, 0.25921115279197693, 0.25644034147262573, 0.26832816004753113, 0.2546127736568451, 0.2490018606185913, 0.24885238707065582, 0.24608881771564484, 0.25070399045944214, 0.24794723093509674, 0.24252507090568542, 0.2383623719215393, 0.23650360107421875, 0.23743917047977448, 0.23813396692276, 0.23140698671340942, 0.2593892216682434, 0.23217909038066864, 0.22796696424484253, 0.2255982905626297, 0.22439996898174286, 0.22140027582645416, 0.21775536239147186, 0.21537242829799652, 0.2191259115934372, 0.2145911157131195, 0.20946104824543, 0.20678213238716125, 0.2089146226644516, 0.20396392047405243, 0.20170603692531586, 0.20435065031051636, 0.20454245805740356, 0.20309826731681824, 0.20297744870185852, 0.1973670870065689, 0.20056000351905823, 0.19580042362213135, 0.19523991644382477, 0.18974465131759644, 0.18657496571540833, 0.18470251560211182, 0.181978240609169, 0.18451477587223053, 0.1855190247297287, 0.18111488223075867, 0.17720766365528107, 0.17794525623321533, 0.17302726209163666, 0.1769750714302063, 0.17040961980819702] 
Training accuracy history = [0.5975579023361206, 0.6633851528167725, 0.7451199889183044, 0.7880260348320007, 0.8243408799171448, 0.8344177603721619, 0.6855036616325378, 0.5972198843955994, 0.6429778337478638, 0.6752365827560425, 0.7529998421669006, 0.8164187669754028, 0.8338896632194519, 0.8371641039848328, 0.8397414088249207, 0.843691885471344, 0.8462903499603271, 0.849522590637207, 0.8484874367713928, 0.8521632552146912, 0.8534941673278809, 0.8559447526931763, 0.8563672304153442, 0.8565362691879272, 0.8576136827468872, 0.8578249216079712, 0.8585009574890137, 0.8602966070175171, 0.8628105521202087, 0.8616063594818115, 0.8624302744865417, 0.862388014793396, 0.8638879656791687, 0.8637823462486267, 0.8679651618003845, 0.8730775713920593, 0.8793307542800903, 0.8848445415496826, 0.886745810508728, 0.8889639973640442, 0.8899780511856079, 0.8909709453582764, 0.8928722143173218, 0.8875274658203125, 0.892238438129425, 0.8954917788505554, 0.8965269327163696, 0.8973720073699951, 0.8950270414352417, 0.8967804908752441, 0.8991042971611023, 0.9011746048927307, 0.901068925857544, 0.9003084301948547, 0.9008365869522095, 0.9030970335006714, 0.8934003710746765, 0.9018717408180237, 0.9048293232917786, 0.905125081539154, 0.9057799577713013, 0.9074699878692627, 0.9080192446708679, 0.9099839329719543, 0.9096248149871826, 0.911209225654602, 0.912983775138855, 0.9144836664199829, 0.913089394569397, 0.9143780469894409, 0.9163004755973816, 0.9162371158599854, 0.9161103367805481, 0.9157723784446716, 0.9176313877105713, 0.9187721610069275, 0.9177581667900085, 0.9200186133384705, 0.9194904565811157, 0.9219621419906616, 0.9231240749359131, 0.924518346786499, 0.9253000020980835, 0.9232930541038513, 0.9226592779159546, 0.925532341003418, 0.9282364249229431, 0.9273280501365662, 0.9288913011550903, 0.926673173904419, 0.9301377534866333] 
Training f1 history = [0.5975717306137085, 0.6634923815727234, 0.7451223731040955, 0.788070023059845, 0.824303150177002, 0.8345016241073608, 0.6854729056358337, 0.5971072316169739, 0.6429053544998169, 0.6752744317054749, 0.7530615925788879, 0.81638503074646, 0.8339737057685852, 0.8371198773384094, 0.83982253074646, 0.8437076807022095, 0.8461781144142151, 0.8494720458984375, 0.8485007882118225, 0.8521747589111328, 0.8535683155059814, 0.8559542894363403, 0.8562499284744263, 0.8565455079078674, 0.8576223850250244, 0.8577702045440674, 0.8584458827972412, 0.8603039979934692, 0.8628166317939758, 0.8616131544113159, 0.8624365925788879, 0.862330973148346, 0.863956868648529, 0.8637879490852356, 0.8678419589996338, 0.873078465461731, 0.8793919086456299, 0.8847761154174805, 0.886803150177002, 0.8890202045440674, 0.8900337219238281, 0.8910260796546936, 0.8927363753318787, 0.887584388256073, 0.8922296762466431, 0.8954814076423645, 0.896579384803772, 0.8973605632781982, 0.8950801491737366, 0.8968327045440674, 0.8991553783416748, 0.9012245535850525, 0.9010557532310486, 0.9002322554588318, 0.9008234143257141, 0.9030827879905701, 0.8933910727500916, 0.9018580913543701, 0.9048141837120056, 0.905173122882843, 0.9058276414871216, 0.9075168371200562, 0.9080025553703308, 0.9100294709205627, 0.9095438122749329, 0.9112541675567627, 0.9129644632339478, 0.9144636988639832, 0.9130700826644897, 0.9143580794334412, 0.9162795543670654, 0.9162795543670654, 0.9161527752876282, 0.9158149361610413, 0.9176730513572693, 0.9188133478164673, 0.9177998304367065, 0.9200591444969177, 0.9195312261581421, 0.9220016598701477, 0.9231629967689514, 0.9245566129684448, 0.9252744913101196, 0.9233319163322449, 0.9226983785629272, 0.9255701303482056, 0.9282093644142151, 0.9273648858070374, 0.9289273619651794, 0.9266469478607178, 0.9301731586456299] 
--- 
Validation loss history = [0.6564698219299316, 0.5255757570266724, 0.5123260617256165, 0.4147356152534485, 0.38270023465156555, 0.35961464047431946, 0.6298738121986389, 0.6459733247756958, 0.5668887495994568, 0.5512158274650574, 0.47079014778137207, 0.3853270709514618, 0.3522966504096985, 0.3630494177341461, 0.3598806858062744, 0.3400689661502838, 0.34957632422447205, 0.3424352705478668, 0.32947832345962524, 0.3276563286781311, 0.34073731303215027, 0.3231029212474823, 0.32752320170402527, 0.32962435483932495, 0.32795295119285583, 0.3203290104866028, 0.3175680637359619, 0.32244470715522766, 0.3185107707977295, 0.3327711820602417, 0.3207751512527466, 0.3158831298351288, 0.3151571452617645, 0.31332340836524963, 0.2963310182094574, 0.28654909133911133, 0.2842459976673126, 0.28412824869155884, 0.2843761146068573, 0.27480530738830566, 0.2850320041179657, 0.26700955629348755, 0.2632143795490265, 0.2671288549900055, 0.2784782350063324, 0.25962257385253906, 0.26760658621788025, 0.25869429111480713, 0.2650729715824127, 0.27771174907684326, 0.25770798325538635, 0.2554503381252289, 0.2685215175151825, 0.2585170269012451, 0.26292678713798523, 0.2553197741508484, 0.2671821713447571, 0.2616107761859894, 0.2565581500530243, 0.2571637034416199, 0.2508256137371063, 0.251077800989151, 0.24835512042045593, 0.252829372882843, 0.2593298852443695, 0.2463272660970688, 0.2559223473072052, 0.2499019056558609, 0.250426709651947, 0.2605474591255188, 0.2409183233976364, 0.2500639259815216, 0.24729743599891663, 0.2754043936729431, 0.24886822700500488, 0.25764143466949463, 0.255362331867218, 0.2628117799758911, 0.2523190677165985, 0.2521958351135254, 0.27681201696395874, 0.2672271728515625, 0.25345006585121155, 0.25376245379447937, 0.24888986349105835, 0.2594988942146301, 0.2587423026561737, 0.2701335847377777, 0.2651549279689789, 0.2555578947067261, 0.2633201777935028] 
Validation accuracy history = [0.5977186560630798, 0.7623574137687683, 0.7460076212882996, 0.8169201612472534, 0.8340303897857666, 0.842585563659668, 0.6501901149749756, 0.6093155741691589, 0.7142585515975952, 0.7249049544334412, 0.7863118052482605, 0.8231939077377319, 0.8471482992172241, 0.8404942750930786, 0.8387832641601562, 0.8526616096496582, 0.848098874092102, 0.844866931438446, 0.8553231954574585, 0.8602661490440369, 0.852281391620636, 0.8576045632362366, 0.8566539883613586, 0.8515208959579468, 0.861596941947937, 0.8585551381111145, 0.8621672987937927, 0.8596957921981812, 0.8610266447067261, 0.8534220457077026, 0.8579847812652588, 0.8634980916976929, 0.864828884601593, 0.868060827255249, 0.8728137016296387, 0.8802281618118286, 0.8796578049659729, 0.8823193907737732, 0.8826996088027954, 0.881939172744751, 0.8880228400230408, 0.891254723072052, 0.8901140689849854, 0.8897338509559631, 0.8847908973693848, 0.891635000705719, 0.8927756547927856, 0.8935361504554749, 0.8887832760810852, 0.8878327012062073, 0.8956273794174194, 0.8958175182342529, 0.8889733552932739, 0.8931558728218079, 0.8967680335044861, 0.8998098969459534, 0.8942965865135193, 0.8925855755805969, 0.8939163684844971, 0.8990494012832642, 0.8963878154754639, 0.8971483111381531, 0.9007604718208313, 0.8967680335044861, 0.898098886013031, 0.9022813439369202, 0.8975285291671753, 0.9007604718208313, 0.9026616215705872, 0.904182493686676, 0.9053232073783875, 0.9007604718208313, 0.9039924144744873, 0.8999999761581421, 0.9038022756576538, 0.8952471613883972, 0.9028517007827759, 0.9007604718208313, 0.9062737822532654, 0.9047528505325317, 0.891254723072052, 0.9034220576286316, 0.9062737822532654, 0.9053232073783875, 0.9068440794944763, 0.9028517007827759, 0.90095055103302, 0.904182493686676, 0.9055132865905762, 0.90095055103302, 0.9081749320030212] 
Validation f1 history = [0.5976641178131104, 0.7616792917251587, 0.7450757026672363, 0.8163509368896484, 0.8333963751792908, 0.8419191241264343, 0.6502524614334106, 0.6089014410972595, 0.7131312489509583, 0.7243686318397522, 0.7852271795272827, 0.822916567325592, 0.8470958471298218, 0.8404670357704163, 0.838446855545044, 0.8522727489471436, 0.8483586311340332, 0.8445074558258057, 0.8552398681640625, 0.8601641058921814, 0.8522094488143921, 0.8571968674659729, 0.8562499284744263, 0.8514518737792969, 0.8614897727966309, 0.85845947265625, 0.8620580434799194, 0.8592802882194519, 0.8609216809272766, 0.8536615371704102, 0.8578912615776062, 0.8633838295936584, 0.8650252819061279, 0.868245005607605, 0.8726640939712524, 0.8800504803657532, 0.8797979354858398, 0.8824494481086731, 0.8828282356262207, 0.8817549347877502, 0.8881312608718872, 0.89166659116745, 0.8905302286148071, 0.8901515007019043, 0.8849115371704102, 0.8917298316955566, 0.8928661942481995, 0.8933079838752747, 0.8885731101036072, 0.887941837310791, 0.896022617816925, 0.8958963751792908, 0.8893939256668091, 0.893560528755188, 0.8968434929847717, 0.9001892805099487, 0.8943812251091003, 0.8926767110824585, 0.8940024375915527, 0.8991160988807678, 0.8964647054672241, 0.8972221612930298, 0.9011362791061401, 0.8968434929847717, 0.898169219493866, 0.9023358821868896, 0.8976009488105774, 0.9008206725120544, 0.903030276298523, 0.9045454263687134, 0.9056817293167114, 0.9011362791061401, 0.904356062412262, 0.9003787040710449, 0.904166579246521, 0.8953282237052917, 0.9032195806503296, 0.9011362791061401, 0.9063130617141724, 0.9051136374473572, 0.8916666507720947, 0.9037877917289734, 0.9063130617141724, 0.9053661823272705, 0.9068813323974609, 0.9029039740562439, 0.9010101556777954, 0.9042297601699829, 0.9058712124824524, 0.9010101556777954, 0.9085227251052856] 
--- 
Radius of the CI = 0.005012978951848302 
True classification of the model is likely between 0.899930010397517 and 0.9099559683012135 
--- 
Test accuracy = 0.9049429893493652 
Confusion matrix (0 | 1) = 
 [[6181  456]
 [ 794 5719]] 
--- 
