This file contains information about the resnet model 
Analysis directory = C:\Users\cdetr\Documents\GitHub\nomics\nomics-AI/data/task2/tfe/without_oe/analysis_backup 
--- 
Segmentation value = 180.0 
Downsampling value = 1.0 
Signal frequency = 1.0 Hz 
Batch size = 32 
Standard scale = 0 
Stateful = 0 
Sliding window = 1 
Center of interest = 60 
Full sequence = 0 
Return sequences = 0 
Data balancing = 1 
--- 
Log time = 18-06-2022 20-04-30 
--- 
Num of epochs = 100, early stop after 42 epochs 
Epochs training computation time history (in sec) = [53.85981822013855, 42.389522552490234, 40.964998960494995, 41.517993211746216, 44.03098249435425, 43.8439998626709, 41.249000787734985, 42.91700005531311, 43.95699977874756, 45.331000089645386, 46.73199963569641, 44.33999943733215, 43.48400020599365, 44.208998680114746, 52.49799132347107, 49.83299732208252, 48.54199934005737, 48.80899930000305, 49.20399880409241, 49.74298620223999, 46.89400029182434, 41.53799843788147, 39.95599889755249, 42.16399884223938, 42.44500684738159, 45.6929976940155, 43.9060001373291, 42.59723687171936, 42.92999792098999, 45.51500058174133, 46.811999797821045, 42.40499567985535, 45.914000511169434, 45.42699861526489, 46.95900058746338, 46.892998456954956, 47.855000257492065, 43.15400004386902, 49.35499930381775, 53.05799961090088, 50.486000537872314, 52.756000995635986] 
Epochs training computation time mean (in sec) = 45.76589326631455 
--- 
Training loss history = [0.41277000308036804, 0.3710311949253082, 0.37097376585006714, 0.3331748843193054, 0.3191148638725281, 0.3191264867782593, 0.3051539361476898, 0.3029516041278839, 0.30037325620651245, 0.2923232614994049, 0.2838505208492279, 0.2801012098789215, 0.27456018328666687, 0.2644748091697693, 0.25665637850761414, 0.24845437705516815, 0.24519670009613037, 0.23639042675495148, 0.22567355632781982, 0.21675518155097961, 0.20734164118766785, 0.19616617262363434, 0.18588484823703766, 0.17670994997024536, 0.1628280133008957, 0.15477126836776733, 0.1452629566192627, 0.13561773300170898, 0.12810064852237701, 0.12221987545490265, 0.11219611763954163, 0.10788609087467194, 0.10144037008285522, 0.09246012568473816, 0.08861755579710007, 0.08547602593898773, 0.0807357206940651, 0.07871342450380325, 0.08248962461948395, 0.07058718055486679, 0.0656212866306305, 0.06581948697566986] 
Training accuracy history = [0.8110552430152893, 0.8345010876655579, 0.834617555141449, 0.8583351373672485, 0.8668167591094971, 0.8662151098251343, 0.8736875057220459, 0.8755701184272766, 0.8755701184272766, 0.8781903386116028, 0.8829454779624939, 0.8862061500549316, 0.8884381651878357, 0.891194224357605, 0.8955805897712708, 0.8980649709701538, 0.9003357887268066, 0.9042757749557495, 0.9098654985427856, 0.9138637185096741, 0.9172990918159485, 0.923276960849762, 0.9266541004180908, 0.9305552840232849, 0.9363197088241577, 0.9407060742378235, 0.9429769515991211, 0.9473245143890381, 0.9505269527435303, 0.9542534351348877, 0.9569318294525146, 0.9590474367141724, 0.9607359766960144, 0.9648894667625427, 0.9671409130096436, 0.9677425622940063, 0.9698775410652161, 0.9712749719619751, 0.9689071178436279, 0.9738951325416565, 0.9767094254493713, 0.9756031036376953] 
Training f1 history = [0.811161458492279, 0.8344065546989441, 0.8343355059623718, 0.8578521609306335, 0.866891622543335, 0.8661027550697327, 0.8735709190368652, 0.875077486038208, 0.8752651214599609, 0.8782588243484497, 0.8826362490653992, 0.8862701058387756, 0.8883132934570312, 0.8912553787231445, 0.8954518437385559, 0.8981221914291382, 0.9003917574882507, 0.9041420817375183, 0.9099162220954895, 0.9139121770858765, 0.9173455834388733, 0.9229451417922974, 0.9266953468322754, 0.9305943250656128, 0.9363555312156677, 0.9407394528388977, 0.9430090188980103, 0.9473541378974915, 0.9503672122955322, 0.9542791843414307, 0.9567685723304749, 0.9588828682899475, 0.9607580900192261, 0.9649091958999634, 0.9667843580245972, 0.9677606821060181, 0.9697069525718689, 0.9709161520004272, 0.9685496091842651, 0.973909854888916, 0.9767225384712219, 0.9754292964935303] 
--- 
Validation loss history = [0.43850088119506836, 0.3678452968597412, 0.4925290048122406, 0.3461569845676422, 0.4319668114185333, 0.31116625666618347, 0.3093636631965637, 0.3284701406955719, 0.3548438549041748, 0.3321993350982666, 0.3501630127429962, 0.32619309425354004, 0.3141954243183136, 0.3099360167980194, 0.3425430953502655, 0.2823256552219391, 0.3459268808364868, 0.2862122058868408, 0.2620300054550171, 0.2825935482978821, 0.26804476976394653, 0.28636229038238525, 0.23114420473575592, 0.25783365964889526, 0.2727879285812378, 0.2743181884288788, 0.2758920192718506, 0.42652735114097595, 0.68229740858078, 0.24662914872169495, 0.2418018877506256, 0.21237710118293762, 0.31756868958473206, 0.27265647053718567, 0.28879669308662415, 0.22074350714683533, 0.24988684058189392, 0.3574012517929077, 0.27715346217155457, 0.315400630235672, 0.25168198347091675, 0.22778058052062988] 
Validation accuracy history = [0.7991266250610352, 0.840174674987793, 0.7785152792930603, 0.8527510762214661, 0.8104803562164307, 0.874061107635498, 0.8723143935203552, 0.8639301061630249, 0.8452401757240295, 0.8691703081130981, 0.8497816324234009, 0.8682969212532043, 0.8712663650512695, 0.8719650506973267, 0.8489083051681519, 0.8829694390296936, 0.8719650506973267, 0.8899563550949097, 0.8941484689712524, 0.8885589241981506, 0.8936244249343872, 0.879476010799408, 0.9034061431884766, 0.8988646268844604, 0.8929257392883301, 0.8854148387908936, 0.9030567407608032, 0.8391266465187073, 0.7942358255386353, 0.9044541716575623, 0.9095196723937988, 0.9208733439445496, 0.8939738273620605, 0.9077728986740112, 0.9028820991516113, 0.9182533025741577, 0.9147598147392273, 0.887336254119873, 0.9062008857727051, 0.9096943140029907, 0.9269868731498718, 0.9224454164505005] 
Validation f1 history = [0.7991234064102173, 0.8401679992675781, 0.7785047888755798, 0.8527559041976929, 0.8104531168937683, 0.874072790145874, 0.8722909092903137, 0.8639110326766968, 0.8452308773994446, 0.8691303730010986, 0.849751889705658, 0.8682755827903748, 0.871243417263031, 0.8719778060913086, 0.848915159702301, 0.8829584121704102, 0.8719417452812195, 0.8899596929550171, 0.8941496014595032, 0.888545036315918, 0.8936258554458618, 0.8795028924942017, 0.9034023880958557, 0.8988453149795532, 0.8929455876350403, 0.8854566812515259, 0.9030532240867615, 0.8391565680503845, 0.7943073511123657, 0.9044318795204163, 0.9095127582550049, 0.9208966493606567, 0.893993079662323, 0.9077669382095337, 0.9028787612915039, 0.918259859085083, 0.9147501587867737, 0.8873229622840881, 0.9061776995658875, 0.9096693396568298, 0.926970899105072, 0.9224498271942139] 
--- 
Radius of the CI = 0.004622224066001205 
True classification of the model is likely between 0.9081782071855247 and 0.9174226553175271 
--- 
Test accuracy = 0.9128004312515259 
Confusion matrix (0 | 1) = 
 [[6505  608]
 [ 640 6559]] 
--- 
