This file contains information about the lstm model 
Analysis directory = C:\Users\cdetr\Documents\GitHub\nomics\nomics-AI/data/awake_sleep_analysis 
--- 
Segmentation value = 180.0 
Downsampling value = 1.0 
Signal frequency = 1.0 Hz 
Batch size = 32 
Standard scale = 0 
Stateful = 0 
Sliding window = 1 
Center of interest = 60 
Full sequence = 0 
Return sequences = 0 
Data balancing = 1 
--- 
Log time = 14-05-2022 17-49-49 
--- 
Num of epochs = 100, early stop after 64 epochs 
Epochs training computation time history (in sec) = [30.12398362159729, 27.33000111579895, 27.233004808425903, 28.091986179351807, 28.4849956035614, 27.34799814224243, 27.603997468948364, 26.81298851966858, 27.349998950958252, 27.310988664627075, 27.330000162124634, 29.85199737548828, 28.139992475509644, 28.028998613357544, 26.706989765167236, 26.11398696899414, 29.36296844482422, 27.48001194000244, 29.593013048171997, 28.24399495124817, 28.334001064300537, 30.125999212265015, 27.372002840042114, 27.121989965438843, 28.344001054763794, 26.71399998664856, 26.68900227546692, 27.643998861312866, 28.35900068283081, 27.74199938774109, 30.02600121498108, 27.667999982833862, 28.349011421203613, 27.894999265670776, 28.277990579605103, 27.905992031097412, 28.01799988746643, 26.078998804092407, 27.01500368118286, 26.887998342514038, 28.890999794006348, 27.925999879837036, 33.197999715805054, 28.77699851989746, 29.949002265930176, 27.564001321792603, 30.48700213432312, 26.771997928619385, 26.855000495910645, 27.029986143112183, 28.093017578125, 27.905998945236206, 28.326999187469482, 28.666998863220215, 28.668999433517456, 27.621000051498413, 26.707999229431152, 27.28201150894165, 29.363998889923096, 27.791996002197266, 26.72300100326538, 28.464000701904297, 27.61799931526184, 26.921000003814697] 
Epochs training computation time mean (in sec) = 28.011154629290104 
--- 
Training loss history = [0.6322917342185974, 0.4824802279472351, 0.3954923152923584, 0.3495626151561737, 0.33288654685020447, 0.32546690106391907, 0.31491798162460327, 0.34206995368003845, 0.31113359332084656, 0.3007969558238983, 0.30002012848854065, 0.29227694869041443, 0.2904440760612488, 0.2810130715370178, 0.2781948745250702, 0.2735174596309662, 0.2689708173274994, 0.26682814955711365, 0.26117005944252014, 0.2616806626319885, 0.25278085470199585, 0.2618936002254486, 0.24662446975708008, 0.23854894936084747, 0.23276253044605255, 0.2205384373664856, 0.20994415879249573, 0.20119266211986542, 0.2019413858652115, 0.1935426890850067, 0.18364198505878448, 0.1770506650209427, 0.16964557766914368, 0.16714707016944885, 0.16025188565254211, 0.1550057828426361, 0.15197329223155975, 0.14422498643398285, 0.14810921251773834, 0.14015623927116394, 0.13319402933120728, 0.1274004727602005, 0.12717783451080322, 0.1215558871626854, 0.12373071908950806, 0.11462868750095367, 0.11883054673671722, 0.12766578793525696, 0.12081742286682129, 0.10362266004085541, 0.11088484525680542, 0.10300544649362564, 0.09816291928291321, 0.09919214993715286, 0.10404113680124283, 0.09446228295564651, 0.08699260652065277, 0.08788778632879257, 0.08699655532836914, 0.08345797657966614, 0.08048103749752045, 0.08265463262796402, 0.09594623744487762, 0.08272198587656021] 
Training accuracy history = [0.6228312849998474, 0.7818304896354675, 0.8311532139778137, 0.8487986326217651, 0.8569345474243164, 0.8589844107627869, 0.8631051778793335, 0.8482491970062256, 0.8665708899497986, 0.868831992149353, 0.8694871068000793, 0.8740516901016235, 0.8722554445266724, 0.8786373734474182, 0.8805603981018066, 0.8819974064826965, 0.8839627504348755, 0.8854208588600159, 0.8864985704421997, 0.8877665400505066, 0.8915069699287415, 0.8875551819801331, 0.8951417207717896, 0.8968533873558044, 0.9002768397331238, 0.9064474701881409, 0.9121954441070557, 0.9168233871459961, 0.9161682724952698, 0.9195283055305481, 0.9255933165550232, 0.9281080365180969, 0.9311933517456055, 0.9337080717086792, 0.9350605607032776, 0.9378922581672668, 0.9393292665481567, 0.9418439865112305, 0.9401111602783203, 0.9441896677017212, 0.9468523263931274, 0.9486274719238281, 0.949832022190094, 0.9518607258796692, 0.9512056112289429, 0.9547981023788452, 0.9538471102714539, 0.9500855803489685, 0.9526214599609375, 0.9591090679168701, 0.9583060145378113, 0.9594048857688904, 0.9617294669151306, 0.960778534412384, 0.9598909616470337, 0.9624902009963989, 0.9661672115325928, 0.9664842486381531, 0.9666955471038818, 0.9671815633773804, 0.9694638848304749, 0.968428373336792, 0.9629762768745422, 0.9684495329856873] 
Training f1 history = [0.622851550579071, 0.7818389534950256, 0.8311662673950195, 0.8487794995307922, 0.8569378852844238, 0.8589814901351929, 0.8631017208099365, 0.8482419848442078, 0.8665786981582642, 0.8688395619392395, 0.8695003986358643, 0.8740584254264832, 0.8722624778747559, 0.8786256909370422, 0.8805661797523499, 0.8820089101791382, 0.8839620351791382, 0.8854259848594666, 0.886485755443573, 0.8877712488174438, 0.8914934396743774, 0.8875481486320496, 0.8951572179794312, 0.8968626260757446, 0.9002678990364075, 0.9064552783966064, 0.9121846556663513, 0.9168297648429871, 0.9161688089370728, 0.9195165634155273, 0.9255924820899963, 0.9280891418457031, 0.9311917424201965, 0.9337001442909241, 0.9350641965866089, 0.9379014372825623, 0.9393264055252075, 0.9418408274650574, 0.9401200413703918, 0.9441861510276794, 0.9468483924865723, 0.9486291408538818, 0.9498276114463806, 0.9518678188323975, 0.9512010216712952, 0.954787015914917, 0.953853964805603, 0.9500870108604431, 0.9526225328445435, 0.9591091871261597, 0.9583062529563904, 0.9594109058380127, 0.9617291688919067, 0.9607843160629272, 0.9598909616470337, 0.9624958038330078, 0.9661722183227539, 0.9664891958236694, 0.9666827321052551, 0.967186450958252, 0.9694684147834778, 0.9684212803840637, 0.962975800037384, 0.9684541821479797] 
--- 
Validation loss history = [0.5152183771133423, 0.42796218395233154, 0.3576517701148987, 0.33772313594818115, 0.32529810070991516, 0.3122132122516632, 0.3085237741470337, 0.30942901968955994, 0.29674676060676575, 0.3021862804889679, 0.30390313267707825, 0.2949952185153961, 0.2836991250514984, 0.2841068506240845, 0.2785906195640564, 0.27567967772483826, 0.2720990478992462, 0.27642038464546204, 0.2652827799320221, 0.26097261905670166, 0.262585312128067, 0.270040363073349, 0.25838539004325867, 0.27001458406448364, 0.25323691964149475, 0.24661678075790405, 0.25005877017974854, 0.22541028261184692, 0.24399131536483765, 0.22729796171188354, 0.24968554079532623, 0.22877486050128937, 0.22718524932861328, 0.21510478854179382, 0.20925725996494293, 0.19848614931106567, 0.21286046504974365, 0.20978944003582, 0.19665952026844025, 0.2086443305015564, 0.20387472212314606, 0.20880477130413055, 0.21343949437141418, 0.18841509521007538, 0.2436274141073227, 0.22591669857501984, 0.2014418989419937, 0.19737385213375092, 0.2092484086751938, 0.2175220102071762, 0.22038809955120087, 0.19828234612941742, 0.21634039282798767, 0.21475771069526672, 0.22837121784687042, 0.21318456530570984, 0.21596388518810272, 0.22195173799991608, 0.2164316326379776, 0.22153469920158386, 0.22356495261192322, 0.24365666508674622, 0.2209022045135498, 0.20095345377922058] 
Validation accuracy history = [0.752757728099823, 0.8092430830001831, 0.8383415937423706, 0.8611639142036438, 0.854697585105896, 0.863065779209137, 0.8647775053977966, 0.8680106401443481, 0.8733358979225159, 0.8678204417228699, 0.8680106401443481, 0.8723849654197693, 0.8792316317558289, 0.8733358979225159, 0.8777101635932922, 0.8784708976745605, 0.8813236951828003, 0.8773297667503357, 0.8843666911125183, 0.8828451633453369, 0.8834157586097717, 0.8847470283508301, 0.8839862942695618, 0.8885507583618164, 0.8940662145614624, 0.8997717499732971, 0.8965386152267456, 0.907569408416748, 0.8988208174705505, 0.9022442102432251, 0.9073792099952698, 0.90338534116745, 0.9066184759140015, 0.9121338725090027, 0.9163179993629456, 0.9208824634552002, 0.9191707968711853, 0.9201217293739319, 0.9222137928009033, 0.92430579662323, 0.9235450625419617, 0.9225941300392151, 0.9195511341094971, 0.930962324142456, 0.9203119277954102, 0.9282997250556946, 0.9229745268821716, 0.9347660541534424, 0.9269684553146362, 0.9250665903091431, 0.926778256893158, 0.9321034550666809, 0.9330543875694275, 0.9300113916397095, 0.9165081977844238, 0.930391788482666, 0.9336249232292175, 0.9347660541534424, 0.9343857169151306, 0.9395207166671753, 0.9330543875694275, 0.9336249232292175, 0.9296310544013977, 0.9353366494178772] 
Validation f1 history = [0.7537878155708313, 0.8096210956573486, 0.838598370552063, 0.8617424368858337, 0.8548862338066101, 0.8632195591926575, 0.8653408288955688, 0.8685604929924011, 0.8738635182380676, 0.8683711290359497, 0.8685604929924011, 0.872916579246521, 0.8797347545623779, 0.8738635182380676, 0.8782196044921875, 0.8789771795272827, 0.8818181157112122, 0.8778408169746399, 0.884848415851593, 0.8833332657814026, 0.8839014172554016, 0.8852272629737854, 0.8844696283340454, 0.8890150785446167, 0.8945075869560242, 0.9001893997192383, 0.8969696760177612, 0.9079545736312866, 0.8992424011230469, 0.9026514291763306, 0.9077651500701904, 0.9037878513336182, 0.9070074558258057, 0.9125000238418579, 0.9166666865348816, 0.9212120175361633, 0.9195075035095215, 0.9204545617103577, 0.9225378036499023, 0.9246211051940918, 0.9238636493682861, 0.9229166507720947, 0.9198863506317139, 0.9312499761581421, 0.9206439256668091, 0.9285984039306641, 0.9232954382896423, 0.9350378513336182, 0.9272727370262146, 0.9253787994384766, 0.9270832538604736, 0.9323863387107849, 0.9333333373069763, 0.9303030371665955, 0.916856050491333, 0.9306817054748535, 0.9339014887809753, 0.9350378513336182, 0.9346590042114258, 0.9397727251052856, 0.9333333373069763, 0.9339014887809753, 0.9299242496490479, 0.935606062412262] 
--- 
Radius of the CI = 0.00437896448066757 
True classification of the model is likely between 0.9250238637358852 and 0.9337817926972203 
--- 
Test accuracy = 0.9294028282165527 
Confusion matrix (0 | 1) = 
 [[6256  428]
 [ 500 5961]] 
--- 
