This file contains information about the lstm model 
Analysis directory = C:\Users\cdetr\My Drive\master\Documents\nomics\jawac_processing_nomics/data/awake_sleep_analysis 
--- 
Segmentation value = 180.0 
Downsampling value = 1.0 
Signal frequency = 1.0 Hz 
Batch size = 32 
Standard scale = 0 
Stateful = 0 
Sliding window = 1 
Center of interest = 60 
Full sequence = 0 
Data balancing = 1 
--- 
Log time = 26-03-2022 12-58-36 
--- 
Num of epochs = 100, early stop after 100 epochs 
Epochs training computation time history (in sec) = [21.323729276657104, 17.893829822540283, 17.371580362319946, 17.699955701828003, 18.10060453414917, 18.020857334136963, 20.80053210258484, 24.138428211212158, 22.90363073348999, 22.40039873123169, 22.69282579421997, 21.578147649765015, 22.246490955352783, 21.329780340194702, 21.7267804145813, 21.83024263381958, 21.202621698379517, 21.286983251571655, 21.486029624938965, 21.303080081939697, 21.70186424255371, 22.048280477523804, 21.326146364212036, 22.117859601974487, 22.31424355506897, 21.51221990585327, 21.98532485961914, 22.826971530914307, 21.663966178894043, 21.593620538711548, 21.3325457572937, 22.3893620967865, 21.85498595237732, 22.050464630126953, 21.662808656692505, 20.49499225616455, 18.431371927261353, 17.205146312713623, 18.219833850860596, 18.01467728614807, 18.109220027923584, 18.359898328781128, 18.281850576400757, 17.77496910095215, 18.19737195968628, 17.708232164382935, 17.798423767089844, 17.705777883529663, 17.550307035446167, 17.3870689868927, 17.750492811203003, 17.95586919784546, 18.74801468849182, 21.13236403465271, 21.14710807800293, 21.918960571289062, 22.086836338043213, 21.79451823234558, 22.607146739959717, 21.908212661743164, 21.86087918281555, 21.2109272480011, 21.576210737228394, 20.583009004592896, 21.54917311668396, 21.746026277542114, 22.12435221672058, 22.76455593109131, 22.62101459503174, 21.73188614845276, 22.017898321151733, 23.225233793258667, 18.793134212493896, 17.96773386001587, 18.226926803588867, 18.327166080474854, 17.761903762817383, 18.223427057266235, 18.366005659103394, 17.991774559020996, 18.101412534713745, 17.583488941192627, 17.927671432495117, 18.421685457229614, 18.105881929397583, 17.594162225723267, 17.59518027305603, 17.611584186553955, 17.517737865447998, 17.540797472000122, 17.85295057296753, 18.09255337715149, 18.84656548500061, 19.069487810134888, 18.121572256088257, 18.275947093963623, 17.977549076080322, 21.364784240722656, 22.48052430152893, 21.916361331939697] 
Epochs training computation time mean (in sec) = 20.04672994852066 
--- 
Training loss history = [0.656728982925415, 0.6111578941345215, 0.5790085792541504, 0.5523000359535217, 0.5275788903236389, 0.5121561884880066, 0.48837563395500183, 0.4730510711669922, 0.4569801986217499, 0.4397171437740326, 0.4292951226234436, 0.41762134432792664, 0.4172685146331787, 0.40728333592414856, 0.39876770973205566, 0.3908638656139374, 0.3860255181789398, 0.3778756558895111, 0.37518027424812317, 0.36970436573028564, 0.3704831004142761, 0.3718952536582947, 0.3643261790275574, 0.35981810092926025, 0.36332714557647705, 0.35766366124153137, 0.35477104783058167, 0.3525862693786621, 0.3527863025665283, 0.35197198390960693, 0.34866389632225037, 0.351017564535141, 0.34553444385528564, 0.3451058268547058, 0.3444218337535858, 0.3463308811187744, 0.3450738489627838, 0.35454827547073364, 0.3438006043434143, 0.34101617336273193, 0.3384591341018677, 0.33754509687423706, 0.33895477652549744, 0.33749961853027344, 0.33541032671928406, 0.3331542909145355, 0.33596134185791016, 0.3339444398880005, 0.37358102202415466, 0.3558060824871063, 0.3460533916950226, 0.33634153008461, 0.3389824628829956, 0.33251652121543884, 0.3366568982601166, 0.33052802085876465, 0.3309820294380188, 0.33057650923728943, 0.3277267515659332, 0.32931193709373474, 0.32834920287132263, 0.3246423006057739, 0.3553566038608551, 0.32629022002220154, 0.3259669542312622, 0.3256559371948242, 0.33339229226112366, 0.321768581867218, 0.3270547688007355, 0.3215319812297821, 0.326363205909729, 0.32168829441070557, 0.3332424759864807, 0.3255642354488373, 0.3228897154331207, 0.32319343090057373, 0.3187862038612366, 0.31973233819007874, 0.319335013628006, 0.32791197299957275, 0.3232839107513428, 0.320082426071167, 0.32243457436561584, 0.32056429982185364, 0.3263742923736572, 0.3196702003479004, 0.3224327266216278, 0.31801554560661316, 0.3240969777107239, 0.31687286496162415, 0.3209577202796936, 0.31613409519195557, 0.3163437247276306, 0.3244647681713104, 0.326671302318573, 0.32084301114082336, 0.3159085512161255, 0.3154603838920593, 0.3127898573875427, 0.31493616104125977] 
Training accuracy history = [0.6151404976844788, 0.678731381893158, 0.7112901210784912, 0.7364974617958069, 0.7507984042167664, 0.7622471451759338, 0.7761263251304626, 0.7841203808784485, 0.7940225601196289, 0.8035230040550232, 0.8107337355613708, 0.8183059692382812, 0.8176632523536682, 0.8236889243125916, 0.8288710117340088, 0.831984281539917, 0.8337718844413757, 0.840239405632019, 0.8380902409553528, 0.8408018350601196, 0.8401791453361511, 0.8394159078598022, 0.8411834239959717, 0.8442163467407227, 0.8437142372131348, 0.8447787761688232, 0.8463454246520996, 0.8465262055397034, 0.8479121327400208, 0.8460642099380493, 0.8492377400398254, 0.8478116989135742, 0.8475103974342346, 0.85114586353302, 0.8491573929786682, 0.8492176532745361, 0.8493582606315613, 0.8447386026382446, 0.8506437540054321, 0.849980890750885, 0.8530339002609253, 0.8539378046989441, 0.8525920510292053, 0.8527527451515198, 0.8555044531822205, 0.8544600009918213, 0.8555647134780884, 0.8547813892364502, 0.8313816785812378, 0.8414445519447327, 0.847731351852417, 0.8536365032196045, 0.8514270782470703, 0.8571715354919434, 0.8540582656860352, 0.8579347729682922, 0.8579749464988708, 0.8582561612129211, 0.8590394854545593, 0.857472836971283, 0.8581959009170532, 0.8598630428314209, 0.8495591282844543, 0.8599032163619995, 0.859802782535553, 0.8594613075256348, 0.8562877774238586, 0.8614698648452759, 0.8578143119812012, 0.8606262803077698, 0.860184371471405, 0.8615903854370117, 0.8553035855293274, 0.85901939868927, 0.8615100383758545, 0.8604655861854553, 0.8624942302703857, 0.8612890839576721, 0.8619920611381531, 0.8574929237365723, 0.859983503818512, 0.8608874082565308, 0.8604856729507446, 0.861670732498169, 0.8600035905838013, 0.8632373809814453, 0.8599433302879333, 0.8645228743553162, 0.8617510795593262, 0.8634583353996277, 0.8615502119064331, 0.863739550113678, 0.8633177280426025, 0.8592202663421631, 0.8572920560836792, 0.8585976362228394, 0.861409604549408, 0.863739550113678, 0.8636190295219421, 0.8648241758346558] 
Training f1 history = [0.6125323176383972, 0.676715612411499, 0.7099184393882751, 0.7356047034263611, 0.7502101063728333, 0.7615322470664978, 0.7759650349617004, 0.7839673161506653, 0.7939609885215759, 0.8034261465072632, 0.8107287883758545, 0.8183070421218872, 0.8176510334014893, 0.82366943359375, 0.8288658261299133, 0.8319973349571228, 0.8337699174880981, 0.840240478515625, 0.8380841612815857, 0.8408066034317017, 0.8401753902435303, 0.839417040348053, 0.8411770462989807, 0.8442170023918152, 0.8436954617500305, 0.8447868227958679, 0.8463385105133057, 0.8465303778648376, 0.8479161858558655, 0.8460460901260376, 0.8492453694343567, 0.847804605960846, 0.8475033640861511, 0.85114586353302, 0.8491575717926025, 0.8492215871810913, 0.8493510484695435, 0.8447391986846924, 0.8506437540054321, 0.8499661684036255, 0.853033721446991, 0.8539412021636963, 0.852580726146698, 0.8527489304542542, 0.8555077314376831, 0.8544633984565735, 0.8555716872215271, 0.8547661304473877, 0.8313874006271362, 0.8414455056190491, 0.8477354049682617, 0.8536436557769775, 0.8514233231544495, 0.8571821451187134, 0.8540542721748352, 0.8579340577125549, 0.8579742312431335, 0.8582592010498047, 0.8590461611747742, 0.8574684858322144, 0.8582026362419128, 0.8598658442497253, 0.8495592474937439, 0.8598911166191101, 0.8598130941390991, 0.8594604134559631, 0.8562872409820557, 0.8614576458930969, 0.8578135967254639, 0.8606401681900024, 0.8601834177970886, 0.8615967631340027, 0.8552994728088379, 0.8590112328529358, 0.8615164160728455, 0.8604683876037598, 0.8624969124794006, 0.8613029718399048, 0.8619909882545471, 0.8574922680854797, 0.8599863648414612, 0.8608863949775696, 0.860495924949646, 0.8616696000099182, 0.8600064516067505, 0.863232433795929, 0.8599461913108826, 0.8645289540290833, 0.8617648482322693, 0.8634645342826843, 0.861552894115448, 0.8637345433235168, 0.8633202314376831, 0.8592157363891602, 0.8572951555252075, 0.8586006164550781, 0.8614160418510437, 0.8637419939041138, 0.8636065721511841, 0.864815354347229] 
--- 
Validation loss history = [0.6266636848449707, 0.5858616828918457, 0.5702139139175415, 0.5543914437294006, 0.5312036871910095, 0.48663246631622314, 0.4612766206264496, 0.5728754997253418, 0.4705891013145447, 0.4357920289039612, 0.4085131883621216, 0.41030463576316833, 0.4072708785533905, 0.39292240142822266, 0.39333227276802063, 0.38381698727607727, 0.3727603256702423, 0.38057106733322144, 0.36482828855514526, 0.373124897480011, 0.38995397090911865, 0.35680118203163147, 0.3650611639022827, 0.3546653091907501, 0.36849361658096313, 0.3946845233440399, 0.35128113627433777, 0.3495181202888489, 0.3459331691265106, 0.3544188141822815, 0.3480435013771057, 0.3409872055053711, 0.3391725718975067, 0.37606000900268555, 0.3336639404296875, 0.3709137439727783, 0.33592966198921204, 0.34025201201438904, 0.33929669857025146, 0.3480002284049988, 0.3316529393196106, 0.32839182019233704, 0.345619261264801, 0.33334481716156006, 0.33907046914100647, 0.3381759226322174, 0.33586639165878296, 0.4295392632484436, 0.35723939538002014, 0.34940633177757263, 0.33717116713523865, 0.34340816736221313, 0.3326379060745239, 0.3320840001106262, 0.338821142911911, 0.33401331305503845, 0.34304916858673096, 0.32589659094810486, 0.3240172863006592, 0.3284556567668915, 0.33276796340942383, 0.3225019872188568, 0.35649433732032776, 0.3235704004764557, 0.3305817246437073, 0.3274339437484741, 0.3217088282108307, 0.324371874332428, 0.3354753255844116, 0.33497554063796997, 0.3246396780014038, 0.32137081027030945, 0.3366718590259552, 0.32245129346847534, 0.32284414768218994, 0.3262506425380707, 0.33045512437820435, 0.320779412984848, 0.3267951011657715, 0.32944872975349426, 0.3204050064086914, 0.32673144340515137, 0.3221873641014099, 0.3263815939426422, 0.33922749757766724, 0.32535430788993835, 0.33027997612953186, 0.31964582204818726, 0.33363720774650574, 0.3164249062538147, 0.312714546918869, 0.3229427933692932, 0.3181590735912323, 0.3376407325267792, 0.33113500475883484, 0.3207502067089081, 0.312330424785614, 0.3239637613296509, 0.31663990020751953, 0.3183024823665619] 
Validation accuracy history = [0.6460592746734619, 0.6928778290748596, 0.7109544277191162, 0.7212581634521484, 0.7395155429840088, 0.7698842883110046, 0.7807303071022034, 0.7091467976570129, 0.7906724214553833, 0.8007953763008118, 0.8168835639953613, 0.8148951530456543, 0.8138105273246765, 0.8221257925033569, 0.8237527012825012, 0.8333333134651184, 0.8324295282363892, 0.8300795555114746, 0.8331525921821594, 0.8364063501358032, 0.8282718658447266, 0.8445408344268799, 0.8421908617019653, 0.8461677432060242, 0.836587131023407, 0.8264642357826233, 0.8412870764732361, 0.8490599989891052, 0.8450831770896912, 0.8396601676940918, 0.8400216698646545, 0.8459869623184204, 0.849240779876709, 0.839479386806488, 0.8508676886558533, 0.8344179391860962, 0.8506869077682495, 0.8481561541557312, 0.849240779876709, 0.8458062410354614, 0.8517715334892273, 0.8528560996055603, 0.8479754328727722, 0.8490599989891052, 0.8517715334892273, 0.8528560996055603, 0.8543022274971008, 0.7792841792106628, 0.8398409485816956, 0.8403832316398621, 0.8476138710975647, 0.849240779876709, 0.8533983826637268, 0.8517715334892273, 0.8450831770896912, 0.8555676341056824, 0.8479754328727722, 0.8591829538345337, 0.8602675199508667, 0.8564714193344116, 0.8582791090011597, 0.8590021729469299, 0.847252368927002, 0.8579175472259521, 0.8553868532180786, 0.8561099171638489, 0.8577368259429932, 0.8611713647842407, 0.8496023416519165, 0.8496023416519165, 0.8580983281135559, 0.8606290817260742, 0.8499638438224792, 0.8584598898887634, 0.8566522002220154, 0.8570137619972229, 0.8555676341056824, 0.8620752096176147, 0.8570137619972229, 0.8533983826637268, 0.8541214466094971, 0.8568329811096191, 0.8595444560050964, 0.8571944832801819, 0.8528560996055603, 0.8580983281135559, 0.8564714193344116, 0.8611713647842407, 0.8533983826637268, 0.8629790544509888, 0.8593636751174927, 0.8593636751174927, 0.8631597757339478, 0.8523138165473938, 0.848336935043335, 0.8550252914428711, 0.861894428730011, 0.8593636751174927, 0.8579175472259521, 0.8633405566215515] 
Validation f1 history = [0.6450444459915161, 0.6910205483436584, 0.7096199989318848, 0.7200387716293335, 0.7390134334564209, 0.7700419425964355, 0.7808570861816406, 0.7081559300422668, 0.7907060384750366, 0.8007844090461731, 0.8167577981948853, 0.8148481845855713, 0.8138216733932495, 0.8221251964569092, 0.823750913143158, 0.8333762288093567, 0.832369863986969, 0.8300990462303162, 0.8331955671310425, 0.8364470601081848, 0.8282410502433777, 0.8445756435394287, 0.8422016501426697, 0.8461756110191345, 0.8365761041641235, 0.8264347314834595, 0.8412725925445557, 0.8490399718284607, 0.8450402021408081, 0.8396984934806824, 0.8400081396102905, 0.8459433913230896, 0.8492721915245056, 0.8394662737846375, 0.8508205413818359, 0.8343827128410339, 0.8506399393081665, 0.8481883406639099, 0.8492721915245056, 0.8458143472671509, 0.8517753481864929, 0.8528591394424438, 0.847956120967865, 0.8490657806396484, 0.8517753481864929, 0.8528848886489868, 0.8543042540550232, 0.7792887687683105, 0.8398533463478088, 0.8403952717781067, 0.8476464748382568, 0.8492721915245056, 0.8534268140792847, 0.8518010973930359, 0.8450918197631836, 0.8555944561958313, 0.847956120967865, 0.8592071533203125, 0.8602651953697205, 0.856471836566925, 0.8582524061203003, 0.8590264916419983, 0.8472335934638977, 0.8579169511795044, 0.8553880453109741, 0.8561105728149414, 0.8577362895011902, 0.861168384552002, 0.8496077060699463, 0.8496077060699463, 0.8581233620643616, 0.8606264591217041, 0.8499947190284729, 0.8584330081939697, 0.8566524982452393, 0.8569879531860352, 0.8555687069892883, 0.8620973229408264, 0.8570653796195984, 0.8534268140792847, 0.854123592376709, 0.8568847179412842, 0.8595942854881287, 0.8572201728820801, 0.8528333306312561, 0.8580717444419861, 0.856471836566925, 0.8611941337585449, 0.8534526228904724, 0.8630005121231079, 0.859362006187439, 0.8593878149986267, 0.8631553649902344, 0.852342963218689, 0.8483432531356812, 0.855000913143158, 0.8619166612625122, 0.8593878149986267, 0.8579427003860474, 0.8633876442909241] 
--- 
Radius of the CI = 0.006823867814708567 
True classification of the model is likely between 0.8560256657431833 and 0.8696734013726004 
--- 
Test accuracy = 0.8628495335578918 
Confusion matrix (invalid | valid) = 
 [[4220  617]
 [ 722 4204]] 
--- 
