This file contains information about the resnet model 
Analysis directory = C:\Users\cdetr\Documents\GitHub\nomics\nomics-AI/data/task2/tfe/without_oe/analysis_backup 
--- 
Segmentation value = 900.0 
Downsampling value = 1.0 
Signal frequency = 1.0 Hz 
Batch size = 32 
Standard scale = 0 
Stateful = 0 
Sliding window = 1 
Center of interest = 180 
Full sequence = 0 
Return sequences = 0 
Data balancing = 1 
--- 
Log time = 19-06-2022 11-30-27 
--- 
Num of epochs = 100, early stop after 50 epochs 
Epochs training computation time history (in sec) = [24.49901056289673, 19.98800277709961, 21.009000539779663, 20.044557332992554, 19.988999128341675, 19.76799988746643, 19.641013860702515, 19.617998361587524, 19.478996753692627, 19.894004344940186, 20.399999380111694, 19.762999773025513, 19.839991569519043, 19.71399998664856, 19.673015117645264, 19.75399923324585, 19.51999807357788, 19.812999486923218, 19.886999368667603, 21.001998901367188, 19.79499888420105, 20.789998292922974, 20.07800054550171, 20.135006427764893, 20.132966995239258, 20.057000875473022, 20.013000011444092, 20.54500102996826, 19.874998569488525, 19.817999601364136, 20.646999835968018, 20.396000146865845, 19.758527755737305, 19.809247732162476, 19.498998880386353, 19.67199993133545, 19.704999685287476, 20.291706800460815, 19.789302825927734, 19.871000051498413, 19.77798843383789, 19.906001329421997, 20.012001037597656, 19.845998525619507, 20.901000261306763, 19.983997583389282, 19.750000953674316, 19.621997356414795, 20.09600043296814, 20.003998279571533] 
Epochs training computation time mean (in sec) = 20.07744647026062 
--- 
Training loss history = [0.3324975073337555, 0.26989778876304626, 0.2543891668319702, 0.24444209039211273, 0.24020572006702423, 0.22809617221355438, 0.21261338889598846, 0.2006409764289856, 0.1924268901348114, 0.19057273864746094, 0.1946440041065216, 0.1823192834854126, 0.1735333353281021, 0.16975973546504974, 0.15387529134750366, 0.1509331464767456, 0.15179568529129028, 0.14572346210479736, 0.13799843192100525, 0.1246957927942276, 0.11722010374069214, 0.10777908563613892, 0.10261882841587067, 0.09994332492351532, 0.0857762023806572, 0.08082932978868484, 0.08010780066251755, 0.06910873204469681, 0.07101400941610336, 0.052886586636304855, 0.053625985980033875, 0.04924425855278969, 0.05146017670631409, 0.04815017431974411, 0.044576264917850494, 0.044192805886268616, 0.04409529268741608, 0.0452347956597805, 0.040954094380140305, 0.037159256637096405, 0.03680439293384552, 0.05263886600732803, 0.05258208140730858, 0.03776504471898079, 0.03271672502160072, 0.02667984552681446, 0.029985057190060616, 0.02799670584499836, 0.026116028428077698, 0.030561916530132294] 
Training accuracy history = [0.8555710911750793, 0.8906130790710449, 0.8978631496429443, 0.9005342125892639, 0.9036504626274109, 0.9085474610328674, 0.9188501834869385, 0.9223480224609375, 0.9278809428215027, 0.9259730577468872, 0.9264817833900452, 0.9300432205200195, 0.9342406392097473, 0.9357669949531555, 0.9426990747451782, 0.9425718784332275, 0.9437165856361389, 0.9432714581489563, 0.946896493434906, 0.9524294137954712, 0.9571991562843323, 0.9594886898994446, 0.960633397102356, 0.9619053602218628, 0.967629075050354, 0.9711905121803284, 0.9710633158683777, 0.9754515290260315, 0.9734164476394653, 0.9809845089912415, 0.9814932346343994, 0.983464777469635, 0.981238842010498, 0.9816840291023254, 0.9850546717643738, 0.9856270551681519, 0.9845459461212158, 0.9844187498092651, 0.9862630367279053, 0.986390233039856, 0.9881073236465454, 0.9822564125061035, 0.9817476272583008, 0.9877893924713135, 0.9894428849220276, 0.9907148480415344, 0.9899516701698303, 0.9909692406654358, 0.9907148480415344, 0.9895700812339783] 
Training f1 history = [0.8555428385734558, 0.8906461000442505, 0.8974635601043701, 0.9004487991333008, 0.9034552574157715, 0.9082401394844055, 0.9188473224639893, 0.9223406910896301, 0.9279725551605225, 0.9259611964225769, 0.9264693260192871, 0.9301320910453796, 0.9342182874679565, 0.9358485341072083, 0.9426659941673279, 0.942538857460022, 0.9435763955116272, 0.9432376027107239, 0.9466463327407837, 0.9523839354515076, 0.95704185962677, 0.9595401287078857, 0.9605775475502014, 0.9619537591934204, 0.967670202255249, 0.9711212515830994, 0.970994234085083, 0.975482702255249, 0.9734501838684082, 0.9810086488723755, 0.9815167784690857, 0.9833799004554749, 0.9812626838684082, 0.9817073345184326, 0.9850736856460571, 0.985539436340332, 0.9845655560493469, 0.9843326210975647, 0.9862805008888245, 0.9861958026885986, 0.9881224632263184, 0.9822789430618286, 0.9817708134651184, 0.9876989722251892, 0.989350438117981, 0.9906207323074341, 0.9899644255638123, 0.9909806847572327, 0.9906207323074341, 0.9895833134651184] 
--- 
Validation loss history = [0.4136366546154022, 0.2607271075248718, 0.2899033725261688, 0.5759587287902832, 0.41105881333351135, 0.24953237175941467, 0.61424320936203, 0.5262086987495422, 0.19146226346492767, 0.21537137031555176, 0.3162945508956909, 0.1901148408651352, 0.2438061386346817, 0.19936004281044006, 0.19877766072750092, 0.20352649688720703, 0.20535556972026825, 0.1839628964662552, 0.2614865303039551, 0.34695306420326233, 0.15467387437820435, 0.17295555770397186, 0.16827496886253357, 0.14941181242465973, 0.508404552936554, 0.13732872903347015, 0.34872370958328247, 0.18466022610664368, 0.48373740911483765, 0.10391664505004883, 0.19308440387248993, 0.794100821018219, 0.11717113852500916, 0.5277554988861084, 0.1979900747537613, 0.1388382464647293, 0.18272772431373596, 0.19677621126174927, 0.4522515535354614, 0.07917695492506027, 2.139925718307495, 0.23187516629695892, 0.22718755900859833, 0.14313387870788574, 1.407668948173523, 0.1648549735546112, 0.3297514319419861, 0.17637372016906738, 0.18461120128631592, 0.18506105244159698] 
Validation accuracy history = [0.8278031945228577, 0.8844393491744995, 0.8684210777282715, 0.75, 0.8163615465164185, 0.8872997760772705, 0.7814645171165466, 0.7974828481674194, 0.9256293177604675, 0.9130434989929199, 0.8781464695930481, 0.926201343536377, 0.8958809971809387, 0.9273455142974854, 0.9159038662910461, 0.9159038662910461, 0.9273455142974854, 0.9324942827224731, 0.8895881175994873, 0.8369565010070801, 0.9439359307289124, 0.9387871623039246, 0.942791759967804, 0.948512613773346, 0.8243706822395325, 0.9542334079742432, 0.8518306612968445, 0.9496567249298096, 0.8661327362060547, 0.961670458316803, 0.9313501119613647, 0.7339816689491272, 0.9559496641159058, 0.8970251679420471, 0.9239130616188049, 0.9582380056381226, 0.9336384534835815, 0.9359267950057983, 0.8541190028190613, 0.9759725332260132, 0.7276887893676758, 0.9170480370521545, 0.9273455142974854, 0.950800895690918, 0.7820366024971008, 0.9582380056381226, 0.9016018509864807, 0.9490846395492554, 0.9462242722511292, 0.931922197341919] 
Validation f1 history = [0.8279544711112976, 0.8848863244056702, 0.8682953715324402, 0.7503408193588257, 0.8172726631164551, 0.8873863220214844, 0.7812499403953552, 0.7978408336639404, 0.9257954955101013, 0.9132954478263855, 0.8782954216003418, 0.9263636469841003, 0.8962500095367432, 0.9275000095367432, 0.9161363244056702, 0.9164772629737854, 0.9271591305732727, 0.9329545497894287, 0.88965904712677, 0.836704432964325, 0.9443181753158569, 0.9388636350631714, 0.9431818127632141, 0.9488636255264282, 0.8242044448852539, 0.9545454382896423, 0.8524999618530273, 0.949999988079071, 0.8663635849952698, 0.9615909457206726, 0.9318181872367859, 0.7351136207580566, 0.956250011920929, 0.8973863124847412, 0.9237500429153442, 0.9585227370262146, 0.9337500333786011, 0.9363636374473572, 0.8540908098220825, 0.9757954478263855, 0.7281817197799683, 0.9176135659217834, 0.9275000095367432, 0.9511363506317139, 0.7824999094009399, 0.9585227370262146, 0.9015909433364868, 0.9487500190734863, 0.9465909004211426, 0.9320454597473145] 
--- 
Radius of the CI = 0.004748197941870781 
True classification of the model is likely between 0.968923953623681 and 0.9784203495074225 
--- 
Test accuracy = 0.9736721515655518 
Confusion matrix (0 | 1) = 
 [[2052   93]
 [  22 2201]] 
--- 
