This file contains information about the lstm model 
Analysis directory = C:\Users\cdetr\Documents\GitHub\nomics\jawac_processing_nomics/data/valid_invalid_analysis 
--- 
Segmentation value = 60.0 
Downsampling value = 1.0 
Signal frequency = 1.0 Hz 
Batch size = 32 
Standard scale = 0 
Stateful = 0 
Sliding window = 0 
Center of interest = 10 
Full sequence = 0 
Return sequences = 1 
Data balancing = 0 
--- 
Log time = 10-04-2022 15-43-42 
--- 
Num of epochs = 100, early stop after 54 epochs 
Epochs training computation time history (in sec) = [48.86414551734924, 43.12286877632141, 43.73623323440552, 46.618003129959106, 45.872514486312866, 45.305604219436646, 43.46853804588318, 46.27099061012268, 46.37748432159424, 48.22606825828552, 47.4740252494812, 49.03893208503723, 46.0265851020813, 47.31340503692627, 47.83269548416138, 46.97055649757385, 48.58088994026184, 48.701271295547485, 49.135087966918945, 47.12158536911011, 47.74962568283081, 47.31582307815552, 48.19705247879028, 47.87079620361328, 51.327937841415405, 46.682952642440796, 47.30007553100586, 47.09515357017517, 47.11100459098816, 50.40243220329285, 50.23854088783264, 47.704631090164185, 48.86719465255737, 49.945765256881714, 48.51818609237671, 51.28147220611572, 48.32573461532593, 47.1502902507782, 51.5380437374115, 47.347023725509644, 48.796619176864624, 49.575443744659424, 49.24041128158569, 50.13088083267212, 50.7000629901886, 51.61497735977173, 54.03363490104675, 52.847445487976074, 51.94978904724121, 52.68857169151306, 48.30994153022766, 50.94516706466675, 51.47086429595947, 56.09195923805237] 
Epochs training computation time mean (in sec) = 48.63746277049736 
--- 
Training loss history = [0.14117975533008575, 0.11413630098104477, 0.10814082622528076, 0.10544414818286896, 0.10332253575325012, 0.09678913652896881, 0.09856553375720978, 0.10415951162576675, 0.09945715218782425, 0.09814050048589706, 0.10361036658287048, 0.09775938093662262, 0.09561475366353989, 0.09726504236459732, 0.09627534449100494, 0.09273272752761841, 0.09862522780895233, 0.09518561512231827, 0.09023654460906982, 0.09453992545604706, 0.09047355502843857, 0.0949159786105156, 0.09141887724399567, 0.0948253870010376, 0.09344759583473206, 0.09467693418264389, 0.09406612813472748, 0.10026108473539352, 0.09478790313005447, 0.09679388254880905, 0.09343502670526505, 0.09209738671779633, 0.09153628349304199, 0.09306726604700089, 0.08742628246545792, 0.0882602334022522, 0.08678259700536728, 0.08988943696022034, 0.08868017792701721, 0.09413149207830429, 0.0951685830950737, 0.09076745063066483, 0.08966966718435287, 0.0875236764550209, 0.08446428179740906, 0.08993924409151077, 0.09281900525093079, 0.08963815122842789, 0.08666045218706131, 0.08895201236009598, 0.08761163055896759, 0.0872981995344162, 0.087822824716568, 0.09199191629886627] 
Training accuracy history = [0.9571713805198669, 0.9612019658088684, 0.962374210357666, 0.962644636631012, 0.9642260074615479, 0.9650356769561768, 0.9665567874908447, 0.9625857472419739, 0.9637548923492432, 0.9644050598144531, 0.9625012278556824, 0.9651595950126648, 0.9644663333892822, 0.963757336139679, 0.9644067883491516, 0.966734766960144, 0.9664362668991089, 0.9674695134162903, 0.971394956111908, 0.9675341844558716, 0.9680271744728088, 0.9688450694084167, 0.9686526656150818, 0.9669977426528931, 0.9660243988037109, 0.9659816026687622, 0.9645211100578308, 0.9652366638183594, 0.9665578007698059, 0.9673188328742981, 0.9680583477020264, 0.9688485264778137, 0.9695184826850891, 0.9671884179115295, 0.9716020822525024, 0.9725552201271057, 0.9718643426895142, 0.9678412675857544, 0.9695969223976135, 0.9672329425811768, 0.9669172763824463, 0.9694777727127075, 0.970518171787262, 0.970899224281311, 0.9709940552711487, 0.9696650505065918, 0.969484269618988, 0.9696270227432251, 0.9714726805686951, 0.9704233407974243, 0.9720752239227295, 0.9708632826805115, 0.971405565738678, 0.9679621458053589] 
Training f1 history = [0.9571447968482971, 0.961219072341919, 0.9623461365699768, 0.9626607894897461, 0.964242160320282, 0.9650508165359497, 0.966572642326355, 0.9626027941703796, 0.9636803865432739, 0.9643765687942505, 0.9625088572502136, 0.9651758074760437, 0.964436948299408, 0.9637739658355713, 0.9643442630767822, 0.9666661620140076, 0.9664511680603027, 0.9674819111824036, 0.9714070558547974, 0.967549204826355, 0.9680396318435669, 0.9688146710395813, 0.9686657786369324, 0.9669718146324158, 0.9660113453865051, 0.9659957885742188, 0.9644913077354431, 0.9652528762817383, 0.9665729403495789, 0.9673341512680054, 0.9680722951889038, 0.9688621163368225, 0.9695315361022949, 0.967203676700592, 0.9716145396232605, 0.9725661277770996, 0.9718387126922607, 0.9677983522415161, 0.9696095585823059, 0.967201828956604, 0.9669278264045715, 0.9694904685020447, 0.9705231189727783, 0.9709117412567139, 0.9710066914558411, 0.9696783423423767, 0.96949702501297, 0.9696406126022339, 0.9714851975440979, 0.9704366326332092, 0.9720877408981323, 0.9708332419395447, 0.9714167714118958, 0.967976450920105] 
--- 
Validation loss history = [0.10527132451534271, 0.08981684595346451, 0.08910773694515228, 0.09527032822370529, 0.09125831723213196, 0.09277384728193283, 0.09524872153997421, 0.0888848751783371, 0.09600084275007248, 0.09126957505941391, 0.09335323423147202, 0.09125072509050369, 0.09055168181657791, 0.09037654101848602, 0.0898405984044075, 0.09210626780986786, 0.08550336211919785, 0.08184147626161575, 0.08828385919332504, 0.08194512128829956, 0.0826309323310852, 0.08740827441215515, 0.08431638777256012, 0.08438798040151596, 0.08155457675457001, 0.09676279872655869, 0.08252977579832077, 0.08121753484010696, 0.08931372314691544, 0.08807195723056793, 0.08316844701766968, 0.08337964117527008, 0.09373065829277039, 0.07568828761577606, 0.08187130093574524, 0.07888676971197128, 0.08937347680330276, 0.08292888104915619, 0.0814158022403717, 0.0920911654829979, 0.08897904306650162, 0.07817856967449188, 0.07953272759914398, 0.09744541347026825, 0.10078735649585724, 0.08106716722249985, 0.08511088788509369, 0.079256072640419, 0.08143220841884613, 0.08045965433120728, 0.09835420548915863, 0.08479997515678406, 0.08241124451160431, 0.08610205352306366] 
Validation accuracy history = [0.9601725339889526, 0.9695317149162292, 0.9676986932754517, 0.9648675322532654, 0.9667467474937439, 0.968961775302887, 0.9624060392379761, 0.9693284034729004, 0.9659334421157837, 0.9652526378631592, 0.9676432609558105, 0.965440571308136, 0.9653604626655579, 0.9651355743408203, 0.9657732844352722, 0.9691188931465149, 0.9693900346755981, 0.975363552570343, 0.9687523245811462, 0.974014163017273, 0.9718638062477112, 0.9709950685501099, 0.9714818000793457, 0.9665588140487671, 0.9673690795898438, 0.9699692130088806, 0.9698305726051331, 0.9713216423988342, 0.9674522280693054, 0.964171290397644, 0.9704959988594055, 0.9719223380088806, 0.9638077616691589, 0.9734534621238708, 0.9736321568489075, 0.9756900668144226, 0.9676833152770996, 0.9703265428543091, 0.9734966158866882, 0.9638786315917969, 0.9684257507324219, 0.9725785851478577, 0.9738016128540039, 0.9615588188171387, 0.9629266858100891, 0.9720671772956848, 0.9683733582496643, 0.974140465259552, 0.9735243320465088, 0.9738632440567017, 0.9640973210334778, 0.9715249538421631, 0.9725692868232727, 0.968875527381897] 
Validation f1 history = [0.9603920578956604, 0.9696998000144958, 0.9678770899772644, 0.9650614261627197, 0.9669302701950073, 0.9691329002380371, 0.9626133441925049, 0.9694976806640625, 0.9661217331886292, 0.9654443264007568, 0.9678218960762024, 0.9656311869621277, 0.9655513167381287, 0.965327799320221, 0.9659619331359863, 0.9692890644073486, 0.9695590138435364, 0.97549968957901, 0.9689245820045471, 0.9741573333740234, 0.9720187783241272, 0.9711549878120422, 0.971639096736908, 0.9667433500289917, 0.9675491452217102, 0.9701346755027771, 0.9699971675872803, 0.9714797735214233, 0.9676318764686584, 0.9643686413764954, 0.9706592559814453, 0.9720774292945862, 0.9640071392059326, 0.9735999703407288, 0.9737772941589355, 0.9758241772651672, 0.9678616523742676, 0.9704905152320862, 0.973642885684967, 0.9640778303146362, 0.9686000943183899, 0.9727298617362976, 0.9739461541175842, 0.9617708325386047, 0.9631311893463135, 0.9722213745117188, 0.9685479402542114, 0.9742832183837891, 0.9736701250076294, 0.9740073680877686, 0.9642953276634216, 0.9716821312904358, 0.9727204442024231, 0.9690470695495605] 
--- 
Radius of the CI = 0.0033421233428284954 
True classification of the model is likely between 0.9680856749283507 and 0.9747699216140077 
--- 
Test accuracy = 0.9714277982711792 
Confusion matrix (0 | 1) = 
 [[267468   3471]
 [ 12894 288927]] 
--- 
