This file contains information about the lstm model 
Analysis directory = C:\Users\cdetr\Documents\GitHub\nomics\jawac_processing_nomics/data/awake_sleep_analysis_update 
--- 
Segmentation value = 120.0 
Downsampling value = 1.0 
Signal frequency = 1.0 Hz 
Batch size = 16 
Standard scale = 0 
Stateful = 0 
Sliding window = 1 
Center of interest = 60 
Full sequence = 0 
Return sequences = 0 
Data balancing = 1 
--- 
Log time = 20-04-2022 11-11-50 
--- 
Num of epochs = 100, early stop after 63 epochs 
Epochs training computation time history (in sec) = [57.24600172042847, 50.047000885009766, 52.07299852371216, 54.04401397705078, 53.997013568878174, 41.19200015068054, 39.26400136947632, 38.964000940322876, 39.85600233078003, 39.53900098800659, 37.88900136947632, 39.12600088119507, 40.53300189971924, 40.88900089263916, 39.01699948310852, 37.73799705505371, 39.0609986782074, 40.005998373031616, 40.39300179481506, 39.1080002784729, 39.281002044677734, 37.17699980735779, 37.7309992313385, 38.47298884391785, 37.69700002670288, 38.170000314712524, 40.803000926971436, 38.364999532699585, 36.81100082397461, 38.160003900527954, 40.416990518569946, 39.59299945831299, 39.56800031661987, 38.78100061416626, 36.953004598617554, 39.075000524520874, 38.723999977111816, 38.70101761817932, 38.54300308227539, 39.31000471115112, 39.02800107002258, 36.507993936538696, 37.266002893447876, 38.895997524261475, 37.15499973297119, 37.86000847816467, 38.48799800872803, 39.3809974193573, 38.08500075340271, 39.076014280319214, 41.195998430252075, 40.64100003242493, 39.3410005569458, 40.60301494598389, 38.54800009727478, 38.34399652481079, 39.7900013923645, 40.473999977111816, 40.44499444961548, 41.70098948478699, 42.31000089645386, 39.12799882888794, 41.39200043678284] 
Epochs training computation time mean (in sec) = 40.28525495529175 
--- 
Training loss history = [0.6656922101974487, 0.660174548625946, 0.6204485297203064, 0.503695547580719, 0.43556836247444153, 0.40818968415260315, 0.38807475566864014, 0.3800264894962311, 0.362666517496109, 0.36138662695884705, 0.348225474357605, 0.3466631770133972, 0.3414606750011444, 0.3339448869228363, 0.33038273453712463, 0.3283788859844208, 0.3251633048057556, 0.323306679725647, 0.3209594190120697, 0.32002684473991394, 0.3211420178413391, 0.31731945276260376, 0.3082726299762726, 0.29814955592155457, 0.2893249988555908, 0.2955431044101715, 0.2844061553478241, 0.2729512155056, 0.38715389370918274, 0.6253408193588257, 0.5462590456008911, 0.4044646918773651, 0.35683056712150574, 0.30635005235671997, 0.2947929799556732, 0.29555484652519226, 0.28369030356407166, 0.27756330370903015, 0.27500882744789124, 0.27594485878944397, 0.3162311613559723, 0.2861705720424652, 0.2808256447315216, 0.2999500632286072, 0.46995967626571655, 0.4767744243144989, 0.5028917789459229, 0.4282051920890808, 0.32159537076950073, 0.3060469925403595, 0.389602392911911, 0.348891943693161, 0.38056135177612305, 0.4301941394805908, 0.44993874430656433, 0.39959973096847534, 0.4499135911464691, 0.577401876449585, 0.5920166969299316, 0.5720232129096985, 0.5688750147819519, 0.5993152856826782, 0.5854352712631226] 
Training accuracy history = [0.5902062058448792, 0.5977902412414551, 0.654956042766571, 0.7644287347793579, 0.8079051971435547, 0.8193763494491577, 0.8296222686767578, 0.8332136273384094, 0.8393822908401489, 0.8399738073348999, 0.8460791110992432, 0.850114107131958, 0.8506211042404175, 0.8542546629905701, 0.8563461303710938, 0.8559024930000305, 0.8561137318611145, 0.8581629395484924, 0.8596417307853699, 0.8616275191307068, 0.8606979846954346, 0.8599374890327454, 0.8657047748565674, 0.8719578981399536, 0.8774505853652954, 0.8741127252578735, 0.88066166639328, 0.8865768313407898, 0.8038279414176941, 0.6513013243675232, 0.7213748693466187, 0.8119824528694153, 0.839065432548523, 0.8694228529930115, 0.8759506344795227, 0.8745352625846863, 0.8806194067001343, 0.8845487833023071, 0.8856261372566223, 0.8844642639160156, 0.8663596510887146, 0.8789082169532776, 0.881950318813324, 0.8721902966499329, 0.7743366360664368, 0.7762590646743774, 0.7595698833465576, 0.8053489923477173, 0.8676483035087585, 0.8726339340209961, 0.8253971338272095, 0.8501985669136047, 0.8342065215110779, 0.8095107078552246, 0.7910469770431519, 0.8251225352287292, 0.7913427352905273, 0.688249945640564, 0.6797152161598206, 0.7026787400245667, 0.7050025463104248, 0.6699129343032837, 0.6949678659439087] 
Training f1 history = [0.5901697874069214, 0.5977736711502075, 0.6549931764602661, 0.7644473910331726, 0.8079164624214172, 0.8193434476852417, 0.8296087384223938, 0.8332206010818481, 0.8393248319625854, 0.8400007486343384, 0.8461050987243652, 0.8501182794570923, 0.850625216960907, 0.8542370200157166, 0.8563492894172668, 0.8559268116950989, 0.8560957908630371, 0.8581869006156921, 0.8596442937850952, 0.8616085648536682, 0.8607215285301208, 0.8599188923835754, 0.8657063245773315, 0.8719373345375061, 0.8774712681770325, 0.8741129040718079, 0.8806818127632141, 0.8865537047386169, 0.8037554621696472, 0.6513179540634155, 0.7213584780693054, 0.8119718432426453, 0.8390714526176453, 0.8694449067115784, 0.8759293556213379, 0.874535322189331, 0.8806395530700684, 0.8845471739768982, 0.8856032490730286, 0.8844415545463562, 0.8663610816001892, 0.8789075613021851, 0.881928026676178, 0.8721907734870911, 0.7743324637413025, 0.7762756943702698, 0.7596104145050049, 0.8053818941116333, 0.8676706552505493, 0.87265545129776, 0.8254055380821228, 0.8502027988433838, 0.8342345356941223, 0.8095006942749023, 0.7910611033439636, 0.8251309394836426, 0.7913357615470886, 0.6882392168045044, 0.6797270774841309, 0.702686607837677, 0.704988956451416, 0.6699264645576477, 0.6949348449707031] 
--- 
Validation loss history = [0.6497388482093811, 0.6517844796180725, 0.6071947813034058, 0.4317082166671753, 0.4174293279647827, 0.4256116449832916, 0.361477792263031, 0.3683673143386841, 0.3498859703540802, 0.35164666175842285, 0.33614131808280945, 0.3491358160972595, 0.3313522934913635, 0.3301362991333008, 0.32423171401023865, 0.3318297266960144, 0.31926998496055603, 0.32625067234039307, 0.31906604766845703, 0.3298070728778839, 0.30734071135520935, 0.3131307065486908, 0.30137118697166443, 0.30458587408065796, 0.2846978008747101, 0.30565640330314636, 0.2914777994155884, 0.2992974817752838, 0.6436110138893127, 0.5794638991355896, 0.4442204236984253, 0.39895761013031006, 0.30729347467422485, 0.29317378997802734, 0.29667913913726807, 0.28672683238983154, 0.27717211842536926, 0.27387553453445435, 0.2981772720813751, 0.2841775715351105, 0.2843187153339386, 0.2843115031719208, 0.2717370092868805, 0.39884287118911743, 0.3836734890937805, 0.47141972184181213, 0.46142393350601196, 0.3455260694026947, 0.3080903887748718, 0.28526735305786133, 0.36641964316368103, 0.3164352476596832, 0.3074764907360077, 0.4333326816558838, 0.4124286472797394, 0.3685634434223175, 0.4430234134197235, 0.5673017501831055, 0.5543880462646484, 0.5451236367225647, 0.5300504565238953, 0.5877267122268677, 0.5672019720077515] 
Validation accuracy history = [0.6186311841011047, 0.6163498163223267, 0.6711026430130005, 0.8070341944694519, 0.8131178617477417, 0.80931556224823, 0.8429657816886902, 0.8332699537277222, 0.8418250679969788, 0.8452471494674683, 0.8528516888618469, 0.8560836315155029, 0.8511406779289246, 0.8581749200820923, 0.8600760698318481, 0.8598859310150146, 0.8606463670730591, 0.8574144244194031, 0.8614068627357483, 0.8614068627357483, 0.8674904704093933, 0.8642585277557373, 0.8724334836006165, 0.8711026906967163, 0.8844106197357178, 0.8752851486206055, 0.8815589547157288, 0.8762357234954834, 0.6363117694854736, 0.6975285410881042, 0.7775665521621704, 0.8106464147567749, 0.8699619770050049, 0.877756655216217, 0.8762357234954834, 0.8752851486206055, 0.8866919875144958, 0.8878327012062073, 0.8817490339279175, 0.8823193907737732, 0.8832699656486511, 0.8779467940330505, 0.8859315514564514, 0.8167300224304199, 0.831939160823822, 0.7853612303733826, 0.7863118052482605, 0.855133056640625, 0.8697718381881714, 0.8846007585525513, 0.8372623324394226, 0.8697718381881714, 0.8707224130630493, 0.8051331043243408, 0.812547504901886, 0.8412547707557678, 0.8001900911331177, 0.7038022875785828, 0.7214828729629517, 0.7197718620300293, 0.7363117933273315, 0.688022792339325, 0.7085551619529724] 
Validation f1 history = [0.6185410022735596, 0.6161347031593323, 0.671035885810852, 0.8070541620254517, 0.8130698800086975, 0.8091437816619873, 0.8428951501846313, 0.8332067131996155, 0.8418186902999878, 0.8453013896942139, 0.8528369069099426, 0.8560030460357666, 0.851190447807312, 0.8581560850143433, 0.8599923849105835, 0.8599290251731873, 0.860625684261322, 0.8574594259262085, 0.8615121841430664, 0.8613855242729187, 0.8675278425216675, 0.8642983436584473, 0.8724036812782288, 0.8710106611251831, 0.8844351172447205, 0.8753165602684021, 0.88164883852005, 0.876266360282898, 0.6362714767456055, 0.6974416971206665, 0.7775455713272095, 0.8106635808944702, 0.8699973225593567, 0.8777862191200256, 0.8762664198875427, 0.8753165006637573, 0.8867147564888, 0.8878545761108398, 0.8817755579948425, 0.8823453783988953, 0.8832952976226807, 0.8779761791229248, 0.8859548568725586, 0.8167425990104675, 0.8318768739700317, 0.7852709293365479, 0.7862207293510437, 0.8551165461540222, 0.8698074817657471, 0.8846884369850159, 0.8371959328651428, 0.8697441220283508, 0.8707573413848877, 0.8050910830497742, 0.8124998807907104, 0.8411853909492493, 0.8000885248184204, 0.703710675239563, 0.7214412093162537, 0.7197314500808716, 0.7361955046653748, 0.6879432201385498, 0.7083966135978699] 
--- 
Radius of the CI = 0.005395360640377825 
True classification of the model is likely between 0.882361285039096 and 0.8931520063198517 
--- 
Test accuracy = 0.8877566456794739 
Confusion matrix (0 | 1) = 
 [[6177  460]
 [1016 5497]] 
--- 
