This file contains information about the lstm model 
Analysis directory = C:\Users\cdetr\Documents\GitHub\nomics\jawac_processing_nomics/data/valid_invalid_analysis 
--- 
Segmentation value = 60.0 
Downsampling value = 1.0 
Signal frequency = 1.0 Hz 
Batch size = 16 
Standard scale = 0 
Stateful = 0 
Sliding window = 0 
Center of interest = 10 
Full sequence = 0 
Return sequences = 0 
Data balancing = 0 
--- 
Log time = 18-04-2022 08-17-29 
--- 
Num of epochs = 100, early stop after 64 epochs 
Epochs training computation time history (in sec) = [31.30398941040039, 26.651000499725342, 28.430999040603638, 28.378000020980835, 28.31600022315979, 29.333001136779785, 29.1150004863739, 28.86799693107605, 29.592000007629395, 30.00999927520752, 30.66600275039673, 29.359002351760864, 30.424998998641968, 30.231002807617188, 29.414997577667236, 29.861995697021484, 30.553001403808594, 30.123000144958496, 28.03398823738098, 29.12700366973877, 29.80799913406372, 31.464998960494995, 30.813000917434692, 29.440999746322632, 26.569999933242798, 27.343000888824463, 27.003997802734375, 24.807000398635864, 26.20000123977661, 25.824002981185913, 26.61799931526184, 26.98499822616577, 26.263002157211304, 26.178000450134277, 29.08800196647644, 29.239002466201782, 28.980998277664185, 29.118999242782593, 29.51800298690796, 30.05899167060852, 30.284000158309937, 30.382999897003174, 30.40998864173889, 31.800002098083496, 31.297003507614136, 32.78500032424927, 31.99699640274048, 31.834001064300537, 33.32400584220886, 32.50699996948242, 30.78601837158203, 29.58800196647644, 27.586000680923462, 27.880999326705933, 27.063002586364746, 26.00499200820923, 25.9730007648468, 24.96699857711792, 25.796000242233276, 26.818001747131348, 27.48898696899414, 27.48100209236145, 29.59699845314026, 28.681998014450073] 
Epochs training computation time mean (in sec) = 28.928890299052 
--- 
Training loss history = [0.10534541308879852, 0.05937888100743294, 0.04321911558508873, 0.03577602654695511, 0.0335070937871933, 0.03266143426299095, 0.028541428968310356, 0.026560340076684952, 0.02583889290690422, 0.025240199640393257, 0.02492678537964821, 0.023431098088622093, 0.023510413244366646, 0.021462757140398026, 0.022875692695379257, 0.02145223133265972, 0.021759971976280212, 0.02088117226958275, 0.023154258728027344, 0.020786087960004807, 0.022669818252325058, 0.02267627976834774, 0.020922131836414337, 0.020014526322484016, 0.021632324904203415, 0.01993098482489586, 0.021922824904322624, 0.020999595522880554, 0.021351857110857964, 0.019547048956155777, 0.022164903581142426, 0.0199239794164896, 0.02035260759294033, 0.020767834037542343, 0.021008668467402458, 0.019748741760849953, 0.02324136346578598, 0.021890796720981598, 0.020912831649184227, 0.021443476900458336, 0.018755048513412476, 0.01949191838502884, 0.02053850144147873, 0.021500423550605774, 0.018831662833690643, 0.017881054431200027, 0.018708407878875732, 0.018127817660570145, 0.019590387120842934, 0.01712953671813011, 0.0185856856405735, 0.01892782934010029, 0.01823875494301319, 0.017757724970579147, 0.023714683949947357, 0.020790260285139084, 0.018176207318902016, 0.018718527629971504, 0.019658906385302544, 0.01854514144361019, 0.018255122005939484, 0.017809763550758362, 0.021147897467017174, 0.022267719730734825] 
Training accuracy history = [0.9612199664115906, 0.9773886203765869, 0.985297441482544, 0.989427387714386, 0.989551305770874, 0.990212082862854, 0.9908522367477417, 0.9910587072372437, 0.9919673204421997, 0.991884708404541, 0.9924009442329407, 0.9928345680236816, 0.9928345680236816, 0.9931856393814087, 0.9931443333625793, 0.993660569190979, 0.9935779571533203, 0.993536651134491, 0.99277263879776, 0.9933921098709106, 0.99310302734375, 0.9931856393814087, 0.9936398863792419, 0.9936398863792419, 0.993887722492218, 0.994197428226471, 0.9935986399650574, 0.9937018752098083, 0.9933921098709106, 0.9934953451156616, 0.9930617213249207, 0.9941768050193787, 0.9940115809440613, 0.994218111038208, 0.993784487247467, 0.9942800402641296, 0.993536651134491, 0.993784487247467, 0.9940528869628906, 0.9939703345298767, 0.9944865703582764, 0.994321346282959, 0.99343341588974, 0.9931856393814087, 0.9941354990005493, 0.9943832755088806, 0.9946930408477783, 0.9948582649230957, 0.9945691227912903, 0.9950853586196899, 0.9945691227912903, 0.9944658875465393, 0.9947343468666077, 0.9947549700737, 0.993309497833252, 0.9935160279273987, 0.9948375821113586, 0.995002806186676, 0.99442458152771, 0.9948995113372803, 0.9947343468666077, 0.9949201941490173, 0.99442458152771, 0.993330180644989] 
Training f1 history = [0.9612239599227905, 0.9773910045623779, 0.9852989912033081, 0.9894284605979919, 0.9895430207252502, 0.9902130961418152, 0.9908531308174133, 0.9910596013069153, 0.9919680953025818, 0.9918855428695679, 0.9924017190933228, 0.9928353428840637, 0.9928353428840637, 0.9931862950325012, 0.9931356906890869, 0.9936612248420715, 0.9935786128044128, 0.9935373067855835, 0.9927733540534973, 0.993392825126648, 0.9931037425994873, 0.9931862950325012, 0.9936405420303345, 0.9936405420303345, 0.9938883185386658, 0.9941980242729187, 0.9935992956161499, 0.9937025308609009, 0.993392825126648, 0.9934960603713989, 0.993062436580658, 0.9941774010658264, 0.9940122365951538, 0.9942187070846558, 0.9937850832939148, 0.9942806363105774, 0.9935373067855835, 0.9937850832939148, 0.9940535426139832, 0.9939709305763245, 0.9944871068000793, 0.9943219423294067, 0.9934340715408325, 0.9931862950325012, 0.9941360950469971, 0.9943838715553284, 0.9946842193603516, 0.9948587417602539, 0.994569718837738, 0.9950858950614929, 0.994569718837738, 0.9944664835929871, 0.9947348833084106, 0.9947555065155029, 0.9933102130889893, 0.9935166835784912, 0.9948381185531616, 0.9950032830238342, 0.9944251775741577, 0.9949000477790833, 0.9947348833084106, 0.9949207305908203, 0.9944251775741577, 0.9933308362960815] 
--- 
Validation loss history = [0.06129826232790947, 0.03523380309343338, 0.03116358257830143, 0.03207923099398613, 0.018254181370139122, 0.0217277854681015, 0.018350301310420036, 0.01656562089920044, 0.016558019444346428, 0.01699061691761017, 0.018949037417769432, 0.016083210706710815, 0.017296046018600464, 0.01608947105705738, 0.016091737896203995, 0.016596155241131783, 0.01607988029718399, 0.015623255632817745, 0.015643063932657242, 0.015284478664398193, 0.01582491770386696, 0.021038711071014404, 0.015018852427601814, 0.015231496654450893, 0.014635700732469559, 0.014468505047261715, 0.01681683212518692, 0.01858469657599926, 0.022310908883810043, 0.016327090561389923, 0.014924262650310993, 0.01620372198522091, 0.014187204651534557, 0.0148876141756773, 0.017306648194789886, 0.01691727340221405, 0.016060778871178627, 0.014756129123270512, 0.018058691173791885, 0.014147195965051651, 0.015159791335463524, 0.015210968442261219, 0.03283078223466873, 0.013105392456054688, 0.013245929032564163, 0.020061129704117775, 0.014700515195727348, 0.013221420347690582, 0.01386334840208292, 0.01780860498547554, 0.014041139744222164, 0.013244573958218098, 0.013643386773765087, 0.013457306660711765, 0.021209685131907463, 0.01743319258093834, 0.014480503275990486, 0.014195260591804981, 0.016182560473680496, 0.015960820019245148, 0.013143236748874187, 0.023312289267778397, 0.016868291422724724, 0.014721553772687912] 
Validation accuracy history = [0.980858564376831, 0.9910797476768494, 0.9920089244842529, 0.9892213344573975, 0.9942389726638794, 0.9912655353546143, 0.9929381012916565, 0.9942389726638794, 0.9944248199462891, 0.9951682090759277, 0.9946106672286987, 0.9949823617935181, 0.9944248199462891, 0.9951682090759277, 0.9947965145111084, 0.9947965145111084, 0.9947965145111084, 0.9953539967536926, 0.9955398440361023, 0.9953539967536926, 0.9955398440361023, 0.9918230772018433, 0.995725691318512, 0.9955398440361023, 0.9946106672286987, 0.996283233165741, 0.9940531253814697, 0.9938673377037048, 0.9877346158027649, 0.9947965145111084, 0.9951682090759277, 0.9955398440361023, 0.9955398440361023, 0.9940531253814697, 0.9949823617935181, 0.9949823617935181, 0.9949823617935181, 0.9951682090759277, 0.9944248199462891, 0.9955398440361023, 0.9955398440361023, 0.9955398440361023, 0.9925664663314819, 0.995725691318512, 0.9966548681259155, 0.9946106672286987, 0.995725691318512, 0.9960973858833313, 0.995725691318512, 0.9923806190490723, 0.9964690804481506, 0.9960973858833313, 0.996283233165741, 0.9955398440361023, 0.9927522540092468, 0.9940531253814697, 0.996283233165741, 0.9953539967536926, 0.9959115386009216, 0.9955398440361023, 0.9970265626907349, 0.9912655353546143, 0.9934956431388855, 0.996283233165741] 
Validation f1 history = [0.9808976054191589, 0.9910979270935059, 0.9920251965522766, 0.9892433285713196, 0.9942507147789001, 0.9912833571434021, 0.9929525256156921, 0.9942507147789001, 0.9944362044334412, 0.9951780438423157, 0.9946216344833374, 0.9949925541877747, 0.9944362044334412, 0.9951780438423157, 0.9948071241378784, 0.9948071241378784, 0.9948071241378784, 0.9953634738922119, 0.9955489635467529, 0.9953634738922119, 0.9955489635467529, 0.9918397665023804, 0.9957343935966492, 0.9955489635467529, 0.9946216344833374, 0.9962908029556274, 0.9940652847290039, 0.9938797950744629, 0.9877596497535706, 0.9948071241378784, 0.9951780438423157, 0.9955489635467529, 0.9955489635467529, 0.9940652847290039, 0.9949925541877747, 0.9949925541877747, 0.9949925541877747, 0.9951780438423157, 0.9944362044334412, 0.9955489635467529, 0.9955489635467529, 0.9955489635467529, 0.9925816059112549, 0.9957343935966492, 0.9966617226600647, 0.9946216344833374, 0.9957343935966492, 0.9961053133010864, 0.9957343935966492, 0.9923961162567139, 0.9964762330055237, 0.9961053133010864, 0.9962908029556274, 0.9955489635467529, 0.9927670359611511, 0.9940652847290039, 0.9962908029556274, 0.9953634738922119, 0.9959198832511902, 0.9955489635467529, 0.997032642364502, 0.9912833571434021, 0.9935088753700256, 0.9962908029556274] 
--- 
Radius of the CI = 0.0012071059200353055 
True classification of the model is likely between 0.9936639143970424 and 0.9960781262371129 
--- 
Test accuracy = 0.9948710203170776 
Confusion matrix (0 | 1) = 
 [[6139   54]
 [  15 7245]] 
--- 
