This file contains information about the lstm model 
Analysis directory = C:\Users\cdetr\Documents\GitHub\nomics\nomics-AI/data/valid_invalid_analysis 
--- 
Segmentation value = 300.0 
Downsampling value = 1.0 
Signal frequency = 1.0 Hz 
Batch size = 16 
Standard scale = 0 
Stateful = 0 
Sliding window = 1 
Center of interest = 60 
Full sequence = 0 
Return sequences = 0 
Data balancing = 0 
--- 
Log time = 13-05-2022 01-34-42 
--- 
Num of epochs = 100, early stop after 41 epochs 
Epochs training computation time history (in sec) = [80.07806468009949, 77.42901754379272, 77.33204984664917, 78.18495965003967, 79.11403918266296, 79.59495544433594, 79.17403292655945, 78.41095972061157, 77.37704014778137, 78.42795825004578, 78.82000088691711, 76.15196299552917, 79.58405041694641, 80.2880322933197, 79.01001620292664, 75.57899761199951, 72.20494890213013, 72.07799673080444, 72.71799731254578, 70.89600038528442, 71.35595226287842, 70.31599926948547, 80.070063829422, 79.05396127700806, 76.78704333305359, 80.20798945426941, 78.57199883460999, 78.8419976234436, 78.98499727249146, 77.91501832008362, 77.36298894882202, 73.44998788833618, 71.13202738761902, 73.8390519618988, 68.76501607894897, 71.44499945640564, 75.08100318908691, 78.84700107574463, 73.56506299972534, 69.6030421257019, 72.25500011444092] 
Epochs training computation time mean (in sec) = 76.09520204474286 
--- 
Training loss history = [0.10323803126811981, 0.0677444338798523, 0.05199534818530083, 0.057469338178634644, 0.051017649471759796, 0.044393375515937805, 0.03899862617254257, 0.0343501940369606, 0.03188743442296982, 0.026411734521389008, 0.023170234635472298, 0.023447364568710327, 0.019692067056894302, 0.020828744396567345, 0.020451733842492104, 0.02222183346748352, 0.018210044130682945, 0.020856671035289764, 0.020114567130804062, 0.02366725727915764, 0.016598129644989967, 0.017979679629206657, 0.02099551260471344, 0.021944822743535042, 0.021439416334033012, 0.020822474732995033, 0.01901012286543846, 0.01877814345061779, 0.02630884200334549, 0.02395140565931797, 0.021379033103585243, 0.020889360457658768, 0.026578625664114952, 0.023959824815392494, 0.019938766956329346, 0.021312089636921883, 0.02280997298657894, 0.019931627437472343, 0.020222654566168785, 0.021829595789313316, 0.020939918234944344] 
Training accuracy history = [0.9618425369262695, 0.9753245711326599, 0.978528618812561, 0.9771970510482788, 0.979714572429657, 0.983501136302948, 0.9851239919662476, 0.9878287315368652, 0.9894099831581116, 0.9915321469306946, 0.9923227429389954, 0.9921354651451111, 0.9934254288673401, 0.9930925369262695, 0.9934670329093933, 0.9930925369262695, 0.9943200945854187, 0.9933006167411804, 0.9937999248504639, 0.992863655090332, 0.9942784905433655, 0.9942576289176941, 0.9933006167411804, 0.9938207268714905, 0.9929885268211365, 0.9936543107032776, 0.9939872026443481, 0.9942160248756409, 0.9913864731788635, 0.9922187328338623, 0.9934046268463135, 0.9935919046401978, 0.991927444934845, 0.9923227429389954, 0.9935710430145264, 0.9930093288421631, 0.9926972389221191, 0.9930509328842163, 0.9933006167411804, 0.9934254288673401, 0.9930717349052429] 
Training f1 history = [0.9618425369262695, 0.9753245711326599, 0.978528618812561, 0.9771970510482788, 0.979714572429657, 0.983501136302948, 0.9851239919662476, 0.9878287315368652, 0.9894099831581116, 0.9915321469306946, 0.9923227429389954, 0.9921354651451111, 0.9934254288673401, 0.9930925369262695, 0.9934670329093933, 0.9930925369262695, 0.9943200945854187, 0.9933006167411804, 0.9937999248504639, 0.992863655090332, 0.9942784905433655, 0.9942576289176941, 0.9933006167411804, 0.9938207268714905, 0.9929885268211365, 0.9936543107032776, 0.9939872026443481, 0.9942160248756409, 0.9913864731788635, 0.9922187328338623, 0.9934046268463135, 0.9935919046401978, 0.991927444934845, 0.9923227429389954, 0.9935710430145264, 0.9930093288421631, 0.9926972389221191, 0.9930509328842163, 0.9933006167411804, 0.9934254288673401, 0.9930717349052429] 
--- 
Validation loss history = [0.06906450539827347, 0.0360778383910656, 0.03519635647535324, 0.0445253811776638, 0.02669673040509224, 0.034677643328905106, 0.03284427523612976, 0.021441558375954628, 0.022096799686551094, 0.01844346709549427, 0.01724281534552574, 0.018598120659589767, 0.01619540899991989, 0.019928446039557457, 0.016409842297434807, 0.015330292284488678, 0.015628471970558167, 0.021923843771219254, 0.016667084768414497, 0.013766392134130001, 0.012374699115753174, 0.018689561635255814, 0.014197091571986675, 0.016697555780410767, 0.01704138144850731, 0.016787806525826454, 0.0171811543405056, 0.014765546657145023, 0.016258064657449722, 0.018923208117485046, 0.015521028079092503, 0.020415564998984337, 0.02188217267394066, 0.014951568096876144, 0.017861781641840935, 0.015884757041931152, 0.018448002636432648, 0.013830813579261303, 0.012663675472140312, 0.02354898862540722, 0.014534568414092064] 
Validation accuracy history = [0.9741621613502502, 0.985957682132721, 0.9846470952033997, 0.988017201423645, 0.9923235177993774, 0.9835236668586731, 0.9902639985084534, 0.9921362996101379, 0.9912001490592957, 0.9932596683502197, 0.9947575330734253, 0.9906384348869324, 0.994195818901062, 0.994195818901062, 0.9925107359886169, 0.9936341643333435, 0.993446946144104, 0.9936341643333435, 0.9947575330734253, 0.9947575330734253, 0.9949447512626648, 0.9930724501609802, 0.9947575330734253, 0.9949447512626648, 0.9945703148841858, 0.9940086007118225, 0.993446946144104, 0.9947575330734253, 0.993446946144104, 0.9936341643333435, 0.9949447512626648, 0.9925107359886169, 0.9926980137825012, 0.9943830966949463, 0.9936341643333435, 0.9932596683502197, 0.993446946144104, 0.9943830966949463, 0.9953192472457886, 0.9910129308700562, 0.9947575330734253] 
Validation f1 history = [0.9741766452789307, 0.9859655499458313, 0.9846556782722473, 0.9880239367485046, 0.992327868938446, 0.9835329055786133, 0.9902694821357727, 0.9921407103538513, 0.991205096244812, 0.9932634830474854, 0.9947604537010193, 0.9906004667282104, 0.9941990971565247, 0.9941990971565247, 0.992514967918396, 0.99363774061203, 0.9934505820274353, 0.99363774061203, 0.9947604537010193, 0.9947604537010193, 0.994947612285614, 0.9930763244628906, 0.9947604537010193, 0.994947612285614, 0.9945733547210693, 0.9940119981765747, 0.9934505820274353, 0.9947604537010193, 0.9934505820274353, 0.99363774061203, 0.994947612285614, 0.992514967918396, 0.992702066898346, 0.9943862557411194, 0.99363774061203, 0.9932634830474854, 0.9934505820274353, 0.9943862557411194, 0.9953218698501587, 0.9910179376602173, 0.9947604537010193] 
--- 
Radius of the CI = 0.0010564894897843193 
True classification of the model is likely between 0.9950489430205917 and 0.9971619220001603 
--- 
Test accuracy = 0.996105432510376 
Confusion matrix (0 | 1) = 
 [[6163   32]
 [  20 7137]] 
--- 
