This file contains information about the lstm model 
Analysis directory = C:\Users\cdetr\Documents\nomics\jawac_processing_nomics/data/valid_invalid_analysis 
--- 
Segmentation value = 60.0 
Downsampling value = 1.0 
Signal frequency = 1.0 Hz 
Batch size = 32 
Standard scale = 0 
Stateful = 0 
Sliding window = 0 
Center of interest = 10 
Full sequence = 0 
Data balancing = 0 
--- 
Log time = 25-03-2022 16-22-11 
--- 
Num of epochs = 200 
Epochs training computation time history (in sec) = [21.0652437210083, 11.423657655715942, 11.511095762252808, 11.55271291732788, 11.786126852035522, 11.851900815963745, 11.656976699829102, 11.650902271270752, 11.794305324554443, 11.837664365768433, 13.054638385772705, 13.580240249633789, 13.455025672912598, 13.465682983398438, 13.517385959625244, 13.430887937545776, 14.093976497650146, 14.215503692626953, 13.603929996490479, 13.389449119567871, 13.463117837905884, 14.385687828063965, 13.773521900177002, 13.907636642456055, 14.123857975006104, 14.721272468566895, 14.247841119766235, 14.391024589538574, 14.462076425552368, 14.821075916290283, 15.20843768119812, 15.456679582595825, 15.879328966140747, 16.95049476623535, 13.669535160064697, 14.69402003288269, 15.118597507476807, 15.05011796951294, 14.987581253051758, 17.451148748397827, 17.17598056793213, 16.59647011756897, 15.893282890319824, 14.420872926712036, 13.943883657455444, 14.123573064804077, 14.178808212280273, 16.16532063484192, 16.385985374450684, 15.3210928440094, 14.51975417137146, 14.81864857673645, 13.772878170013428, 16.3753662109375, 16.76361918449402, 16.865643978118896, 15.363260269165039, 15.710792303085327, 15.489157438278198, 15.683756589889526, 16.015838623046875, 16.174679040908813, 16.932465076446533, 17.12669014930725, 15.053819417953491, 15.290651321411133, 15.27375864982605, 14.885725259780884, 15.26722002029419, 15.147128343582153, 15.451846837997437, 14.580042123794556, 14.464162588119507, 14.817627429962158, 15.055527687072754, 14.571539640426636, 14.870855569839478, 15.059592723846436, 15.060105562210083, 14.791683197021484, 15.442138910293579, 15.408928394317627, 16.20037007331848, 16.294777631759644, 16.39421033859253, 17.79980778694153, 16.188070058822632, 17.109927892684937, 16.899909019470215, 15.316048622131348, 15.838912010192871, 19.215813398361206, 19.180341482162476, 19.205484867095947, 18.16034746170044, 16.710742473602295, 17.092317819595337, 14.52204179763794, 16.097840785980225, 15.718966960906982, 16.132383346557617, 16.59235382080078, 18.082799673080444, 14.878479957580566, 12.280930519104004, 11.96781301498413, 11.8834068775177, 12.10874605178833, 12.290948152542114, 17.704931497573853, 15.455235004425049, 15.862268924713135, 15.917486906051636, 15.928595781326294, 15.811262130737305, 15.208735227584839, 15.144445419311523, 14.819136619567871, 14.521803140640259, 14.106004238128662, 15.096737623214722, 17.423035860061646, 17.019694328308105, 16.92999577522278, 16.20586085319519, 16.299013376235962, 15.99408507347107, 15.885408878326416, 15.638399124145508, 15.54604458808899, 16.05980110168457, 15.804417133331299, 16.031973123550415, 15.851759910583496, 16.069166660308838, 15.597952604293823, 15.978276491165161, 15.904931545257568, 16.449124574661255, 16.46969437599182, 14.144194841384888, 14.901297807693481, 16.579161882400513, 16.35711669921875, 16.299368619918823, 15.568100452423096, 15.977491855621338, 16.11247682571411, 15.731255292892456, 16.784581899642944, 16.36170196533203, 16.544498205184937, 16.528734922409058, 16.326023817062378, 16.77804923057556, 16.427005767822266, 16.257317543029785, 16.510567903518677, 16.931321144104004, 17.207512855529785, 16.796432733535767, 16.983089685440063, 17.041900396347046, 16.50699019432068, 16.36117386817932, 16.992934703826904, 16.453778982162476, 17.114262580871582, 17.137617588043213, 16.294498443603516, 16.027936935424805, 16.592005014419556, 14.740420579910278, 14.237637281417847, 14.676467657089233, 14.38011384010315, 14.982965469360352, 14.918108940124512, 14.005605459213257, 14.156774759292603, 14.296617031097412, 13.734385967254639, 14.010530948638916, 13.91989779472351, 13.587605237960815, 14.44231915473938, 14.95376467704773, 12.034065961837769, 12.265234231948853, 12.431993961334229, 12.317099809646606, 12.790982246398926, 12.754559516906738, 13.331539869308472, 12.287176370620728, 11.864985704421997, 12.96488356590271, 14.258193969726562, 14.116808652877808, 13.096117973327637] 
Epochs training computation time mean (in sec) = 15.170484310388565 
--- 
Training loss history = [0.12766115367412567, 0.06301094591617584, 0.04542788863182068, 0.0399211123585701, 0.034710049629211426, 0.03296016901731491, 0.0352754220366478, 0.033567529171705246, 0.034696221351623535, 0.03989267349243164, 0.03623722121119499, 0.03475477546453476, 0.03404663875699043, 0.03285391628742218, 0.03232749551534653, 0.030518990010023117, 0.032014161348342896, 0.030773932114243507, 0.02964196912944317, 0.029149942100048065, 0.029538825154304504, 0.028845127671957016, 0.029728766530752182, 0.029277699068188667, 0.029238766059279442, 0.02897402085363865, 0.029360579326748848, 0.029339399188756943, 0.02836693450808525, 0.026640551164746284, 0.028459273278713226, 0.02656478062272072, 0.02800825424492359, 0.027479957789182663, 0.02771693468093872, 0.02861090749502182, 0.026018325239419937, 0.027229798957705498, 0.026864491403102875, 0.0257063377648592, 0.025728315114974976, 0.025839511305093765, 0.025511236861348152, 0.02563348412513733, 0.025959350168704987, 0.02574450708925724, 0.025842610746622086, 0.02425183355808258, 0.026438210159540176, 0.0251039769500494, 0.025286907330155373, 0.025413066148757935, 0.02527749538421631, 0.025006871670484543, 0.025202687829732895, 0.024726539850234985, 0.025129839777946472, 0.024240370839834213, 0.024156751111149788, 0.024803966283798218, 0.024223944172263145, 0.024826357141137123, 0.024650713428854942, 0.023147152736783028, 0.024827325716614723, 0.02383784018456936, 0.024559954181313515, 0.02342408336699009, 0.025284525007009506, 0.022904451936483383, 0.024527639150619507, 0.024706954136490822, 0.02396072819828987, 0.024573946371674538, 0.024852678179740906, 0.024415070191025734, 0.023944992572069168, 0.023877980187535286, 0.023947514593601227, 0.023409567773342133, 0.02394857443869114, 0.02549612522125244, 0.02374376729130745, 0.023123206570744514, 0.023821687325835228, 0.023259595036506653, 0.023133015260100365, 0.02316242642700672, 0.023776879534125328, 0.023441271856427193, 0.02261141501367092, 0.02332189679145813, 0.024036316201090813, 0.022790707647800446, 0.023344529792666435, 0.022362127900123596, 0.02307773195207119, 0.02271408773958683, 0.02294430322945118, 0.022977186366915703, 0.022349800914525986, 0.02258521132171154, 0.02286243811249733, 0.023243799805641174, 0.02232358418405056, 0.022524332627654076, 0.02345442958176136, 0.02354833483695984, 0.022498099133372307, 0.02282499521970749, 0.023579975590109825, 0.02250327356159687, 0.02338237501680851, 0.024241553619503975, 0.02238021232187748, 0.021615682169795036, 0.022439246997237206, 0.02216913364827633, 0.021829599514603615, 0.021850960329174995, 0.022105751559138298, 0.030275698751211166, 0.02446395717561245, 0.02570788376033306, 0.02274172380566597, 0.02255685068666935, 0.023601194843649864, 0.024087172001600266, 0.022456491366028786, 0.022421622648835182, 0.022122029215097427, 0.021359629929065704, 0.021104730665683746, 0.022666528820991516, 0.02246706373989582, 0.0218373853713274, 0.02157578244805336, 0.021891161799430847, 0.021493064239621162, 0.021581502631306648, 0.022533530369400978, 0.022319309413433075, 0.02523224987089634, 0.024815909564495087, 0.024164747446775436, 0.021255509927868843, 0.021415673196315765, 0.02152165211737156, 0.02218017913401127, 0.022778533399105072, 0.021709447726607323, 0.021317599341273308, 0.022598130628466606, 0.022195348516106606, 0.020365769043564796, 0.021815722808241844, 0.021969879046082497, 0.02100077085196972, 0.022794321179389954, 0.02276967652142048, 0.0233854278922081, 0.02252097614109516, 0.023053493350744247, 0.02311030402779579, 0.022223755717277527, 0.02134934812784195, 0.02154497802257538, 0.021121608093380928, 0.02085372433066368, 0.02111900970339775, 0.021402660757303238, 0.021194344386458397, 0.020222045481204987, 0.021849017590284348, 0.022554807364940643, 0.022608017548918724, 0.023027950897812843, 0.022229433059692383, 0.022209633141756058, 0.02277214638888836, 0.022113200277090073, 0.022935638204216957, 0.026512138545513153, 0.02396094612777233, 0.020856212824583054, 0.0246244128793478, 0.0222957581281662, 0.020792892202734947, 0.02170315571129322, 0.020551711320877075, 0.022269491106271744, 0.025764744728803635, 0.02448170632123947, 0.022999100387096405, 0.02185985818505287, 0.02057407610118389, 0.021609241142868996, 0.020825549960136414, 0.02140754647552967, 0.020829102024435997] 
Training accuracy history = [0.9596484303474426, 0.9805121421813965, 0.9871039390563965, 0.9885208606719971, 0.9908618330955505, 0.9912725687026978, 0.9911698698997498, 0.9914984703063965, 0.9908207654953003, 0.9894038438796997, 0.9901020526885986, 0.9902868866920471, 0.9906564950942993, 0.9907386302947998, 0.9916216731071472, 0.9918270111083984, 0.9913752675056458, 0.9920118451118469, 0.9925252199172974, 0.9928743243217468, 0.9923198819160461, 0.9928743243217468, 0.9924430847167969, 0.9925046563148499, 0.9922171831130981, 0.9925867915153503, 0.9925457239151001, 0.9927921891212463, 0.9927305579185486, 0.9930385947227478, 0.9924020171165466, 0.9934903383255005, 0.99297696352005, 0.9929358959197998, 0.9929153919219971, 0.9925457239151001, 0.9929153919219971, 0.9933671355247498, 0.9935314059257507, 0.9933876991271973, 0.9934698343276978, 0.99383944272995, 0.9934698343276978, 0.9933671355247498, 0.9936341047286987, 0.9935930371284485, 0.9937573075294495, 0.9939832091331482, 0.993510901927948, 0.9934492707252502, 0.993777871131897, 0.9937983751296997, 0.9937368035316467, 0.9938805103302002, 0.9936341047286987, 0.9939626455307007, 0.993777871131897, 0.9941064119338989, 0.993777871131897, 0.9940037131309509, 0.9939832091331482, 0.9939832091331482, 0.9943528175354004, 0.9941064119338989, 0.9938189387321472, 0.993942141532898, 0.9939215779304504, 0.9943938851356506, 0.9937573075294495, 0.9942296147346497, 0.9936957359313965, 0.9940242767333984, 0.9943528175354004, 0.9939215779304504, 0.9935930371284485, 0.9940447807312012, 0.9938189387321472, 0.9942706823348999, 0.9942706823348999, 0.9941885471343994, 0.9939626455307007, 0.9938600063323975, 0.9939215779304504, 0.9941680431365967, 0.9940037131309509, 0.9941064119338989, 0.9942091107368469, 0.9944760203361511, 0.9942501783370972, 0.9936957359313965, 0.9945376515388489, 0.9942091107368469, 0.9939215779304504, 0.9942501783370972, 0.9942296147346497, 0.9944555163383484, 0.9944965839385986, 0.9940037131309509, 0.9941474795341492, 0.9943117499351501, 0.9942501783370972, 0.9945787191390991, 0.9941680431365967, 0.9943733811378479, 0.9946403503417969, 0.9944555163383484, 0.9936546683311462, 0.9942296147346497, 0.9944760203361511, 0.9941680431365967, 0.9942091107368469, 0.9945787191390991, 0.9944760203361511, 0.99383944272995, 0.9941680431365967, 0.9944965839385986, 0.9944144487380981, 0.9943323135375977, 0.9944555163383484, 0.9946608543395996, 0.9943938851356506, 0.9928948283195496, 0.9937983751296997, 0.9926278591156006, 0.9943733811378479, 0.9942501783370972, 0.9938189387321472, 0.9939626455307007, 0.9942912459373474, 0.9944349527359009, 0.9944349527359009, 0.9947429895401001, 0.9949278235435486, 0.9944555163383484, 0.9948456883430481, 0.9944144487380981, 0.9947635531425476, 0.9945992827415466, 0.9946197867393494, 0.9945787191390991, 0.9942706823348999, 0.9939832091331482, 0.9927305579185486, 0.9930385947227478, 0.9941064119338989, 0.9948251247406006, 0.9944144487380981, 0.9946814179420471, 0.9942912459373474, 0.9938600063323975, 0.9944760203361511, 0.9949072599411011, 0.9942706823348999, 0.9942912459373474, 0.9948251247406006, 0.9941474795341492, 0.9944760203361511, 0.9948867559432983, 0.9943323135375977, 0.9940037131309509, 0.9939215779304504, 0.9948251247406006, 0.9941885471343994, 0.9944349527359009, 0.9945376515388489, 0.9945170879364014, 0.9945582151412964, 0.9947019219398499, 0.9945582151412964, 0.9948456883430481, 0.9946608543395996, 0.9945787191390991, 0.9950099587440491, 0.9947019219398499, 0.9946608543395996, 0.9941064119338989, 0.9947019219398499, 0.9945170879364014, 0.9946403503417969, 0.9945170879364014, 0.9945787191390991, 0.9939010739326477, 0.9919707775115967, 0.993346631526947, 0.9948046207427979, 0.993572473526001, 0.9944349527359009, 0.9946608543395996, 0.9942706823348999, 0.9948867559432983, 0.9940858483314514, 0.9919912815093994, 0.9936135411262512, 0.9938189387321472, 0.9942706823348999, 0.9944965839385986, 0.9947429895401001, 0.9946403503417969, 0.9942091107368469, 0.9948251247406006] 
Training f1 history = [0.9578383564949036, 0.980602502822876, 0.9870575070381165, 0.9885146617889404, 0.9908139109611511, 0.9913360476493835, 0.9911623597145081, 0.9915429949760437, 0.9908028841018677, 0.9894060492515564, 0.9901233911514282, 0.9903094172477722, 0.9906578660011292, 0.9907504320144653, 0.9916026592254639, 0.991828203201294, 0.9913710355758667, 0.9920028448104858, 0.9925265908241272, 0.9928695559501648, 0.9923111796379089, 0.9928652048110962, 0.9924441576004028, 0.9925057291984558, 0.9922183156013489, 0.9925878643989563, 0.992546796798706, 0.9927932024002075, 0.9927316308021545, 0.993039608001709, 0.9924030900001526, 0.9934912919998169, 0.9929779767990112, 0.9929311275482178, 0.9929164052009583, 0.992546796798706, 0.992910623550415, 0.9933788776397705, 0.9935323596000671, 0.9933886528015137, 0.9934707880020142, 0.9938403367996216, 0.9934707880020142, 0.9933566451072693, 0.9936349987983704, 0.9935939311981201, 0.9937582015991211, 0.9939783215522766, 0.9935118556022644, 0.9934502243995667, 0.9937787652015686, 0.9937934875488281, 0.9937376976013184, 0.9938814043998718, 0.9936349987983704, 0.9939635396003723, 0.9937787652015686, 0.9941072463989258, 0.9937787652015686, 0.9940046072006226, 0.993984043598175, 0.993984043598175, 0.9943536520004272, 0.9941072463989258, 0.9938198328018188, 0.9939429759979248, 0.9939224720001221, 0.9943947196006775, 0.9937582015991211, 0.9942246675491333, 0.9936966300010681, 0.9940251111984253, 0.9943536520004272, 0.9939224720001221, 0.9935939311981201, 0.9940456748008728, 0.9938198328018188, 0.9942715167999268, 0.9942715167999268, 0.9941893815994263, 0.9939635396003723, 0.9938609004020691, 0.9939224720001221, 0.9941688776016235, 0.9940046072006226, 0.9941072463989258, 0.9942099452018738, 0.994476854801178, 0.994251012802124, 0.9936966300010681, 0.994538426399231, 0.9942099452018738, 0.9939224720001221, 0.994251012802124, 0.9942304491996765, 0.9944562911987305, 0.9944973587989807, 0.9940046072006226, 0.994148313999176, 0.9943068027496338, 0.994251012802124, 0.9945794939994812, 0.9941688776016235, 0.9943627119064331, 0.994641125202179, 0.9944505095481873, 0.9936555624008179, 0.9942304491996765, 0.994476854801178, 0.9941688776016235, 0.9942099452018738, 0.9945794939994812, 0.994476854801178, 0.9938403367996216, 0.9941688776016235, 0.9944973587989807, 0.9944152235984802, 0.9943330883979797, 0.9944562911987305, 0.9946616291999817, 0.9943947196006775, 0.9928958415985107, 0.9937934875488281, 0.9926231503486633, 0.99437415599823, 0.9942452311515808, 0.9938198328018188, 0.9939635396003723, 0.9942920207977295, 0.9944357872009277, 0.9944300055503845, 0.9947437644004822, 0.9949285387992859, 0.9944562911987305, 0.9948464035987854, 0.9944152235984802, 0.9947642683982849, 0.9946000576019287, 0.9946205615997314, 0.9945794939994812, 0.9942715167999268, 0.993984043598175, 0.9927316308021545, 0.993039608001709, 0.9941072463989258, 0.9948258996009827, 0.9944152235984802, 0.9946821331977844, 0.9942920207977295, 0.9938609004020691, 0.994476854801178, 0.9949080348014832, 0.9942715167999268, 0.9942920207977295, 0.9948258996009827, 0.994148313999176, 0.994476854801178, 0.9948874711990356, 0.9943330883979797, 0.9940046072006226, 0.9939224720001221, 0.9948258996009827, 0.9941835999488831, 0.9944357872009277, 0.994538426399231, 0.9945179224014282, 0.9945589900016785, 0.9947026968002319, 0.9945589900016785, 0.9948464035987854, 0.9946616291999817, 0.9945794939994812, 0.9950048923492432, 0.9947026968002319, 0.9946616291999817, 0.9941072463989258, 0.9947026968002319, 0.9945179224014282, 0.994641125202179, 0.9945179224014282, 0.9945794939994812, 0.9939019680023193, 0.9919719099998474, 0.9933475852012634, 0.9948053359985352, 0.9935676455497742, 0.9944357872009277, 0.9946616291999817, 0.9942715167999268, 0.9948816895484924, 0.994086742401123, 0.9919924736022949, 0.9936144948005676, 0.9938198328018188, 0.9942657351493835, 0.9944973587989807, 0.9947437644004822, 0.994641125202179, 0.9942099452018738, 0.9948258996009827] 
--- 
Validation loss history = [0.06352672725915909, 0.03542863950133324, 0.030811572447419167, 0.02555537223815918, 0.029197707772254944, 0.026752501726150513, 0.02636527083814144, 0.03359738364815712, 0.034770410507917404, 0.031836964190006256, 0.026648106053471565, 0.033609647303819656, 0.027212487533688545, 0.0317424051463604, 0.024440377950668335, 0.029658423736691475, 0.02821429632604122, 0.027199530974030495, 0.031848784536123276, 0.022591181099414825, 0.02425370365381241, 0.02348172850906849, 0.025837529450654984, 0.024394018575549126, 0.02614337019622326, 0.02231818065047264, 0.025685584172606468, 0.022012783214449883, 0.023623211309313774, 0.0224841870367527, 0.023650536313652992, 0.02550056390464306, 0.023850105702877045, 0.02113424986600876, 0.02276306413114071, 0.022519076243042946, 0.02265106327831745, 0.022197164595127106, 0.02428443543612957, 0.02371036261320114, 0.02516692876815796, 0.024908432736992836, 0.029756519943475723, 0.023532669991254807, 0.023413239046931267, 0.023225845769047737, 0.02235376089811325, 0.02307562157511711, 0.023649897426366806, 0.023442434147000313, 0.024864252656698227, 0.023043302819132805, 0.023287860676646233, 0.02483491040766239, 0.022497477009892464, 0.02316654473543167, 0.02346188947558403, 0.02749217487871647, 0.022995345294475555, 0.022175926715135574, 0.02208097279071808, 0.023556072264909744, 0.022013766691088676, 0.024732960388064384, 0.022397156804800034, 0.02580294758081436, 0.027506500482559204, 0.023877065628767014, 0.023338453844189644, 0.026578852906823158, 0.026132572442293167, 0.02214435487985611, 0.02413954772055149, 0.02630355767905712, 0.030075138434767723, 0.023206941783428192, 0.0264151431620121, 0.024349840357899666, 0.023053601384162903, 0.02463722787797451, 0.0267513245344162, 0.024150030687451363, 0.024081869050860405, 0.024824541062116623, 0.024631252512335777, 0.02325710467994213, 0.024153783917427063, 0.024851316586136818, 0.02392626367509365, 0.024588774889707565, 0.02457004226744175, 0.022685233503580093, 0.02359136752784252, 0.025909438729286194, 0.024074258282780647, 0.02639327198266983, 0.025672027841210365, 0.023840509355068207, 0.024613486602902412, 0.025331027805805206, 0.024332793429493904, 0.026562068611383438, 0.027485353872179985, 0.02743937261402607, 0.024828962981700897, 0.02418544888496399, 0.025716250762343407, 0.0255748238414526, 0.024315381422638893, 0.0676371231675148, 0.02420724742114544, 0.02691950462758541, 0.0270881038159132, 0.02422892116010189, 0.023032432422041893, 0.02625073678791523, 0.02736249379813671, 0.02606423944234848, 0.026741573587059975, 0.025733258575201035, 0.02865922823548317, 0.021144583821296692, 0.022575659677386284, 0.02155463956296444, 0.021968910470604897, 0.025684475898742676, 0.022431284189224243, 0.025546692311763763, 0.02399616129696369, 0.02316846139729023, 0.02299036644399166, 0.02265041694045067, 0.0256794560700655, 0.025054438039660454, 0.023702559992671013, 0.02426038682460785, 0.02360907569527626, 0.027095001190900803, 0.026830822229385376, 0.02832169085741043, 0.025332480669021606, 0.024514315649867058, 0.027071809396147728, 0.02292422018945217, 0.02660428360104561, 0.026139236986637115, 0.02612755075097084, 0.027979131788015366, 0.026662558317184448, 0.02582695335149765, 0.02682187408208847, 0.028187116608023643, 0.026802964508533478, 0.026510803028941154, 0.02772882953286171, 0.02311326004564762, 0.025552451610565186, 0.026754198595881462, 0.02698041871190071, 0.025216173380613327, 0.027557967230677605, 0.02562636509537697, 0.027832409366965294, 0.024295639246702194, 0.021845782175660133, 0.022970084100961685, 0.026967860758304596, 0.023747559636831284, 0.02279619313776493, 0.026613738387823105, 0.02533632703125477, 0.02497958578169346, 0.02996588498353958, 0.023187188431620598, 0.031547222286462784, 0.02203717641532421, 0.02544727735221386, 0.026106640696525574, 0.026547934859991074, 0.026967927813529968, 0.025721874088048935, 0.0262460894882679, 0.0285644568502903, 0.024441728368401527, 0.027237113565206528, 0.0213093813508749, 0.021486088633537292, 0.02616998180747032, 0.02877994067966938, 0.024724945425987244, 0.02360064536333084, 0.026042034849524498, 0.02404126152396202, 0.024309417232871056, 0.025222213938832283, 0.024837488308548927, 0.025264231488108635, 0.025591319426894188, 0.02755405195057392, 0.026485566049814224] 
Validation accuracy history = [0.9807798862457275, 0.9890962839126587, 0.9902051091194153, 0.9924228191375732, 0.992053210735321, 0.9913139939308167, 0.9918684363365173, 0.9874330163002014, 0.9881722331047058, 0.9911291599273682, 0.992053210735321, 0.9911291599273682, 0.9933468699455261, 0.9883570671081543, 0.9929772615432739, 0.9918684363365173, 0.9902051091194153, 0.992053210735321, 0.9927924871444702, 0.9939013123512268, 0.9935317039489746, 0.9940861463546753, 0.9914988279342651, 0.9940861463546753, 0.9939013123512268, 0.9946405291557312, 0.9933468699455261, 0.994270920753479, 0.9946405291557312, 0.9944557547569275, 0.9946405291557312, 0.9939013123512268, 0.9940861463546753, 0.9948253631591797, 0.994270920753479, 0.9946405291557312, 0.9948253631591797, 0.9939013123512268, 0.9940861463546753, 0.9950101375579834, 0.9939013123512268, 0.9929772615432739, 0.9879874587059021, 0.9948253631591797, 0.9939013123512268, 0.9948253631591797, 0.994270920753479, 0.9950101375579834, 0.9939013123512268, 0.9948253631591797, 0.9931620955467224, 0.994270920753479, 0.9944557547569275, 0.9929772615432739, 0.9946405291557312, 0.9940861463546753, 0.994270920753479, 0.9924228191375732, 0.9953798055648804, 0.9950101375579834, 0.994270920753479, 0.9944557547569275, 0.9940861463546753, 0.9948253631591797, 0.994270920753479, 0.9929772615432739, 0.9913139939308167, 0.9939013123512268, 0.9950101375579834, 0.9948253631591797, 0.994270920753479, 0.9948253631591797, 0.9940861463546753, 0.9939013123512268, 0.9937164783477783, 0.9946405291557312, 0.994270920753479, 0.9946405291557312, 0.9950101375579834, 0.994270920753479, 0.9937164783477783, 0.994270920753479, 0.9939013123512268, 0.9940861463546753, 0.994270920753479, 0.994270920753479, 0.9946405291557312, 0.9948253631591797, 0.9940861463546753, 0.9946405291557312, 0.9937164783477783, 0.9940861463546753, 0.9940861463546753, 0.9933468699455261, 0.9950101375579834, 0.9933468699455261, 0.994270920753479, 0.9944557547569275, 0.9939013123512268, 0.9950101375579834, 0.9937164783477783, 0.994270920753479, 0.9944557547569275, 0.9948253631591797, 0.994270920753479, 0.9940861463546753, 0.9951949715614319, 0.994270920753479, 0.9940861463546753, 0.9854001402854919, 0.994270920753479, 0.9939013123512268, 0.9931620955467224, 0.994270920753479, 0.9944557547569275, 0.9944557547569275, 0.994270920753479, 0.9939013123512268, 0.9946405291557312, 0.9948253631591797, 0.9939013123512268, 0.9950101375579834, 0.9950101375579834, 0.9951949715614319, 0.9953798055648804, 0.9944557547569275, 0.9944557547569275, 0.994270920753479, 0.9948253631591797, 0.9939013123512268, 0.9939013123512268, 0.9937164783477783, 0.9940861463546753, 0.9940861463546753, 0.9948253631591797, 0.9944557547569275, 0.9944557547569275, 0.9944557547569275, 0.9927924871444702, 0.994270920753479, 0.9933468699455261, 0.9940861463546753, 0.9939013123512268, 0.9940861463546753, 0.994270920753479, 0.9946405291557312, 0.9937164783477783, 0.992053210735321, 0.9939013123512268, 0.9937164783477783, 0.994270920753479, 0.9929772615432739, 0.994270920753479, 0.9940861463546753, 0.994270920753479, 0.994270920753479, 0.9944557547569275, 0.9937164783477783, 0.994270920753479, 0.9944557547569275, 0.994270920753479, 0.9948253631591797, 0.9946405291557312, 0.9946405291557312, 0.9953798055648804, 0.9948253631591797, 0.9937164783477783, 0.9950101375579834, 0.9948253631591797, 0.994270920753479, 0.9944557547569275, 0.9946405291557312, 0.9944557547569275, 0.9953798055648804, 0.9922380447387695, 0.9951949715614319, 0.9944557547569275, 0.9946405291557312, 0.9946405291557312, 0.9944557547569275, 0.994270920753479, 0.9948253631591797, 0.9868785738945007, 0.9944557547569275, 0.9944557547569275, 0.9946405291557312, 0.9951949715614319, 0.994270920753479, 0.994270920753479, 0.9946405291557312, 0.9946405291557312, 0.9933468699455261, 0.994270920753479, 0.994270920753479, 0.9940861463546753, 0.9948253631591797, 0.9950101375579834, 0.994270920753479, 0.9946405291557312, 0.994270920753479] 
Validation f1 history = [0.9578383564949036, 0.980602502822876, 0.9870575070381165, 0.9885146617889404, 0.9908139109611511, 0.9913360476493835, 0.9911623597145081, 0.9915429949760437, 0.9908028841018677, 0.9894060492515564, 0.9901233911514282, 0.9903094172477722, 0.9906578660011292, 0.9907504320144653, 0.9916026592254639, 0.991828203201294, 0.9913710355758667, 0.9920028448104858, 0.9925265908241272, 0.9928695559501648, 0.9923111796379089, 0.9928652048110962, 0.9924441576004028, 0.9925057291984558, 0.9922183156013489, 0.9925878643989563, 0.992546796798706, 0.9927932024002075, 0.9927316308021545, 0.993039608001709, 0.9924030900001526, 0.9934912919998169, 0.9929779767990112, 0.9929311275482178, 0.9929164052009583, 0.992546796798706, 0.992910623550415, 0.9933788776397705, 0.9935323596000671, 0.9933886528015137, 0.9934707880020142, 0.9938403367996216, 0.9934707880020142, 0.9933566451072693, 0.9936349987983704, 0.9935939311981201, 0.9937582015991211, 0.9939783215522766, 0.9935118556022644, 0.9934502243995667, 0.9937787652015686, 0.9937934875488281, 0.9937376976013184, 0.9938814043998718, 0.9936349987983704, 0.9939635396003723, 0.9937787652015686, 0.9941072463989258, 0.9937787652015686, 0.9940046072006226, 0.993984043598175, 0.993984043598175, 0.9943536520004272, 0.9941072463989258, 0.9938198328018188, 0.9939429759979248, 0.9939224720001221, 0.9943947196006775, 0.9937582015991211, 0.9942246675491333, 0.9936966300010681, 0.9940251111984253, 0.9943536520004272, 0.9939224720001221, 0.9935939311981201, 0.9940456748008728, 0.9938198328018188, 0.9942715167999268, 0.9942715167999268, 0.9941893815994263, 0.9939635396003723, 0.9938609004020691, 0.9939224720001221, 0.9941688776016235, 0.9940046072006226, 0.9941072463989258, 0.9942099452018738, 0.994476854801178, 0.994251012802124, 0.9936966300010681, 0.994538426399231, 0.9942099452018738, 0.9939224720001221, 0.994251012802124, 0.9942304491996765, 0.9944562911987305, 0.9944973587989807, 0.9940046072006226, 0.994148313999176, 0.9943068027496338, 0.994251012802124, 0.9945794939994812, 0.9941688776016235, 0.9943627119064331, 0.994641125202179, 0.9944505095481873, 0.9936555624008179, 0.9942304491996765, 0.994476854801178, 0.9941688776016235, 0.9942099452018738, 0.9945794939994812, 0.994476854801178, 0.9938403367996216, 0.9941688776016235, 0.9944973587989807, 0.9944152235984802, 0.9943330883979797, 0.9944562911987305, 0.9946616291999817, 0.9943947196006775, 0.9928958415985107, 0.9937934875488281, 0.9926231503486633, 0.99437415599823, 0.9942452311515808, 0.9938198328018188, 0.9939635396003723, 0.9942920207977295, 0.9944357872009277, 0.9944300055503845, 0.9947437644004822, 0.9949285387992859, 0.9944562911987305, 0.9948464035987854, 0.9944152235984802, 0.9947642683982849, 0.9946000576019287, 0.9946205615997314, 0.9945794939994812, 0.9942715167999268, 0.993984043598175, 0.9927316308021545, 0.993039608001709, 0.9941072463989258, 0.9948258996009827, 0.9944152235984802, 0.9946821331977844, 0.9942920207977295, 0.9938609004020691, 0.994476854801178, 0.9949080348014832, 0.9942715167999268, 0.9942920207977295, 0.9948258996009827, 0.994148313999176, 0.994476854801178, 0.9948874711990356, 0.9943330883979797, 0.9940046072006226, 0.9939224720001221, 0.9948258996009827, 0.9941835999488831, 0.9944357872009277, 0.994538426399231, 0.9945179224014282, 0.9945589900016785, 0.9947026968002319, 0.9945589900016785, 0.9948464035987854, 0.9946616291999817, 0.9945794939994812, 0.9950048923492432, 0.9947026968002319, 0.9946616291999817, 0.9941072463989258, 0.9947026968002319, 0.9945179224014282, 0.994641125202179, 0.9945179224014282, 0.9945794939994812, 0.9939019680023193, 0.9919719099998474, 0.9933475852012634, 0.9948053359985352, 0.9935676455497742, 0.9944357872009277, 0.9946616291999817, 0.9942715167999268, 0.9948816895484924, 0.994086742401123, 0.9919924736022949, 0.9936144948005676, 0.9938198328018188, 0.9942657351493835, 0.9944973587989807, 0.9947437644004822, 0.994641125202179, 0.9942099452018738, 0.9948258996009827] 
--- 
Radius of the CI = 0.0016617410225148747 
True classification of the model is likely between 0.9914265639739755 and 0.9947500460190054 
--- 
Test accuracy = 0.9930883049964905 
Confusion matrix (invalid | valid) = 
 [[4509   46]
 [  20 4974]] 
--- 
