This file contains information about the lstm model 
Analysis directory = C:\Users\cdetr\Documents\GitHub\nomics\jawac_processing_nomics/data/awake_sleep_analysis_update 
--- 
Segmentation value = 120.0 
Downsampling value = 1.0 
Signal frequency = 1.0 Hz 
Batch size = 64 
Standard scale = 0 
Stateful = 0 
Sliding window = 1 
Center of interest = 120 
Full sequence = 0 
Return sequences = 0 
Data balancing = 1 
--- 
Log time = 20-04-2022 14-20-51 
--- 
Num of epochs = 100, early stop after 83 epochs 
Epochs training computation time history (in sec) = [8.3989999294281, 5.294996976852417, 5.310999393463135, 5.369999647140503, 5.63800048828125, 5.416001796722412, 5.402000188827515, 5.59800124168396, 5.302002668380737, 5.3049938678741455, 5.364001274108887, 5.375999212265015, 5.178999900817871, 5.407998561859131, 5.405000448226929, 5.34699821472168, 5.377000093460083, 5.343998908996582, 5.321002244949341, 5.240000486373901, 5.42999792098999, 5.354997396469116, 5.293003797531128, 5.5669965744018555, 5.148999452590942, 5.241000652313232, 5.285000324249268, 5.415002346038818, 5.329996824264526, 5.394000768661499, 5.153998851776123, 5.457001209259033, 5.405014991760254, 5.251001358032227, 5.511999845504761, 5.4030022621154785, 5.416996717453003, 5.4100000858306885, 5.714999198913574, 5.633002042770386, 5.704998016357422, 5.599000930786133, 5.5629963874816895, 5.617998838424683, 5.629002571105957, 5.561998128890991, 5.605998992919922, 5.3770012855529785, 5.680999755859375, 5.516000270843506, 5.670999526977539, 5.284001588821411, 5.5750017166137695, 5.501999855041504, 5.32200026512146, 5.307999134063721, 5.363999366760254, 5.357999086380005, 5.390996694564819, 5.2560014724731445, 5.545002698898315, 5.404000997543335, 5.424998760223389, 5.6090006828308105, 5.37700080871582, 5.43900203704834, 5.620999336242676, 5.558996915817261, 5.376998424530029, 5.496998310089111, 5.587996482849121, 5.6949992179870605, 5.715999126434326, 5.438000440597534, 5.708999156951904, 5.698000907897949, 5.69999885559082, 5.489996671676636, 5.4899983406066895, 5.392999887466431, 5.53499960899353, 5.3319995403289795, 5.355998754501343] 
Epochs training computation time mean (in sec) = 5.483048048364111 
--- 
Training loss history = [0.6688414216041565, 0.6488349437713623, 0.5602985620498657, 0.48126083612442017, 0.4588741064071655, 0.44838523864746094, 0.3998514711856842, 0.3811532258987427, 0.3720081150531769, 0.358340322971344, 0.3542659878730774, 0.3466561436653137, 0.34903115034103394, 0.3441597819328308, 0.3382810354232788, 0.3332938253879547, 0.3305407762527466, 0.3268374800682068, 0.3270401060581207, 0.3217688500881195, 0.3191434442996979, 0.3138132095336914, 0.31458720564842224, 0.3099544048309326, 0.31078794598579407, 0.3101789951324463, 0.30578944087028503, 0.3033653795719147, 0.2985176146030426, 0.29756873846054077, 0.2961323857307434, 0.28895822167396545, 0.2883492410182953, 0.2861938178539276, 0.28583526611328125, 0.282319575548172, 0.2786983549594879, 0.27386751770973206, 0.27016493678092957, 0.268437922000885, 0.27310848236083984, 0.2668207287788391, 0.2621924877166748, 0.26362770795822144, 0.25737372040748596, 0.2508796751499176, 0.2539493441581726, 0.24613255262374878, 0.2450180947780609, 0.23942290246486664, 0.2441563457250595, 0.22893701493740082, 0.22129513323307037, 0.22412635385990143, 0.214302659034729, 0.21637241542339325, 0.20914511382579803, 0.2084999531507492, 0.19697882235050201, 0.2044152468442917, 0.2022835612297058, 0.1921386569738388, 0.19251972436904907, 0.18839937448501587, 0.18050554394721985, 0.18093691766262054, 0.1753002256155014, 0.16988593339920044, 0.16943277418613434, 0.17447227239608765, 0.16380353271961212, 0.1595064103603363, 0.15445508062839508, 0.1493750512599945, 0.15366804599761963, 0.1495470553636551, 0.14052121341228485, 0.15556304156780243, 0.14210885763168335, 0.13874617218971252, 0.13176046311855316, 0.13750755786895752, 0.15163679420948029] 
Training accuracy history = [0.5730578899383545, 0.6133992075920105, 0.7216660380363464, 0.7773412466049194, 0.7944071292877197, 0.7873949408531189, 0.8218645453453064, 0.8337768912315369, 0.8366916179656982, 0.8447176218032837, 0.8447176218032837, 0.8490263223648071, 0.8467874526977539, 0.8510116934776306, 0.8527013659477234, 0.8561230301856995, 0.857854962348938, 0.8566299080848694, 0.8596713542938232, 0.8603894710540771, 0.8622903823852539, 0.8635576367378235, 0.8647826910018921, 0.867401659488678, 0.8673171997070312, 0.865078330039978, 0.8671059608459473, 0.8699362277984619, 0.870823323726654, 0.871330201625824, 0.8723862767219543, 0.8760613203048706, 0.8755121827125549, 0.8756389021873474, 0.8770329356193542, 0.8763992786407471, 0.8799054026603699, 0.880834698677063, 0.8837071657180786, 0.8835381865501404, 0.8816795349121094, 0.8848055005073547, 0.8854813575744629, 0.8852701187133789, 0.886875331401825, 0.8907616138458252, 0.8895788192749023, 0.8919021487236023, 0.8951548337936401, 0.896337628364563, 0.8956195116043091, 0.9021247625350952, 0.9057153463363647, 0.9039834141731262, 0.9090102910995483, 0.9076585173606873, 0.9138681292533875, 0.9103620052337646, 0.9138258695602417, 0.913783609867096, 0.9132344722747803, 0.9178811311721802, 0.9177121520042419, 0.9197397828102112, 0.9239640235900879, 0.9258226752281189, 0.9254002571105957, 0.9277235865592957, 0.9271743893623352, 0.9280614852905273, 0.9335107803344727, 0.9333840012550354, 0.936932384967804, 0.9381996393203735, 0.936256468296051, 0.9401427507400513, 0.9406074285507202, 0.936256468296051, 0.942254900932312, 0.944578230381012, 0.9450428485870361, 0.9445359706878662, 0.9376082420349121] 
Training f1 history = [0.5730699896812439, 0.6134305000305176, 0.7216859459877014, 0.7773759365081787, 0.7944367527961731, 0.7873954176902771, 0.8218652606010437, 0.8337844610214233, 0.8366671800613403, 0.8447426557540894, 0.8447530269622803, 0.8490189909934998, 0.8467963933944702, 0.8509933948516846, 0.8526877760887146, 0.8561135530471802, 0.8578658103942871, 0.8566411137580872, 0.8596608638763428, 0.8603839874267578, 0.862299919128418, 0.8635615706443787, 0.8647914528846741, 0.8674045205116272, 0.8673304319381714, 0.8650662899017334, 0.867119312286377, 0.86994868516922, 0.8708199262619019, 0.8713162541389465, 0.872382402420044, 0.8760823011398315, 0.87552809715271, 0.8756393194198608, 0.877027690410614, 0.8763890266418457, 0.8798888921737671, 0.8808490633964539, 0.8836895823478699, 0.883541464805603, 0.8816521763801575, 0.8847823739051819, 0.8854684233665466, 0.8852676749229431, 0.8868672251701355, 0.8907575607299805, 0.8895803093910217, 0.8918769359588623, 0.8951494097709656, 0.8963058590888977, 0.8956191539764404, 0.9021380543708801, 0.9057120680809021, 0.9039754271507263, 0.9090059995651245, 0.9076701402664185, 0.9138779044151306, 0.9103676676750183, 0.9138357043266296, 0.9137727618217468, 0.9132341742515564, 0.9178898334503174, 0.9177104830741882, 0.9197168350219727, 0.9239553213119507, 0.9258186221122742, 0.9254014492034912, 0.9277137517929077, 0.9271906614303589, 0.9280204176902771, 0.9335147142410278, 0.9333880543708801, 0.9369353652000427, 0.9382022619247437, 0.9362701177597046, 0.9401500225067139, 0.9406041502952576, 0.9362493753433228, 0.9422304034233093, 0.9445841312408447, 0.9450539350509644, 0.9445315003395081, 0.937616229057312] 
--- 
Validation loss history = [0.6437928080558777, 0.5685446858406067, 0.49026793241500854, 0.4714815616607666, 0.4141835868358612, 0.3905034065246582, 0.37863099575042725, 0.35805544257164, 0.3448476791381836, 0.3479742407798767, 0.3329334259033203, 0.3420943319797516, 0.3295598030090332, 0.324576199054718, 0.3200448751449585, 0.32622724771499634, 0.32490137219429016, 0.3156154155731201, 0.3146524429321289, 0.3296898603439331, 0.31311044096946716, 0.3272800147533417, 0.3214457631111145, 0.3196587562561035, 0.3080795705318451, 0.33067601919174194, 0.31339597702026367, 0.30880165100097656, 0.3035616874694824, 0.30898529291152954, 0.30772486329078674, 0.30574047565460205, 0.301483690738678, 0.3022860586643219, 0.30749744176864624, 0.3064405024051666, 0.2992480397224426, 0.294138103723526, 0.30170682072639465, 0.31252869963645935, 0.2981794774532318, 0.3050868511199951, 0.3149072229862213, 0.30254802107810974, 0.3006209135055542, 0.3085351586341858, 0.2974518835544586, 0.29431357979774475, 0.2976521849632263, 0.3010157346725464, 0.30727604031562805, 0.30787986516952515, 0.2982790768146515, 0.2926848530769348, 0.30182498693466187, 0.2875460982322693, 0.32661834359169006, 0.31009021401405334, 0.3085540235042572, 0.33882129192352295, 0.3013212978839874, 0.2882973253726959, 0.2854103147983551, 0.3087058365345001, 0.3376784920692444, 0.3151313364505768, 0.33746564388275146, 0.30925092101097107, 0.2981531322002411, 0.295791894197464, 0.2992296814918518, 0.3062470257282257, 0.33391669392585754, 0.31469428539276123, 0.3294316530227661, 0.31783393025398254, 0.3602299690246582, 0.29971691966056824, 0.2996414005756378, 0.3309203088283539, 0.32343608140945435, 0.33620116114616394, 0.35532036423683167] 
Validation accuracy history = [0.6316989660263062, 0.7077156901359558, 0.7651083469390869, 0.7863929867744446, 0.8145191669464111, 0.8225009441375732, 0.82136070728302, 0.8388445377349854, 0.8449258804321289, 0.8460661172866821, 0.8502470254898071, 0.852907657623291, 0.8540478944778442, 0.852907657623291, 0.8578487038612366, 0.8574686646461487, 0.8506271243095398, 0.8673508167266846, 0.8643101453781128, 0.8578487038612366, 0.8681109547615051, 0.8555682301521301, 0.8605093359947205, 0.8593690395355225, 0.8681109547615051, 0.8586089015007019, 0.8624097108840942, 0.8662105798721313, 0.8700113892555237, 0.8681109547615051, 0.8658304810523987, 0.870771586894989, 0.865450382232666, 0.869631290435791, 0.8684910535812378, 0.8734321594238281, 0.8700113892555237, 0.8726719617843628, 0.8722919225692749, 0.8757126331329346, 0.8715317249298096, 0.8711516261100769, 0.8662105798721313, 0.866590678691864, 0.8787533044815063, 0.8692512512207031, 0.8798936009407043, 0.8802736401557922, 0.8760927319526672, 0.8753325939178467, 0.8730520606040955, 0.8787533044815063, 0.8817939758300781, 0.8855948448181152, 0.8840745091438293, 0.887495219707489, 0.8776130676269531, 0.8814139366149902, 0.888635516166687, 0.8829342722892761, 0.8855948448181152, 0.8916761875152588, 0.896997332572937, 0.8893956542015076, 0.883314311504364, 0.8893956542015076, 0.8863549828529358, 0.8973774313926697, 0.8947168588638306, 0.8985176682472229, 0.8924363255500793, 0.9034587740898132, 0.8901558518409729, 0.9019384384155273, 0.8901558518409729, 0.8935765624046326, 0.8939566612243652, 0.9019384384155273, 0.9034587740898132, 0.8943367600440979, 0.9083998203277588, 0.9015583395957947, 0.9007982015609741] 
Validation f1 history = [0.6243622303009033, 0.6987670063972473, 0.7640305757522583, 0.7848638892173767, 0.8123936653137207, 0.8202061653137207, 0.8190900683403015, 0.8392325043678284, 0.845184862613678, 0.8402422666549683, 0.8503931760787964, 0.8499680757522583, 0.8541134595870972, 0.852997362613678, 0.8578336834907532, 0.8574616312980652, 0.8507652282714844, 0.8671342730522156, 0.8641580939292908, 0.8578336834907532, 0.8678783178329468, 0.8525722026824951, 0.8604378700256348, 0.8593217730522156, 0.8678783178329468, 0.8585777282714844, 0.8592686653137207, 0.8660181760787964, 0.8697384595870972, 0.8678783178329468, 0.8656461834907532, 0.8704825043678284, 0.8652741312980652, 0.8663371205329895, 0.8682503700256348, 0.8730866312980652, 0.8697384595870972, 0.872342586517334, 0.8719705939292908, 0.8722894787788391, 0.8681972026824951, 0.8708544969558716, 0.8629888892173767, 0.8663902282714844, 0.8782950043678284, 0.868994414806366, 0.8794110417366028, 0.8797830939292908, 0.8726614713668823, 0.8749467730522156, 0.872714638710022, 0.8782950043678284, 0.8812711834907532, 0.8849914073944092, 0.8835033178329468, 0.8868515491485596, 0.8771789073944092, 0.8808991312980652, 0.887967586517334, 0.8793579339981079, 0.8849914073944092, 0.8879144787788391, 0.896152138710022, 0.8887116312980652, 0.8827592730522156, 0.8887116312980652, 0.8857354521751404, 0.8965241312980652, 0.8939200043678284, 0.8976402282714844, 0.8916878700256348, 0.9024765491485596, 0.8894556760787964, 0.9009884595870972, 0.8894556760787964, 0.8928039073944092, 0.8931759595870972, 0.9009884595870972, 0.9024765491485596, 0.8935479521751404, 0.9073128700256348, 0.9006164073944092, 0.899872362613678] 
--- 
Radius of the CI = 0.007496257320233018 
True classification of the model is likely between 0.8846874637452882 and 0.8996799783857543 
--- 
Test accuracy = 0.8921837210655212 
Confusion matrix (0 | 1) = 
 [[2981  291]
 [ 418 2886]] 
--- 
