This file contains information about the lstm model 
Analysis directory = C:\Users\cdetr\My Drive\master\Documents\nomics\jawac_processing_nomics/data/awake_sleep_analysis 
--- 
Segmentation value = 180.0 
Downsampling value = 1.0 
Signal frequency = 1.0 Hz 
Batch size = 32 
Standard scale = 0 
Stateful = 0 
Sliding window = 1 
Center of interest = 60 
Full sequence = 0 
Data balancing = 1 
--- 
Log time = 28-03-2022 11-37-42 
--- 
Num of epochs = 300, early stop after 87 epochs 
Epochs training computation time history (in sec) = [40.476964473724365, 40.299216508865356, 35.03717350959778, 28.744045972824097, 28.302170753479004, 38.44223356246948, 42.70936036109924, 42.675097942352295, 44.167953968048096, 42.64483094215393, 28.9711856842041, 34.959901332855225, 30.021622896194458, 31.444231033325195, 40.26021671295166, 31.15196967124939, 27.935497999191284, 43.63941550254822, 34.36240315437317, 41.832813024520874, 40.967883586883545, 47.45396685600281, 31.544015645980835, 28.44664239883423, 35.26607894897461, 47.53009748458862, 41.716952323913574, 32.55977511405945, 47.95631122589111, 45.83073401451111, 28.482966899871826, 35.81203246116638, 32.59956431388855, 31.9221408367157, 38.84215712547302, 44.13776874542236, 32.49638485908508, 29.02681803703308, 28.861103773117065, 36.192721128463745, 28.820768356323242, 40.151039838790894, 43.85044074058533, 42.60678672790527, 43.80909061431885, 44.04129981994629, 41.02748394012451, 30.071321964263916, 44.893455028533936, 30.99154758453369, 41.70275545120239, 44.88213491439819, 45.97211956977844, 46.136454820632935, 47.06936764717102, 32.96522378921509, 29.54450011253357, 30.032015800476074, 33.147661209106445, 44.680647134780884, 47.806227684020996, 34.329482555389404, 28.188283443450928, 28.75076413154602, 29.989814043045044, 34.821858167648315, 47.09936046600342, 35.260987997055054, 28.40037965774536, 29.373560428619385, 29.022965669631958, 28.401567459106445, 42.32474637031555, 37.28073287010193, 43.25623297691345, 41.93854093551636, 42.15757346153259, 42.33511519432068, 27.372989416122437, 36.47101426124573, 46.71846103668213, 46.316969871520996, 33.89182925224304, 28.29333209991455, 28.2255597114563, 28.597848415374756, 40.23184561729431] 
Epochs training computation time mean (in sec) = 36.99975378211887 
--- 
Training loss history = [0.6537904143333435, 0.6655134558677673, 0.5981103777885437, 0.47199273109436035, 0.44337761402130127, 0.39117318391799927, 0.3673657476902008, 0.35960835218429565, 0.3475152850151062, 0.3441477119922638, 0.3385673463344574, 0.34307077527046204, 0.3339780569076538, 0.32754260301589966, 0.3265785574913025, 0.32124489545822144, 0.3144382834434509, 0.3089102804660797, 0.29874908924102783, 0.281444251537323, 0.2712908983230591, 0.2648593485355377, 0.25926047563552856, 0.25902387499809265, 0.27401119470596313, 0.25146082043647766, 0.2503860592842102, 0.24540552496910095, 0.2623944580554962, 0.2729567885398865, 0.24570761620998383, 0.2403501272201538, 0.24365925788879395, 0.24613937735557556, 0.23115435242652893, 0.22960489988327026, 0.22216548025608063, 0.22249415516853333, 0.21610040962696075, 0.213999941945076, 0.21064352989196777, 0.20682239532470703, 0.21601571142673492, 0.21366392076015472, 0.21482396125793457, 0.23560506105422974, 0.24481357634067535, 0.22191788256168365, 0.21313561499118805, 0.1994786411523819, 0.19985075294971466, 0.1976769119501114, 0.20264455676078796, 0.19550976157188416, 0.20205679535865784, 0.19857876002788544, 0.1816186010837555, 0.1831866055727005, 0.1842111498117447, 0.28245973587036133, 0.2648776173591614, 0.22343188524246216, 0.19177575409412384, 0.17762844264507294, 0.1718704253435135, 0.17022769153118134, 0.1630786508321762, 0.16629169881343842, 0.16491733491420746, 0.16613656282424927, 0.15601713955402374, 0.15008357167243958, 0.2025439441204071, 0.15201564133167267, 0.1464240998029709, 0.14645276963710785, 0.14486917853355408, 0.14031842350959778, 0.15297584235668182, 0.1490992158651352, 0.13436919450759888, 0.13499252498149872, 0.13194382190704346, 0.13017308712005615, 0.13414300978183746, 0.13157658278942108, 0.12542639672756195] 
Training accuracy history = [0.6042742133140564, 0.5919416546821594, 0.686424195766449, 0.7872536778450012, 0.790467381477356, 0.8247936367988586, 0.8349970579147339, 0.8408420085906982, 0.8471488356590271, 0.847731351852417, 0.8507441878318787, 0.847731351852417, 0.8545604348182678, 0.8563882112503052, 0.857151448726654, 0.8610681295394897, 0.8635788559913635, 0.8675557971000671, 0.8716331720352173, 0.878783643245697, 0.8840259313583374, 0.8882840871810913, 0.8904533386230469, 0.8913370966911316, 0.8839857578277588, 0.8946512341499329, 0.894530713558197, 0.8963183164596558, 0.8881434798240662, 0.8826601505279541, 0.8959969282150269, 0.8981862664222717, 0.8981862664222717, 0.8965191841125488, 0.9020025134086609, 0.9048546552658081, 0.9070038199424744, 0.9082893133163452, 0.9113423228263855, 0.9108602404594421, 0.9116436243057251, 0.9142547249794006, 0.9072046875953674, 0.9095547199249268, 0.9090927243232727, 0.8999537825584412, 0.8964388370513916, 0.907043993473053, 0.9106192588806152, 0.918673574924469, 0.9176291227340698, 0.9193363785743713, 0.9168256521224976, 0.9192761182785034, 0.9158615469932556, 0.9175487756729126, 0.9253419637680054, 0.9256633520126343, 0.9232128858566284, 0.8778195381164551, 0.8880430459976196, 0.9068029522895813, 0.9198786616325378, 0.9279128909111023, 0.9292385578155518, 0.9309859871864319, 0.9355655312538147, 0.9344608187675476, 0.9336975812911987, 0.9323920011520386, 0.9369915723800659, 0.9391809105873108, 0.9167252779006958, 0.9396629929542542, 0.9417116641998291, 0.9431578516960144, 0.9433587193489075, 0.944804847240448, 0.9397231936454773, 0.9389197826385498, 0.9467330574989319, 0.9467933177947998, 0.9481993317604065, 0.9495049118995667, 0.9468334913253784, 0.9484403729438782, 0.9507903456687927] 
Training f1 history = [0.6042730212211609, 0.5919491648674011, 0.686440646648407, 0.7872527241706848, 0.7904660701751709, 0.8247851133346558, 0.8350024223327637, 0.8408356308937073, 0.8471566438674927, 0.8477316498756409, 0.8507367968559265, 0.8477205038070679, 0.8545600771903992, 0.8563989400863647, 0.8571508526802063, 0.8610671162605286, 0.8635812997817993, 0.867546796798706, 0.871634840965271, 0.8787882328033447, 0.8840264678001404, 0.8882803320884705, 0.8904605507850647, 0.8913256525993347, 0.8839862942695618, 0.8946543335914612, 0.8945300579071045, 0.896310031414032, 0.8881397247314453, 0.8826643824577332, 0.8959887027740479, 0.8981778025627136, 0.8981853723526001, 0.8965109586715698, 0.9019973874092102, 0.9048605561256409, 0.9070020318031311, 0.9082835912704468, 0.9113363027572632, 0.9108506441116333, 0.9116374850273132, 0.9142521023750305, 0.9072064757347107, 0.9095488786697388, 0.9090943932533264, 0.8999526500701904, 0.8964380025863647, 0.9070421457290649, 0.9106132984161377, 0.9186817407608032, 0.9176298975944519, 0.9193444848060608, 0.9168190956115723, 0.919280469417572, 0.9158439040184021, 0.9175533652305603, 0.9253494739532471, 0.9256708025932312, 0.9232130646705627, 0.8778168559074402, 0.8880431056022644, 0.9068086743354797, 0.9198829531669617, 0.927905261516571, 0.929234504699707, 0.9309853911399841, 0.9355608224868774, 0.934459924697876, 0.9336967468261719, 0.9323986768722534, 0.936994194984436, 0.939179539680481, 0.9167298674583435, 0.9396653175354004, 0.9417175650596619, 0.9431598782539368, 0.9433643221855164, 0.9447992444038391, 0.9397181272506714, 0.9389147162437439, 0.9467384219169617, 0.9467912316322327, 0.948197066783905, 0.9494988322257996, 0.9468351602554321, 0.9484455585479736, 0.950791597366333] 
--- 
Validation loss history = [0.5900322198867798, 0.6336848735809326, 0.524233877658844, 0.41253790259361267, 0.41054511070251465, 0.3712047338485718, 0.35652509331703186, 0.352376252412796, 0.34894415736198425, 0.33596232533454895, 0.33611902594566345, 0.33483684062957764, 0.3328278064727783, 0.3237987160682678, 0.32766082882881165, 0.3193589448928833, 0.3170815110206604, 0.3091599941253662, 0.28776469826698303, 0.28515398502349854, 0.2832891643047333, 0.26478898525238037, 0.2645210325717926, 0.2815079391002655, 0.2628343403339386, 0.25340279936790466, 0.25454530119895935, 0.25550761818885803, 0.39989444613456726, 0.25845059752464294, 0.26864442229270935, 0.24885547161102295, 0.2600977122783661, 0.2521963119506836, 0.24705751240253448, 0.24897153675556183, 0.25492799282073975, 0.24041809141635895, 0.2483334243297577, 0.2712360620498657, 0.24015314877033234, 0.2424556463956833, 0.24382232129573822, 0.2396884560585022, 0.23783449828624725, 0.27521753311157227, 0.24881498515605927, 0.2405756562948227, 0.24403809010982513, 0.2432975023984909, 0.24294868111610413, 0.24101975560188293, 0.2456335872411728, 0.24704623222351074, 0.23209334909915924, 0.2357391119003296, 0.22156807780265808, 0.24754180014133453, 0.2286943644285202, 0.2981846332550049, 0.2566554844379425, 0.24222306907176971, 0.24316318333148956, 0.22744755446910858, 0.23056763410568237, 0.22950103878974915, 0.20660334825515747, 0.21664966642856598, 0.22657781839370728, 0.22879961133003235, 0.22901906073093414, 0.3245069682598114, 0.22716650366783142, 0.2232406884431839, 0.21458964049816132, 0.21447578072547913, 0.21390467882156372, 0.22030740976333618, 0.2597709894180298, 0.23573066294193268, 0.22497984766960144, 0.24087326228618622, 0.24310670793056488, 0.2567328214645386, 0.27137312293052673, 0.22209063172340393, 0.2342778593301773] 
Validation accuracy history = [0.676066517829895, 0.6404555439949036, 0.7566883563995361, 0.8127259612083435, 0.8058568239212036, 0.8304410576820374, 0.8376717567443848, 0.8434562683105469, 0.8409255146980286, 0.8503254055976868, 0.85213303565979, 0.8526753187179565, 0.8486984968185425, 0.8552060723304749, 0.8552060723304749, 0.8593636751174927, 0.8597252368927002, 0.8602675199508667, 0.8750903606414795, 0.8806941509246826, 0.8768980503082275, 0.8897324800491333, 0.8859363794326782, 0.873644232749939, 0.8868402242660522, 0.886297881603241, 0.8962400555610657, 0.8931670188903809, 0.8154374361038208, 0.8886478543281555, 0.8897324800491333, 0.8911786079406738, 0.8971439003944397, 0.8897324800491333, 0.89786696434021, 0.8982284665107727, 0.8946131467819214, 0.9031091928482056, 0.8984092473983765, 0.8843094706535339, 0.899855375289917, 0.8993130922317505, 0.9009400010108948, 0.9040130376815796, 0.9047361016273499, 0.886297881603241, 0.8906363248825073, 0.9005784392356873, 0.9031091928482056, 0.9002169370651245, 0.9052783846855164, 0.902747631072998, 0.9009400010108948, 0.8929862380027771, 0.9056398868560791, 0.9025669097900391, 0.910520613193512, 0.8964208364486694, 0.9117859601974487, 0.8682212829589844, 0.8951554298400879, 0.9069052934646606, 0.9009400010108948, 0.9101590514183044, 0.9029284119606018, 0.9132320880889893, 0.9220896363258362, 0.9148589968681335, 0.9164859056472778, 0.911605179309845, 0.9173897504806519, 0.8604483008384705, 0.9107013940811157, 0.9195589423179626, 0.9202820062637329, 0.9110628962516785, 0.9215473532676697, 0.9164859056472778, 0.9107013940811157, 0.9130513668060303, 0.9172089695930481, 0.9130513668060303, 0.9161243438720703, 0.9112436771392822, 0.9090744853019714, 0.9199204444885254, 0.9182935357093811] 
Validation f1 history = [0.6759650707244873, 0.6405088305473328, 0.756657600402832, 0.8127064108848572, 0.8058938384056091, 0.8304086923599243, 0.8376341462135315, 0.8434402346611023, 0.840885579586029, 0.8502786159515381, 0.852110743522644, 0.8526526689529419, 0.8486786484718323, 0.8551299571990967, 0.8551558256149292, 0.8593361973762512, 0.8597233295440674, 0.8602393865585327, 0.8751031160354614, 0.8806770443916321, 0.8769094944000244, 0.8897088766098022, 0.8859412670135498, 0.8736064434051514, 0.8868444561958313, 0.8863025307655334, 0.8962117433547974, 0.8931666612625122, 0.8153901100158691, 0.8886507749557495, 0.8897088766098022, 0.8912055492401123, 0.8971149325370789, 0.8897088766098022, 0.8978890776634216, 0.8982244729995728, 0.8945601582527161, 0.9031532406806946, 0.8984309434890747, 0.884315550327301, 0.899901807308197, 0.8993341326713562, 0.9009340405464172, 0.9040564298629761, 0.9047016501426697, 0.886328399181366, 0.8906636238098145, 0.9006243348121643, 0.9031532406806946, 0.9002373218536377, 0.9052435159683228, 0.9027404189109802, 0.9009856581687927, 0.8929860591888428, 0.9056821465492249, 0.9026113748550415, 0.9105335474014282, 0.8963924050331116, 0.9117980003356934, 0.8681873679161072, 0.8951020836830139, 0.90694659948349, 0.9009082913398743, 0.9101207256317139, 0.902946949005127, 0.9131656885147095, 0.9221200346946716, 0.9148945808410645, 0.9165202975273132, 0.9116431474685669, 0.9173461198806763, 0.8603684306144714, 0.9107399582862854, 0.9195396304130554, 0.9203137755393982, 0.911101222038269, 0.9215782284736633, 0.9164429306983948, 0.9107399582862854, 0.9130624532699585, 0.9172170758247375, 0.9130108952522278, 0.9161074161529541, 0.9112302660942078, 0.9090884923934937, 0.919952392578125, 0.9183266758918762] 
--- 
Radius of the CI = 0.0053370774330580096 
True classification of the model is likely between 0.9161010205207384 and 0.9267751753868544 
--- 
Test accuracy = 0.9214380979537964 
Confusion matrix (0 | 1) = 
 [[4456  381]
 [ 386 4540]] 
--- 
