This file contains information about the lstm model 
Analysis directory = C:\Users\cdetr\Documents\GitHub\nomics\nomics-AI/data/awake_sleep_analysis 
--- 
Segmentation value = 120.0 
Downsampling value = 1.0 
Signal frequency = 1.0 Hz 
Batch size = 32 
Standard scale = 0 
Stateful = 0 
Sliding window = 0 
Center of interest = 10 
Full sequence = 0 
Return sequences = 1 
Data balancing = 1 
--- 
Log time = 14-05-2022 14-07-19 
--- 
Num of epochs = 100, early stop after 58 epochs 
Epochs training computation time history (in sec) = [12.383980751037598, 7.871043920516968, 8.006020784378052, 8.306000471115112, 7.692937135696411, 5.163034677505493, 5.246027708053589, 5.866974592208862, 8.14503264427185, 7.993972301483154, 6.330999135971069, 4.30800199508667, 4.330996036529541, 4.072003602981567, 4.281996011734009, 4.293999195098877, 4.366003513336182, 4.1909942626953125, 4.317966461181641, 4.364994764328003, 4.304035902023315, 4.408997297286987, 4.395944833755493, 3.959995746612549, 4.025998592376709, 3.9810359477996826, 4.262975215911865, 4.154032468795776, 4.244003534317017, 4.227998971939087, 4.2349958419799805, 4.242004632949829, 4.283003330230713, 4.230967283248901, 4.386995553970337, 4.415043115615845, 4.314964056015015, 4.229994773864746, 4.2460033893585205, 4.376995086669922, 4.375005722045898, 4.462031602859497, 4.04200291633606, 4.386994361877441, 4.302037477493286, 4.245011568069458, 4.178009986877441, 4.331980228424072, 4.451995134353638, 4.322004318237305, 4.3540284633636475, 4.367966175079346, 4.184995651245117, 3.935002326965332, 3.8780031204223633, 3.9360530376434326, 5.1939613819122314, 3.921995162963867] 
Epochs training computation time mean (in sec) = 4.884966278898305 
--- 
Training loss history = [0.6680886149406433, 0.6498464941978455, 0.6565153002738953, 0.6740944981575012, 0.656536877155304, 0.6248160004615784, 0.5994855165481567, 0.5483483672142029, 0.5143510699272156, 0.48204371333122253, 0.464304655790329, 0.4522498548030853, 0.44240477681159973, 0.43084225058555603, 0.42643722891807556, 0.4255453944206238, 0.4101646840572357, 0.40559980273246765, 0.40157821774482727, 0.3971382677555084, 0.3996559679508209, 0.3944845497608185, 0.388902485370636, 0.387889564037323, 0.38729721307754517, 0.38707801699638367, 0.3823017179965973, 0.3820241689682007, 0.3773704469203949, 0.3823331892490387, 0.3766333758831024, 0.37689855694770813, 0.3723876476287842, 0.37372416257858276, 0.37314513325691223, 0.37111011147499084, 0.3673410713672638, 0.36904388666152954, 0.36641424894332886, 0.36460524797439575, 0.3644449710845947, 0.3651907444000244, 0.3618767261505127, 0.36274129152297974, 0.36327826976776123, 0.361156165599823, 0.3598625659942627, 0.3608512282371521, 0.35685306787490845, 0.35573121905326843, 0.3526846468448639, 0.3528144061565399, 0.35224297642707825, 0.35037314891815186, 0.35228484869003296, 0.3481616973876953, 0.34831300377845764, 0.3456331193447113] 
Training accuracy history = [0.5724599361419678, 0.6326109766960144, 0.6266776323318481, 0.5648214817047119, 0.6140494346618652, 0.6465570330619812, 0.6741009950637817, 0.713340163230896, 0.7498390674591064, 0.7725541591644287, 0.7841551303863525, 0.791060745716095, 0.7985474467277527, 0.8043668866157532, 0.8068271279335022, 0.8063114881515503, 0.8163120150566101, 0.8161641359329224, 0.8194121718406677, 0.8214418292045593, 0.8200586438179016, 0.8217349648475647, 0.8264002203941345, 0.825858473777771, 0.8250797986984253, 0.8262131214141846, 0.8291234970092773, 0.8306166529655457, 0.8307762742042542, 0.8290528059005737, 0.8312669992446899, 0.8323518633842468, 0.8333490490913391, 0.8340177536010742, 0.8339012861251831, 0.8344770669937134, 0.8363693356513977, 0.8347532153129578, 0.837310254573822, 0.8377957344055176, 0.8368208408355713, 0.8379894495010376, 0.8388792872428894, 0.8387628197669983, 0.8377866148948669, 0.8390847444534302, 0.8401957750320435, 0.8376950025558472, 0.8395035266876221, 0.839233934879303, 0.8413578271865845, 0.8415384292602539, 0.8415200710296631, 0.8423510789871216, 0.8419506549835205, 0.8422228097915649, 0.8428221940994263, 0.8439449667930603] 
Training f1 history = [0.5724600553512573, 0.6326107978820801, 0.6266776323318481, 0.5648213028907776, 0.6140493750572205, 0.646557092666626, 0.6741008758544922, 0.7133400440216064, 0.7498390674591064, 0.7725541591644287, 0.7841548323631287, 0.7910609245300293, 0.7985473871231079, 0.8043672442436218, 0.806827187538147, 0.8063113689422607, 0.8163120150566101, 0.8161642551422119, 0.8194122314453125, 0.8214419484138489, 0.820058286190033, 0.8217349648475647, 0.8264001607894897, 0.8258586525917053, 0.8250797390937805, 0.8262131810188293, 0.8291234970092773, 0.8306161165237427, 0.8307759761810303, 0.8290528655052185, 0.8312669992446899, 0.8323516845703125, 0.8333490490913391, 0.8340179324150085, 0.8339009284973145, 0.8344772458076477, 0.8363692760467529, 0.8347532153129578, 0.8373099565505981, 0.8377957940101624, 0.8368208408355713, 0.8379894495010376, 0.8388790488243103, 0.8387628197669983, 0.8377866744995117, 0.8390847444534302, 0.8401957154273987, 0.8376949429512024, 0.8395042419433594, 0.8392341136932373, 0.8413581848144531, 0.8415389060974121, 0.8415197730064392, 0.8423508405685425, 0.8419503569602966, 0.8422228693962097, 0.8428224921226501, 0.8439446687698364] 
--- 
Validation loss history = [0.6681658625602722, 0.6617454290390015, 0.6593490839004517, 0.6829262375831604, 0.6665553450584412, 0.619615912437439, 0.5618414282798767, 0.5221635699272156, 0.48553988337516785, 0.46949025988578796, 0.4614913761615753, 0.460684210062027, 0.4228760898113251, 0.42892494797706604, 0.42258191108703613, 0.4116837680339813, 0.3974057734012604, 0.3870460093021393, 0.3889041543006897, 0.39188310503959656, 0.3910810947418213, 0.40846166014671326, 0.3787209987640381, 0.39185214042663574, 0.38181713223457336, 0.38236719369888306, 0.38409972190856934, 0.3759378492832184, 0.3756728172302246, 0.3734074831008911, 0.37833383679389954, 0.37647882103919983, 0.3732171356678009, 0.37202319502830505, 0.37598514556884766, 0.38145506381988525, 0.38662615418434143, 0.36881229281425476, 0.37371671199798584, 0.38584715127944946, 0.36865565180778503, 0.3733292520046234, 0.3934899568557739, 0.3811928629875183, 0.3736710250377655, 0.38194960355758667, 0.37468862533569336, 0.37542724609375, 0.38361114263534546, 0.3783482611179352, 0.36821478605270386, 0.3753766417503357, 0.37536826729774475, 0.3738216161727905, 0.3761296570301056, 0.3774772584438324, 0.3764083683490753, 0.3779011070728302] 
Validation accuracy history = [0.5913606286048889, 0.6094632744789124, 0.5783074498176575, 0.5090513229370117, 0.5619350075721741, 0.66153484582901, 0.7151483297348022, 0.738394558429718, 0.7708686590194702, 0.783980667591095, 0.795409619808197, 0.803825318813324, 0.8171727657318115, 0.8048611283302307, 0.8184086680412292, 0.8204331398010254, 0.8274481892585754, 0.8299317359924316, 0.8270715475082397, 0.8276482820510864, 0.8323211073875427, 0.8342867493629456, 0.836370050907135, 0.8262829780578613, 0.834475040435791, 0.8330861330032349, 0.8328978419303894, 0.8340277671813965, 0.8352872133255005, 0.8355461359024048, 0.8322386741638184, 0.8368290662765503, 0.834639847278595, 0.8378884196281433, 0.8374764323234558, 0.8365230560302734, 0.8268361687660217, 0.8399835228919983, 0.8370997905731201, 0.8261534571647644, 0.8389595150947571, 0.8387005925178528, 0.8226577043533325, 0.8371233344078064, 0.8343808650970459, 0.8321210145950317, 0.8319797515869141, 0.837629497051239, 0.8278248310089111, 0.8351812362670898, 0.8358874917030334, 0.8351106643676758, 0.8348163962364197, 0.8342043161392212, 0.8355579376220703, 0.8358992338180542, 0.8385004997253418, 0.8344985842704773] 
Validation f1 history = [0.6001697778701782, 0.6199615001678467, 0.5818274617195129, 0.509023904800415, 0.5606883764266968, 0.6711615920066833, 0.7232109308242798, 0.7450180649757385, 0.7793477177619934, 0.7910099625587463, 0.802955150604248, 0.8080388903617859, 0.8230977058410645, 0.8102240562438965, 0.8252376914024353, 0.8272644281387329, 0.8340125679969788, 0.8363224267959595, 0.8336503505706787, 0.8342050313949585, 0.8387001156806946, 0.8404324650764465, 0.8425158858299255, 0.8325746059417725, 0.8407720327377319, 0.8394361734390259, 0.8392549753189087, 0.8402625918388367, 0.8414741158485413, 0.8418024182319641, 0.8386207818984985, 0.8430366516113281, 0.840930700302124, 0.8440556526184082, 0.8436594605445862, 0.8427422642707825, 0.8329482674598694, 0.8460710644721985, 0.8432970643043518, 0.8327672481536865, 0.8450859785079956, 0.8448368310928345, 0.829008162021637, 0.8433197736740112, 0.8406815528869629, 0.8385077118873596, 0.8383716940879822, 0.8438065648078918, 0.8343749642372131, 0.8414515852928162, 0.8421308994293213, 0.8413834571838379, 0.8411004543304443, 0.8405117392539978, 0.8418138027191162, 0.8421421051025391, 0.8446444869041443, 0.8407948613166809] 
--- 
Radius of the CI = 0.0172359510403604 
True classification of the model is likely between 0.8191011384982139 and 0.8535730405789346 
--- 
Test accuracy = 0.8363370895385742 
Confusion matrix (0 | 1) = 
 [[87061 19239]
 [15523 90577]] 
--- 
