This file contains information about the lstm model 
Analysis directory = C:\Users\cdetr\Documents\GitHub\nomics\nomics-AI/data/valid_invalid_analysis 
--- 
Segmentation value = 60.0 
Downsampling value = 1.0 
Signal frequency = 1.0 Hz 
Batch size = 32 
Standard scale = 0 
Stateful = 0 
Sliding window = 0 
Center of interest = 10 
Full sequence = 0 
Return sequences = 0 
Data balancing = 0 
--- 
Log time = 12-05-2022 18-44-41 
--- 
Num of epochs = 100, early stop after 45 epochs 
Epochs training computation time history (in sec) = [40.00277924537659, 27.3780460357666, 28.35400128364563, 30.36501455307007, 28.237033367156982, 31.131031274795532, 27.011998176574707, 27.879002332687378, 30.1240074634552, 28.73695993423462, 29.199034690856934, 33.151994943618774, 33.59200048446655, 28.957968950271606, 29.622048377990723, 31.21196413040161, 33.75003933906555, 35.2180073261261, 31.001006603240967, 37.29799818992615, 43.786994218826294, 35.79799151420593, 32.19699573516846, 33.48800444602966, 31.458961009979248, 25.683003425598145, 31.947975873947144, 32.11298704147339, 32.674001693725586, 32.92700123786926, 32.39999985694885, 29.065999746322632, 30.28200125694275, 28.795002460479736, 29.506998777389526, 28.718037605285645, 29.6959490776062, 29.576037645339966, 28.980956315994263, 33.01300001144409, 33.455949783325195, 24.643035888671875, 29.62696886062622, 29.29003643989563, 31.822952270507812] 
Epochs training computation time mean (in sec) = 31.181528419918486 
--- 
Training loss history = [0.09601280093193054, 0.0492965467274189, 0.036196865141391754, 0.03214487433433533, 0.028515229001641273, 0.027394892647862434, 0.028990039601922035, 0.025808008387684822, 0.02369178645312786, 0.024334551766514778, 0.02376352623105049, 0.02080804854631424, 0.021102866157889366, 0.020521651953458786, 0.021217916160821915, 0.01885475218296051, 0.0178996529430151, 0.017898214980959892, 0.018281830474734306, 0.01829800195991993, 0.017959708347916603, 0.017547015100717545, 0.016185130923986435, 0.017055219039320946, 0.016767803579568863, 0.015891561284661293, 0.015114408917725086, 0.01591407135128975, 0.016970640048384666, 0.015249020420014858, 0.015802279114723206, 0.017179731279611588, 0.0159507617354393, 0.015568576753139496, 0.015482519753277302, 0.014174824580550194, 0.014328167773783207, 0.015014096163213253, 0.014546319842338562, 0.014945411123335361, 0.01431327871978283, 0.014889363199472427, 0.014833112247288227, 0.014045340940356255, 0.01758585497736931] 
Training accuracy history = [0.9636566638946533, 0.9810642600059509, 0.9876308441162109, 0.9894686937332153, 0.990872859954834, 0.9913684725761414, 0.9909554719924927, 0.992318332195282, 0.9929584860801697, 0.99211186170578, 0.992669403553009, 0.9934747219085693, 0.99376380443573, 0.994197428226471, 0.9937431812286377, 0.9943832755088806, 0.9948582649230957, 0.9948582649230957, 0.9947343468666077, 0.994672417640686, 0.9946104288101196, 0.9950853586196899, 0.9950234293937683, 0.995663583278656, 0.9953951239585876, 0.9956222772598267, 0.9957048892974854, 0.9953745007514954, 0.9951679706573486, 0.9961798191070557, 0.995663583278656, 0.9951886534690857, 0.995642900466919, 0.9954570531845093, 0.9956842064857483, 0.9961591958999634, 0.995993971824646, 0.9956016540527344, 0.9959113597869873, 0.9958494305610657, 0.9958287477493286, 0.9957048892974854, 0.9960145950317383, 0.9962417483329773, 0.9947962760925293] 
Training f1 history = [0.963672399520874, 0.9810724854469299, 0.9876362085342407, 0.9894732236862183, 0.9908767938613892, 0.9912934303283691, 0.9909594058990479, 0.9923216700553894, 0.9929615259170532, 0.9921152591705322, 0.9926725625991821, 0.9934775233268738, 0.9937664866447449, 0.9941999912261963, 0.9937458634376526, 0.9943857192993164, 0.9948604702949524, 0.9948604702949524, 0.9947366118431091, 0.994635283946991, 0.9946127533912659, 0.9950875043869019, 0.9950255751609802, 0.995665431022644, 0.9953576922416687, 0.9956241846084595, 0.9957067370414734, 0.995376467704773, 0.9951700568199158, 0.9961814880371094, 0.995665431022644, 0.9951907396316528, 0.9956448078155518, 0.9954590201377869, 0.9956861138343811, 0.9961608052253723, 0.9959957003593445, 0.9956035614013672, 0.9959131479263306, 0.9958512187004089, 0.9958305954933167, 0.9957067370414734, 0.9959769248962402, 0.996243417263031, 0.9947985410690308] 
--- 
Validation loss history = [0.05548973008990288, 0.03329113870859146, 0.018770944327116013, 0.019815869629383087, 0.019033243879675865, 0.018139824271202087, 0.019375517964363098, 0.01751461811363697, 0.015763770788908005, 0.01502024196088314, 0.017618535086512566, 0.021254710853099823, 0.0141464713960886, 0.014846418984234333, 0.013324759900569916, 0.014818426221609116, 0.013414213433861732, 0.012571239843964577, 0.01333949901163578, 0.01502299215644598, 0.018285632133483887, 0.012786840088665485, 0.014108479022979736, 0.013318279758095741, 0.011133660562336445, 0.015219337306916714, 0.012520888820290565, 0.016169968992471695, 0.014145145192742348, 0.013775871135294437, 0.016121881082654, 0.014814509078860283, 0.013632195070385933, 0.014384112320840359, 0.013970150612294674, 0.014377882704138756, 0.014049834571778774, 0.015543939545750618, 0.013553946278989315, 0.013773443177342415, 0.014271562919020653, 0.013975254260003567, 0.01176794059574604, 0.013856852427124977, 0.014210674911737442] 
Validation accuracy history = [0.9871771335601807, 0.9905222058296204, 0.9944248199462891, 0.9927522540092468, 0.9949823617935181, 0.9944248199462891, 0.9944248199462891, 0.9944248199462891, 0.9955398440361023, 0.9947965145111084, 0.9944248199462891, 0.9933097958564758, 0.9955398440361023, 0.9951682090759277, 0.9966548681259155, 0.9951682090759277, 0.9960973858833313, 0.995725691318512, 0.9959115386009216, 0.9955398440361023, 0.995725691318512, 0.9960973858833313, 0.995725691318512, 0.996283233165741, 0.9968407154083252, 0.996283233165741, 0.9964690804481506, 0.9955398440361023, 0.995725691318512, 0.9970265626907349, 0.9959115386009216, 0.9960973858833313, 0.9964690804481506, 0.996283233165741, 0.9964690804481506, 0.996283233165741, 0.9960973858833313, 0.995725691318512, 0.9960973858833313, 0.9968407154083252, 0.9966548681259155, 0.9960973858833313, 0.9972124099731445, 0.996283233165741, 0.996283233165741] 
Validation f1 history = [0.9872411489486694, 0.990569531917572, 0.9944526553153992, 0.9927884340286255, 0.9950073957443237, 0.9944526553153992, 0.9944526553153992, 0.9944526553153992, 0.9955621361732483, 0.9948225021362305, 0.9944526553153992, 0.99334317445755, 0.9955621361732483, 0.995192289352417, 0.9966716170310974, 0.995192289352417, 0.9961168766021729, 0.9957470297813416, 0.9959319233894348, 0.9955621361732483, 0.9957470297813416, 0.9961168766021729, 0.9957470297813416, 0.9963017702102661, 0.9968565106391907, 0.9963017702102661, 0.9964866638183594, 0.9955621361732483, 0.9957470297813416, 0.9970414042472839, 0.9959319233894348, 0.9961168766021729, 0.9964866638183594, 0.9963017702102661, 0.9964866638183594, 0.9963017702102661, 0.9961168766021729, 0.9957470297813416, 0.9961168766021729, 0.9968565106391907, 0.9966716170310974, 0.9961168766021729, 0.997226357460022, 0.9963017702102661, 0.9963017702102661] 
--- 
Radius of the CI = 0.0008102453064867017 
True classification of the model is likely between 0.9968854391264967 and 0.99850592973947 
--- 
Test accuracy = 0.9976956844329834 
Confusion matrix (0 | 1) = 
 [[6210   27]
 [   4 7212]] 
--- 
