This file contains information about the lstm model 
Analysis directory = C:\Users\cdetr\Documents\GitHub\nomics\jawac_processing_nomics/data/valid_invalid_analysis 
--- 
Segmentation value = 60.0 
Downsampling value = 1.0 
Signal frequency = 1.0 Hz 
Batch size = 16 
Standard scale = 0 
Stateful = 0 
Sliding window = 0 
Center of interest = 10 
Full sequence = 0 
Return sequences = 1 
Data balancing = 0 
--- 
Log time = 09-04-2022 16-17-28 
--- 
Num of epochs = 100, early stop after 57 epochs 
Epochs training computation time history (in sec) = [115.86637759208679, 100.30856776237488, 102.13269424438477, 106.04586935043335, 108.66632103919983, 102.98239731788635, 97.39194679260254, 112.80283164978027, 112.16043162345886, 105.38850998878479, 105.55704259872437, 103.61955690383911, 102.56497001647949, 109.2723240852356, 107.35434436798096, 105.33342909812927, 112.44240880012512, 114.32795262336731, 111.7223653793335, 106.77445554733276, 114.98077201843262, 105.32876324653625, 115.28239393234253, 109.77755832672119, 115.7815158367157, 113.79259395599365, 111.17814207077026, 126.43093514442444, 128.2079803943634, 114.86423134803772, 114.41672730445862, 112.698157787323, 111.42060947418213, 114.87253737449646, 110.8644483089447, 106.7432701587677, 107.0809211730957, 125.27852511405945, 123.60259652137756, 176.06645703315735, 198.06426668167114, 203.037761926651, 209.06735825538635, 207.96534252166748, 192.47856521606445, 184.5670280456543, 191.7001075744629, 185.7879343032837, 219.72763800621033, 207.95499086380005, 208.82029914855957, 178.35314464569092, 205.3291277885437, 209.6809766292572, 181.16960978507996, 174.8359568119049, 160.9885880947113] 
Epochs training computation time mean (in sec) = 137.20899350183052 
--- 
Training loss history = [0.10680203884840012, 0.09027896821498871, 0.08595342189073563, 0.0829620286822319, 0.07911869138479233, 0.08036298304796219, 0.07686879485845566, 0.07621967792510986, 0.07998450100421906, 0.07272578775882721, 0.07362352311611176, 0.06770189851522446, 0.0666244849562645, 0.06438346207141876, 0.06356756389141083, 0.06314685940742493, 0.06494870036840439, 0.06156263127923012, 0.05936715006828308, 0.060560498386621475, 0.0637393519282341, 0.05968715250492096, 0.06077154725790024, 0.05951501801609993, 0.05699964985251427, 0.054513897746801376, 0.05338675528764725, 0.05879500135779381, 0.0610627718269825, 0.061305638402700424, 0.06029544025659561, 0.05579931661486626, 0.05907847732305527, 0.05456924811005592, 0.0582304485142231, 0.0528666153550148, 0.051684580743312836, 0.05362634360790253, 0.05363535135984421, 0.05507977306842804, 0.053343359380960464, 0.05325883999466896, 0.05284612625837326, 0.05528761073946953, 0.05329117923974991, 0.05628924071788788, 0.052803535014390945, 0.05196523293852806, 0.052075646817684174, 0.052127644419670105, 0.052677594125270844, 0.057325880974531174, 0.05629641190171242, 0.05403364449739456, 0.05323435738682747, 0.05921458825469017, 0.05508900806307793] 
Training accuracy history = [0.9664174914360046, 0.9686907529830933, 0.9691196084022522, 0.9685949087142944, 0.9694416522979736, 0.9693027138710022, 0.9699892401695251, 0.9710019826889038, 0.9709352254867554, 0.9708089232444763, 0.9720027446746826, 0.9725506901741028, 0.972449004650116, 0.9737632870674133, 0.9750980734825134, 0.9757640957832336, 0.9750258326530457, 0.9775773286819458, 0.9788419604301453, 0.9780619740486145, 0.9758195281028748, 0.9776337742805481, 0.9754588007926941, 0.9780941605567932, 0.9798386096954346, 0.980337917804718, 0.9804279804229736, 0.978689968585968, 0.9769051671028137, 0.9759831428527832, 0.9777039885520935, 0.9800347089767456, 0.9767617583274841, 0.9793926477432251, 0.9784818887710571, 0.9806144833564758, 0.9814434051513672, 0.9809290170669556, 0.9816388487815857, 0.9807322025299072, 0.9811076521873474, 0.9804714322090149, 0.9814950823783875, 0.9792266488075256, 0.9801750183105469, 0.9802777171134949, 0.9814276695251465, 0.9811795353889465, 0.9811549186706543, 0.9809238910675049, 0.9814280271530151, 0.9804590940475464, 0.9803016781806946, 0.9811573028564453, 0.9816665649414062, 0.9780369997024536, 0.979131817817688] 
Training f1 history = [0.9663895964622498, 0.9686944484710693, 0.9691227078437805, 0.9685978293418884, 0.9694445729255676, 0.9692753553390503, 0.9699926972389221, 0.9709898829460144, 0.9709382653236389, 0.9708084464073181, 0.971992552280426, 0.9725539684295654, 0.9724523425102234, 0.9737669825553894, 0.9751017689704895, 0.9757562875747681, 0.9750285744667053, 0.9775797128677368, 0.978839099407196, 0.9780651330947876, 0.9758219122886658, 0.9776368141174316, 0.9754620790481567, 0.978097677230835, 0.9798417091369629, 0.980338990688324, 0.9804299473762512, 0.9786926507949829, 0.9768824577331543, 0.975986659526825, 0.9776899814605713, 0.9800360202789307, 0.9767636656761169, 0.979394257068634, 0.9784845113754272, 0.9806162714958191, 0.9814456105232239, 0.9809319376945496, 0.9816402792930603, 0.9807339906692505, 0.9811092019081116, 0.9804729223251343, 0.9814973473548889, 0.9792284965515137, 0.9801754355430603, 0.9802637696266174, 0.9814306497573853, 0.9811724424362183, 0.98115074634552, 0.9809256792068481, 0.9814302921295166, 0.9804608821868896, 0.9803041815757751, 0.9811604022979736, 0.9816688299179077, 0.9780396819114685, 0.9791340827941895] 
--- 
Validation loss history = [0.08741576969623566, 0.07861290127038956, 0.11139295995235443, 0.08514930307865143, 0.08242905884981155, 0.0963163673877716, 0.07427937537431717, 0.08343560248613358, 0.07241963595151901, 0.06426125764846802, 0.06740505993366241, 0.06574662029743195, 0.068120077252388, 0.0623297244310379, 0.053539812564849854, 0.06163763627409935, 0.05920393764972687, 0.06016460806131363, 0.05275889113545418, 0.05905270203948021, 0.07686982303857803, 0.058469850569963455, 0.0671931654214859, 0.052443791180849075, 0.0508221834897995, 0.050048280507326126, 0.057985857129096985, 0.05554390326142311, 0.06948665529489517, 0.06053956598043442, 0.05987687036395073, 0.052570782601833344, 0.06095263361930847, 0.05974400043487549, 0.06109282374382019, 0.049678985029459, 0.048290591686964035, 0.057711321860551834, 0.04986448213458061, 0.07968221604824066, 0.05620837211608887, 0.05386639013886452, 0.052392471581697464, 0.05914946645498276, 0.05599138140678406, 0.06421910226345062, 0.059098318219184875, 0.05094278231263161, 0.049478814005851746, 0.04893147200345993, 0.06039506569504738, 0.07325799763202667, 0.05625846982002258, 0.06216200441122055, 0.05476918816566467, 0.07706775516271591, 0.07264169305562973] 
Validation accuracy history = [0.9657149314880371, 0.9684131145477295, 0.9620248675346375, 0.9652159214019775, 0.9683052897453308, 0.9644366502761841, 0.9698854088783264, 0.9680095911026001, 0.9699624180793762, 0.9740497469902039, 0.972531259059906, 0.9729285836219788, 0.974083662033081, 0.978026270866394, 0.9838230609893799, 0.9725836515426636, 0.9804102778434753, 0.9832101464271545, 0.9810047149658203, 0.9811956882476807, 0.9687703847885132, 0.9776504635810852, 0.9730702638626099, 0.9839524626731873, 0.9831700921058655, 0.9832963943481445, 0.9823322892189026, 0.9824708700180054, 0.9723618626594543, 0.977986216545105, 0.9812973737716675, 0.9834226369857788, 0.9728670120239258, 0.9772993326187134, 0.9764769077301025, 0.985202968120575, 0.9829329252243042, 0.9822059869766235, 0.9851044416427612, 0.974169909954071, 0.9815992116928101, 0.9807552695274353, 0.9830468893051147, 0.9706153869628906, 0.9785714149475098, 0.9797603487968445, 0.9765323996543884, 0.9820796847343445, 0.9839955568313599, 0.9841741919517517, 0.9782079458236694, 0.9715794920921326, 0.9843713641166687, 0.975383460521698, 0.9842358231544495, 0.9759502410888672, 0.9733012914657593] 
Validation f1 history = [0.9657973647117615, 0.9684887528419495, 0.9621158242225647, 0.9652997255325317, 0.9683812856674194, 0.9645216464996338, 0.9699574708938599, 0.9680861830711365, 0.9700345993041992, 0.9741117358207703, 0.9725970029830933, 0.9729934930801392, 0.9741455912590027, 0.9780789017677307, 0.9838616847991943, 0.9726495742797852, 0.980457067489624, 0.9832503795623779, 0.9810501933097839, 0.9812406897544861, 0.9688448905944824, 0.9777040481567383, 0.9731348752975464, 0.9839909672737122, 0.9832103848457336, 0.983336329460144, 0.9823744297027588, 0.982512891292572, 0.9724281430244446, 0.9780389666557312, 0.9813416004180908, 0.9834622740745544, 0.9729321002960205, 0.9773538112640381, 0.976533055305481, 0.9852386713027954, 0.9829738140106201, 0.982248842716217, 0.9851400256156921, 0.9742318987846375, 0.9816432595252991, 0.9808008670806885, 0.9830874800682068, 0.9706859588623047, 0.978622555732727, 0.9798091650009155, 0.9765884876251221, 0.9821221232414246, 0.9840336441993713, 0.9842119812965393, 0.9782601594924927, 0.9716473817825317, 0.9844089150428772, 0.9754423499107361, 0.984273374080658, 0.9760081171989441, 0.9733644723892212] 
--- 
Radius of the CI = 0.0026822411680619343 
True classification of the model is likely between 0.9791029370164473 and 0.9844674193525712 
--- 
Test accuracy = 0.9817851781845093 
Confusion matrix (0 | 1) = 
 [[268020   2321]
 [  8115 294484]] 
--- 
