This file contains information about the resnet model 
Analysis directory = C:\Users\cdetr\Documents\GitHub\nomics\nomics-AI/data/task2/tfe/without_oe/analysis_backup 
--- 
Segmentation value = 300.0 
Downsampling value = 1.0 
Signal frequency = 1.0 Hz 
Batch size = 32 
Standard scale = 0 
Stateful = 0 
Sliding window = 1 
Center of interest = 60 
Full sequence = 0 
Return sequences = 0 
Data balancing = 1 
--- 
Log time = 16-06-2022 17-31-26 
--- 
Num of epochs = 100, early stop after 56 epochs 
Epochs training computation time history (in sec) = [229.98148727416992, 96.46500062942505, 105.04211807250977, 47.373931884765625, 50.578648805618286, 43.90001893043518, 47.46999478340149, 42.57000374794006, 43.467570543289185, 47.78796648979187, 64.78040599822998, 71.79203748703003, 93.1394727230072, 50.162028789520264, 57.450530767440796, 51.17599582672119, 55.06605124473572, 44.758963108062744, 56.31899952888489, 55.75103044509888, 50.74296307563782, 55.6670036315918, 57.9139986038208, 51.88999557495117, 107.8269989490509, 55.68000102043152, 50.32300114631653, 58.94399666786194, 57.06700277328491, 58.78199863433838, 59.337995290756226, 55.12899994850159, 49.59500312805176, 276.7689962387085, 259.852995634079, 236.8970410823822, 234.90643000602722, 75.28152680397034, 51.99203443527222, 55.40399146080017, 62.997973680496216, 61.98707437515259, 54.19596457481384, 57.35603404045105, 56.38898015022278, 72.83802032470703, 68.36300230026245, 63.88499402999878, 56.0479998588562, 53.34100341796875, 89.04599356651306, 81.85600352287292, 63.57499980926514, 52.21395683288574, 54.21599984169006, 52.7969925403595] 
Epochs training computation time mean (in sec) = 77.07391471522195 
--- 
Training loss history = [0.3690206706523895, 0.3302112817764282, 0.32218652963638306, 0.30208620429039, 0.2821744978427887, 0.27533936500549316, 0.2731693983078003, 0.26357728242874146, 0.2568674385547638, 0.24921151995658875, 0.23571902513504028, 0.22474560141563416, 0.21770232915878296, 0.20370174944400787, 0.19355785846710205, 0.18217159807682037, 0.16846434772014618, 0.15312103927135468, 0.1411655992269516, 0.13234657049179077, 0.12271640449762344, 0.1136423721909523, 0.10283168405294418, 0.09422161430120468, 0.0889391303062439, 0.08354873210191727, 0.07461559772491455, 0.07061930000782013, 0.06879176944494247, 0.06298831850290298, 0.058732058852910995, 0.052859529852867126, 0.0528995543718338, 0.04811662808060646, 0.04775103181600571, 0.04427496716380119, 0.04506887495517731, 0.04375133663415909, 0.03608153760433197, 0.03760411962866783, 0.03615429624915123, 0.03598914295434952, 0.031328536570072174, 0.03615951165556908, 0.03147636353969574, 0.034195661544799805, 0.028425494208931923, 0.030361361801624298, 0.027030594646930695, 0.026200173422694206, 0.028347887098789215, 0.02797650545835495, 0.0233463067561388, 0.025264078751206398, 0.025558842346072197, 0.024728067219257355] 
Training accuracy history = [0.8362807631492615, 0.8562249541282654, 0.861962616443634, 0.8727501630783081, 0.8847559690475464, 0.8879784345626831, 0.8897665739059448, 0.893146276473999, 0.8951701521873474, 0.8985695242881775, 0.9052503108978271, 0.909180223941803, 0.9132476449012756, 0.9181403517723083, 0.923465371131897, 0.9274935126304626, 0.9331918358802795, 0.9409927129745483, 0.9448440074920654, 0.9492454528808594, 0.9522321820259094, 0.9562210440635681, 0.9614477753639221, 0.9652008414268494, 0.9672443866729736, 0.9683840274810791, 0.972333550453186, 0.9734732508659363, 0.9744753837585449, 0.9774424433708191, 0.9783070087432861, 0.9810579419136047, 0.9808024764060974, 0.9831997156143188, 0.9824333786964417, 0.9837892055511475, 0.9833962321281433, 0.9842411279678345, 0.987463653087616, 0.9864418506622314, 0.9873654246330261, 0.9871296286582947, 0.9888980388641357, 0.9863632917404175, 0.9895071983337402, 0.9879352450370789, 0.9894285798072815, 0.9889177083969116, 0.9905093312263489, 0.9907844066619873, 0.9898805022239685, 0.990077018737793, 0.9920616149902344, 0.9910791516304016, 0.9912952780723572, 0.9914917945861816] 
Training f1 history = [0.836279571056366, 0.8562486171722412, 0.8620167374610901, 0.8727346062660217, 0.8847357034683228, 0.8879569172859192, 0.889809787273407, 0.8931881785392761, 0.8951130509376526, 0.8985764980316162, 0.9052221179008484, 0.9092158079147339, 0.913216233253479, 0.9181397557258606, 0.9234626889228821, 0.9275219440460205, 0.9331526756286621, 0.9409831166267395, 0.9448656439781189, 0.9492326378822327, 0.9522509574890137, 0.9561727643013, 0.9614629149436951, 0.9652144908905029, 0.9672572016716003, 0.9683637022972107, 0.9723116755485535, 0.9733854532241821, 0.9744199514389038, 0.9774512648582458, 0.978315532207489, 0.9810653924942017, 0.9808100461959839, 0.9832063317298889, 0.9824075102806091, 0.983730137348175, 0.9833372831344604, 0.9842473268508911, 0.9874686002731323, 0.986283540725708, 0.9873703718185425, 0.9871346354484558, 0.9889024496078491, 0.9863686561584473, 0.9895113110542297, 0.9879399538040161, 0.9894327521324158, 0.9889220595359802, 0.990513026714325, 0.9907880425453186, 0.9898844957351685, 0.9900155067443848, 0.992031991481781, 0.9910826683044434, 0.9912987351417542, 0.9914951324462891] 
--- 
Validation loss history = [0.38461530208587646, 0.3781891465187073, 0.32492828369140625, 0.3051263391971588, 0.2738029658794403, 0.26683509349823, 0.2888828217983246, 0.3197389841079712, 0.2592045068740845, 0.24359969794750214, 0.24717977643013, 0.2702297568321228, 0.2136131376028061, 0.21341858804225922, 0.2691211700439453, 0.2371249794960022, 0.18684855103492737, 0.2036149501800537, 0.20542648434638977, 0.22606566548347473, 0.23535440862178802, 0.17285855114459991, 0.15773683786392212, 0.21931631863117218, 0.20461581647396088, 0.16965550184249878, 0.15943539142608643, 0.16225269436836243, 0.15734167397022247, 0.12556618452072144, 0.3534432649612427, 0.5569362044334412, 0.1493859738111496, 0.17109358310699463, 0.1429164856672287, 0.22261588275432587, 0.16481558978557587, 0.3496274948120117, 0.12263794243335724, 0.3244139552116394, 0.12971238791942596, 0.3136797547340393, 0.17886029183864594, 0.15039916336536407, 0.27184948325157166, 0.07924601435661316, 0.24145737290382385, 0.34857505559921265, 0.10898370295763016, 0.1484621912240982, 0.1194092258810997, 0.09166855365037918, 0.16078652441501617, 0.16406406462192535, 0.11721158772706985, 0.10591671615839005] 
Validation accuracy history = [0.8357205986976624, 0.8300619125366211, 0.856940746307373, 0.8721485137939453, 0.882758617401123, 0.8887709975242615, 0.8783377408981323, 0.863660454750061, 0.8900088667869568, 0.8984969258308411, 0.8999115824699402, 0.8919540047645569, 0.915826678276062, 0.9147657155990601, 0.8841732740402222, 0.9022104144096375, 0.9294429421424866, 0.9241379499435425, 0.9184792041778564, 0.915826678276062, 0.9167108535766602, 0.9329796433448792, 0.9386383891105652, 0.9207780957221985, 0.9260830879211426, 0.9386383891105652, 0.9428824186325073, 0.9425287246704102, 0.9435897469520569, 0.9538461565971375, 0.8977895379066467, 0.8924845457077026, 0.9442970752716064, 0.9389920234680176, 0.9504863023757935, 0.9352785348892212, 0.947303295135498, 0.8986737132072449, 0.9619805216789246, 0.9128205180168152, 0.9559681415557861, 0.9229000806808472, 0.9366931915283203, 0.9485411047935486, 0.9278514385223389, 0.973651647567749, 0.9331564903259277, 0.9059239625930786, 0.963572084903717, 0.9435897469520569, 0.961273193359375, 0.967992901802063, 0.9519009590148926, 0.9437665939331055, 0.9582670331001282, 0.9626879096031189] 
Validation f1 history = [0.8357051610946655, 0.8301246166229248, 0.8569607734680176, 0.872144341468811, 0.8827376961708069, 0.8887404799461365, 0.8782547116279602, 0.8637388348579407, 0.8899763822555542, 0.8984508514404297, 0.8998633623123169, 0.8918492197990417, 0.915753185749054, 0.9146938920021057, 0.8840808868408203, 0.902227520942688, 0.929347813129425, 0.9240511655807495, 0.9183323979377747, 0.9157531261444092, 0.9166358709335327, 0.9328097701072693, 0.9385286569595337, 0.9206966161727905, 0.9260623455047607, 0.9385976791381836, 0.9429041147232056, 0.9424818754196167, 0.9435411691665649, 0.9538504481315613, 0.8976064324378967, 0.8924481272697449, 0.944316565990448, 0.9390199184417725, 0.9504267573356628, 0.9352431893348694, 0.9472488164901733, 0.8985583782196045, 0.9619027972221375, 0.9128899574279785, 0.9559690952301025, 0.9228153824806213, 0.936655580997467, 0.9486228823661804, 0.9277588725090027, 0.9736244678497314, 0.9330554604530334, 0.9060043692588806, 0.9635608792304993, 0.9436793923377991, 0.9612656831741333, 0.9680438041687012, 0.9519083499908447, 0.9437868595123291, 0.9582642912864685, 0.9626781344413757] 
--- 
Radius of the CI = 0.002628262334446393 
True classification of the model is likely between 0.9712700292533832 and 0.9765265539222759 
--- 
Test accuracy = 0.9738982915878296 
Confusion matrix (0 | 1) = 
 [[6928   86]
 [ 283 6840]] 
--- 
