This file contains information about the lstm model 
Analysis directory = C:\Users\cdetr\Documents\GitHub\nomics\jawac_processing_nomics/data/awake_sleep_analysis_update 
--- 
Segmentation value = 120.0 
Downsampling value = 1.0 
Signal frequency = 1.0 Hz 
Batch size = 8 
Standard scale = 0 
Stateful = 0 
Sliding window = 0 
Center of interest = 10 
Full sequence = 0 
Return sequences = 1 
Data balancing = 1 
--- 
Log time = 19-04-2022 20-56-30 
--- 
Num of epochs = 100, early stop after 56 epochs 
Epochs training computation time history (in sec) = [36.5, 32.47799777984619, 32.84897255897522, 30.87000060081482, 29.870998859405518, 29.70500087738037, 30.192992448806763, 29.385005235671997, 30.666999578475952, 32.94500017166138, 29.7330002784729, 30.005001306533813, 30.298001766204834, 24.316000938415527, 24.453999042510986, 24.352002143859863, 25.196999073028564, 25.809000253677368, 25.46700143814087, 24.413001537322998, 24.998996019363403, 24.326000928878784, 31.88299870491028, 30.81800127029419, 31.738999128341675, 31.72100067138672, 30.046998739242554, 29.6940016746521, 30.496997117996216, 29.74899983406067, 29.32500195503235, 32.07699704170227, 32.0079824924469, 34.44999957084656, 34.15500020980835, 32.09699988365173, 33.178998947143555, 30.490999937057495, 27.02899980545044, 24.590001821517944, 22.915999174118042, 24.266001224517822, 25.368998765945435, 23.793994665145874, 24.488986015319824, 25.838999271392822, 29.833998680114746, 33.131500244140625, 33.21099281311035, 30.143595695495605, 34.537001848220825, 30.58799958229065, 27.891998767852783, 27.335994958877563, 27.014997482299805, 28.116997957229614] 
Epochs training computation time mean (in sec) = 29.158196585518972 
--- 
Training loss history = [0.6603387594223022, 0.6839251518249512, 0.6608853936195374, 0.6008129119873047, 0.4910978078842163, 0.468353807926178, 0.4404732286930084, 0.47463250160217285, 0.4410579800605774, 0.42272284626960754, 0.4148746132850647, 0.4106833040714264, 0.39869076013565063, 0.3937428891658783, 0.38988858461380005, 0.3853195011615753, 0.3803064227104187, 0.37938690185546875, 0.37620440125465393, 0.36854660511016846, 0.36288154125213623, 0.35673320293426514, 0.3504404127597809, 0.34798064827919006, 0.3403273820877075, 0.3408743441104889, 0.33507901430130005, 0.3353419899940491, 0.328201562166214, 0.3254869282245636, 0.3278822898864746, 0.3710891902446747, 0.3364211320877075, 0.32956239581108093, 0.32294559478759766, 0.31409069895744324, 0.3391977846622467, 0.3254649043083191, 0.31781622767448425, 0.3103469908237457, 0.30418065190315247, 0.30313989520072937, 0.3006865978240967, 0.298732191324234, 0.30986741185188293, 0.2981724441051483, 0.29810094833374023, 0.29293230175971985, 0.2930651605129242, 0.2835668921470642, 0.2843361794948578, 0.2755877673625946, 0.2765183448791504, 0.2752315402030945, 0.26823464035987854, 0.2842765152454376] 
Training accuracy history = [0.6002643704414368, 0.541671872138977, 0.6013216972351074, 0.6746976971626282, 0.7704106569290161, 0.7788617610931396, 0.7956867814064026, 0.7681846618652344, 0.7905595898628235, 0.803737461566925, 0.8104075193405151, 0.8129737377166748, 0.8178836703300476, 0.8216237425804138, 0.8221838474273682, 0.8254842162132263, 0.8299728035926819, 0.8288840055465698, 0.8305027484893799, 0.8345320224761963, 0.8361207246780396, 0.840072751045227, 0.8437631130218506, 0.8453884124755859, 0.8477112054824829, 0.8488261699676514, 0.8523646593093872, 0.8518347144126892, 0.8557383418083191, 0.8563233017921448, 0.8551586270332336, 0.8341184854507446, 0.8496309518814087, 0.8531851768493652, 0.8563795685768127, 0.8630208373069763, 0.8467363119125366, 0.8549609780311584, 0.85794597864151, 0.8624332547187805, 0.8668171763420105, 0.8672686219215393, 0.8680040836334229, 0.8698505759239197, 0.8647521734237671, 0.8699539303779602, 0.870046854019165, 0.8726065158843994, 0.8712992072105408, 0.8763845562934875, 0.8766776323318481, 0.8794951438903809, 0.8792805075645447, 0.8786327242851257, 0.8820704817771912, 0.8760063052177429] 
Training f1 history = [0.6002644896507263, 0.5416719317436218, 0.6013220548629761, 0.6746973395347595, 0.7704102993011475, 0.7788615226745605, 0.7956867814064026, 0.7681849598884583, 0.7905592918395996, 0.803737998008728, 0.8104079365730286, 0.8129736185073853, 0.8178842067718506, 0.821623682975769, 0.822184145450592, 0.8254838585853577, 0.8299729228019714, 0.8288833498954773, 0.8305032253265381, 0.8345317840576172, 0.8361214995384216, 0.8400723338127136, 0.8437629342079163, 0.8453882336616516, 0.8477110266685486, 0.8488261103630066, 0.8523645997047424, 0.8518349528312683, 0.8557382225990295, 0.8563240170478821, 0.8551585674285889, 0.8341185450553894, 0.8496307134628296, 0.8531847596168518, 0.8563805222511292, 0.8630214929580688, 0.8467369079589844, 0.8549619317054749, 0.8579455018043518, 0.8624327182769775, 0.8668164610862732, 0.8672688007354736, 0.8680031895637512, 0.8698504567146301, 0.864751935005188, 0.8699538111686707, 0.870046854019165, 0.8726064562797546, 0.8712998628616333, 0.8763844966888428, 0.8766774535179138, 0.8794941902160645, 0.8792803883552551, 0.8786324858665466, 0.8820705413818359, 0.8760062456130981] 
--- 
Validation loss history = [0.5957455039024353, 0.6625925302505493, 0.6330520510673523, 0.5215824246406555, 0.4406343996524811, 0.44797658920288086, 0.43344470858573914, 0.4240594208240509, 0.4428694546222687, 0.4026016294956207, 0.421798437833786, 0.41804957389831543, 0.384448379278183, 0.3784390389919281, 0.3737914562225342, 0.38029757142066956, 0.3660169839859009, 0.3710707724094391, 0.37200087308883667, 0.366793155670166, 0.370046466588974, 0.34235092997550964, 0.33400192856788635, 0.354501873254776, 0.3615923821926117, 0.34680914878845215, 0.3486618995666504, 0.33589035272598267, 0.3375588655471802, 0.3328758776187897, 0.3411761224269867, 0.3700924813747406, 0.3433782458305359, 0.33796200156211853, 0.3363969922065735, 0.32698264718055725, 0.35198861360549927, 0.34709957242012024, 0.3551246225833893, 0.34317630529403687, 0.33496326208114624, 0.35479310154914856, 0.33623743057250977, 0.35385769605636597, 0.350286602973938, 0.35314252972602844, 0.3305613696575165, 0.35264211893081665, 0.3455744683742523, 0.35451409220695496, 0.33871927857398987, 0.3388371169567108, 0.35426101088523865, 0.36766254901885986, 0.3842279016971588, 0.35985714197158813] 
Validation accuracy history = [0.7287076115608215, 0.6031308770179749, 0.6160781383514404, 0.7413017749786377, 0.8005296587944031, 0.7980814576148987, 0.7935616970062256, 0.8095456957817078, 0.81423020362854, 0.8234580755233765, 0.806979775428772, 0.8124882578849792, 0.8324270248413086, 0.8389948010444641, 0.8299788236618042, 0.8200329542160034, 0.8447269201278687, 0.8424906134605408, 0.8339689373970032, 0.8404307961463928, 0.8376059532165527, 0.8521304130554199, 0.8555202484130859, 0.8386181592941284, 0.8427612781524658, 0.8543785214424133, 0.8519185781478882, 0.8530720472335815, 0.8504354953765869, 0.8562382459640503, 0.8508592247962952, 0.8357109427452087, 0.8506826758384705, 0.8516949415206909, 0.8494938611984253, 0.8592867255210876, 0.8445150852203369, 0.8446445465087891, 0.8472457528114319, 0.8545786142349243, 0.853260338306427, 0.8492820262908936, 0.8523069620132446, 0.8509769439697266, 0.8540725111961365, 0.8574388027191162, 0.855555534362793, 0.8543903231620789, 0.8473634719848633, 0.850929856300354, 0.8581332564353943, 0.855814516544342, 0.8524364233016968, 0.8490819334983826, 0.8449505567550659, 0.8483403921127319] 
Validation f1 history = [0.7294591665267944, 0.6024577617645264, 0.6141970157623291, 0.7411984205245972, 0.801146924495697, 0.7984784841537476, 0.7942414879798889, 0.8100302815437317, 0.8148993849754333, 0.8243210315704346, 0.8075256943702698, 0.8134596943855286, 0.8332280516624451, 0.8397940397262573, 0.8308521509170532, 0.8208801746368408, 0.8454705476760864, 0.8432465195655823, 0.834807813167572, 0.8412569761276245, 0.8384129405021667, 0.8527738451957703, 0.8562617897987366, 0.8394428491592407, 0.8434455990791321, 0.8551028966903687, 0.8526800870895386, 0.8537452220916748, 0.8511704206466675, 0.8569287061691284, 0.8516268730163574, 0.836516797542572, 0.8514279723167419, 0.8524227142333984, 0.85028076171875, 0.8599956631660461, 0.8453066349029541, 0.8453885316848755, 0.8480103015899658, 0.8552199602127075, 0.8539909720420837, 0.8500350713729858, 0.8530430197715759, 0.8517205119132996, 0.8548105359077454, 0.8581578731536865, 0.8562732934951782, 0.8551380038261414, 0.8481507897377014, 0.8516968488693237, 0.8588483929634094, 0.8565543293952942, 0.8531953692436218, 0.8498361706733704, 0.8454237580299377, 0.8491221070289612] 
--- 
Radius of the CI = 0.016798948109495764 
True classification of the model is likely between 0.8295758020278333 and 0.8631736982468249 
--- 
Test accuracy = 0.8463747501373291 
Confusion matrix (0 | 1) = 
 [[87013 19282]
 [13348 92757]] 
--- 
