This file contains information about the lstm model 
Analysis directory = C:\Users\cdetr\Documents\GitHub\nomics\jawac_processing_nomics/data/valid_invalid_analysis 
--- 
Segmentation value = 60.0 
Downsampling value = 1.0 
Signal frequency = 1.0 Hz 
Batch size = 16 
Standard scale = 0 
Stateful = 0 
Sliding window = 1 
Center of interest = 20 
Full sequence = 0 
Return sequences = 0 
Data balancing = 0 
--- 
Log time = 18-04-2022 10-02-28 
--- 
Num of epochs = 100, early stop after 53 epochs 
Epochs training computation time history (in sec) = [96.23099565505981, 91.53999996185303, 94.26700043678284, 97.48399329185486, 93.31000089645386, 91.14000010490417, 90.99000191688538, 89.0920000076294, 92.12199997901917, 94.20899868011475, 82.66600060462952, 94.59999823570251, 92.4350004196167, 93.55999755859375, 97.63099908828735, 96.80551314353943, 93.02399921417236, 95.58799815177917, 101.03711986541748, 95.04800152778625, 96.41499328613281, 96.03600025177002, 77.13699913024902, 76.35900020599365, 76.48699307441711, 70.77500128746033, 66.12400126457214, 69.70800018310547, 73.43999862670898, 70.07000184059143, 69.61000037193298, 70.94100260734558, 80.9889988899231, 101.7170295715332, 92.24908351898193, 90.60836935043335, 91.44612789154053, 90.73323917388916, 85.74760794639587, 87.47661399841309, 89.76833009719849, 87.09485244750977, 92.03569722175598, 87.40139126777649, 85.77919960021973, 89.21512770652771, 86.24794173240662, 92.71002340316772, 89.00786709785461, 85.60661935806274, 84.71855306625366, 88.94378924369812, 88.69537663459778] 
Epochs training computation time mean (in sec) = 87.81270660544341 
--- 
Training loss history = [0.05705269053578377, 0.026949025690555573, 0.023811960592865944, 0.021941686049103737, 0.02152938023209572, 0.021543648093938828, 0.020772846415638924, 0.019670385867357254, 0.020591875538229942, 0.020716875791549683, 0.020434213802218437, 0.018313447013497353, 0.019271360710263252, 0.01845129393041134, 0.018210984766483307, 0.01804194785654545, 0.018586410209536552, 0.017991891130805016, 0.018812451511621475, 0.017633797600865364, 0.01797109842300415, 0.017825117334723473, 0.022872939705848694, 0.017971936613321304, 0.02075979672372341, 0.017954908311367035, 0.019025001674890518, 0.01901637390255928, 0.01801043376326561, 0.020683182403445244, 0.01754048466682434, 0.020098628476262093, 0.018183739855885506, 0.019637102261185646, 0.01928127184510231, 0.020669879391789436, 0.018391510471701622, 0.017247557640075684, 0.020759815350174904, 0.019173217937350273, 0.019331607967615128, 0.019179722294211388, 0.01797594502568245, 0.01776197925209999, 0.020998472347855568, 0.024880345910787582, 0.02049851231276989, 0.020030416548252106, 0.020559970289468765, 0.021195227280259132, 0.01936824433505535, 0.01877707988023758, 0.018602844327688217] 
Training accuracy history = [0.9795576930046082, 0.991521418094635, 0.9923478960990906, 0.9933397173881531, 0.9935119152069092, 0.9935463666915894, 0.9939320683479309, 0.9942075610160828, 0.9937391877174377, 0.9936703443527222, 0.9939320683479309, 0.9945657253265381, 0.994393527507782, 0.9948205351829529, 0.9950065016746521, 0.9949238300323486, 0.9946759343147278, 0.9946965575218201, 0.9942695498466492, 0.9950271844863892, 0.9949582815170288, 0.9949582815170288, 0.9931812882423401, 0.9947723150253296, 0.9940009117126465, 0.9949789643287659, 0.9944830536842346, 0.9944210648536682, 0.9948274493217468, 0.9936841130256653, 0.9950754046440125, 0.9943521618843079, 0.9948412179946899, 0.9940078258514404, 0.994235098361969, 0.9936978816986084, 0.9946759343147278, 0.9948412179946899, 0.9939871430397034, 0.994386613368988, 0.9941731095314026, 0.99408358335495, 0.9947792291641235, 0.9951373934745789, 0.9940009117126465, 0.9921274781227112, 0.9941937923431396, 0.9942833185195923, 0.9937598705291748, 0.9939940571784973, 0.9940146803855896, 0.9944279789924622, 0.9945932626724243] 
Training f1 history = [0.9795592427253723, 0.9915220141410828, 0.9923484921455383, 0.9933401942253113, 0.9935123920440674, 0.9935468435287476, 0.9939324855804443, 0.9942079782485962, 0.993739664554596, 0.9936708211898804, 0.9939324855804443, 0.9945661425590515, 0.9943939447402954, 0.9948209524154663, 0.9950068593025208, 0.9949242472648621, 0.9946762919425964, 0.9946817755699158, 0.9942699670791626, 0.9950275421142578, 0.9949586987495422, 0.9949586987495422, 0.9931818246841431, 0.994772732257843, 0.9940013885498047, 0.9949793219566345, 0.994483470916748, 0.9944214820861816, 0.9948278069496155, 0.9936845898628235, 0.9950757622718811, 0.9943526387214661, 0.9948415756225586, 0.9940082430839539, 0.9942355155944824, 0.9936983585357666, 0.9946762919425964, 0.9948415756225586, 0.9939876198768616, 0.9943870306015015, 0.994173526763916, 0.9940840005874634, 0.9947795867919922, 0.9951377511024475, 0.9940013885498047, 0.9921280741691589, 0.9941942095756531, 0.9942837357521057, 0.993760347366333, 0.9939944744110107, 0.9940151572227478, 0.9944283962249756, 0.9945936799049377] 
--- 
Validation loss history = [0.02951543591916561, 0.02201664447784424, 0.024133622646331787, 0.022557688876986504, 0.023829372599720955, 0.023326262831687927, 0.018596971407532692, 0.02458103559911251, 0.021787259727716446, 0.01983749121427536, 0.02218570187687874, 0.021150309592485428, 0.02162184566259384, 0.0198480524122715, 0.02008034661412239, 0.02041378989815712, 0.029543397948145866, 0.029582731425762177, 0.020308027043938637, 0.01888449862599373, 0.017744364216923714, 0.019548004493117332, 0.01606241799890995, 0.018343612551689148, 0.019515028223395348, 0.019040780141949654, 0.024006083607673645, 0.021573415026068687, 0.018777621909976006, 0.015434855595231056, 0.021407734602689743, 0.01980842649936676, 0.01407495979219675, 0.021029310300946236, 0.020779240876436234, 0.019839633256196976, 0.01976311020553112, 0.05511625111103058, 0.01936626061797142, 0.019569452852010727, 0.018424710258841515, 0.01879376731812954, 0.01915416307747364, 0.02208978310227394, 0.023505236953496933, 0.02094050496816635, 0.030083397403359413, 0.021315136924386024, 0.01963457465171814, 0.025154678151011467, 0.01615207828581333, 0.019584009423851967, 0.016975026577711105] 
Validation accuracy history = [0.9897105097770691, 0.99367755651474, 0.9921899437904358, 0.9938015341758728, 0.9927477836608887, 0.9934915900230408, 0.9947313070297241, 0.9934296011924744, 0.9934915900230408, 0.9938635230064392, 0.9936155676841736, 0.9946693181991577, 0.9928717613220215, 0.9942973852157593, 0.9943593740463257, 0.9942973852157593, 0.9903923869132996, 0.9903923869132996, 0.995599091053009, 0.9951031804084778, 0.9951031804084778, 0.9943593740463257, 0.9962189197540283, 0.9951651692390442, 0.9942353963851929, 0.9960329532623291, 0.9923138618469238, 0.9941114783287048, 0.9943593740463257, 0.9957230687141418, 0.9949172735214233, 0.9946693181991577, 0.996466875076294, 0.9933056235313416, 0.9932436347007751, 0.9935535788536072, 0.9942973852157593, 0.9860534071922302, 0.9939255118370056, 0.9953511357307434, 0.9947932958602905, 0.9942973852157593, 0.9947313070297241, 0.9947313070297241, 0.9931197166442871, 0.9942973852157593, 0.9900824427604675, 0.9937395453453064, 0.9944833517074585, 0.9914460778236389, 0.996466875076294, 0.9949172735214233, 0.9954131245613098] 
Validation f1 history = [0.9897175431251526, 0.9936818480491638, 0.9921952486038208, 0.9938057661056519, 0.992752730846405, 0.9934960603713989, 0.9947348833084106, 0.9934340715408325, 0.9934960603713989, 0.9938676953315735, 0.9936199188232422, 0.994672954082489, 0.9928765892982483, 0.9943012595176697, 0.9943632483482361, 0.9943012595176697, 0.9903988838195801, 0.9903988838195801, 0.9956020712852478, 0.9951065182685852, 0.9951065182685852, 0.9943632483482361, 0.9962214827537537, 0.9951685070991516, 0.994239330291748, 0.9960356950759888, 0.9923191070556641, 0.9941154718399048, 0.9943632483482361, 0.9957259893417358, 0.9949207305908203, 0.994672954082489, 0.996469259262085, 0.9933102130889893, 0.9932482838630676, 0.9935579895973206, 0.9943012595176697, 0.9860629439353943, 0.9939296245574951, 0.9953542947769165, 0.9947968125343323, 0.9943012595176697, 0.9947348833084106, 0.9947348833084106, 0.9931243658065796, 0.9943012595176697, 0.9899529218673706, 0.9937437772750854, 0.9944871068000793, 0.9914519190788269, 0.996469259262085, 0.9949207305908203, 0.9954162240028381] 
--- 
Radius of the CI = 0.000592114509558026 
True classification of the model is likely between 0.9957134703979738 and 0.9968976994170897 
--- 
Test accuracy = 0.9963055849075317 
Confusion matrix (0 | 1) = 
 [[18718    95]
 [   54 21464]] 
--- 
