This file contains information about the lstm model 
Analysis directory = C:\Users\cdetr\Documents\GitHub\nomics\jawac_processing_nomics/data/valid_invalid_analysis 
--- 
Segmentation value = 60.0 
Downsampling value = 1.0 
Signal frequency = 1.0 Hz 
Batch size = 8 
Standard scale = 0 
Stateful = 0 
Sliding window = 0 
Center of interest = 10 
Full sequence = 0 
Return sequences = 1 
Data balancing = 0 
--- 
Log time = 18-04-2022 01-38-40 
--- 
Num of epochs = 100, early stop after 89 epochs 
Epochs training computation time history (in sec) = [88.31900954246521, 84.49300694465637, 85.9119598865509, 87.46896648406982, 85.94099760055542, 84.92797684669495, 85.84299778938293, 84.49657583236694, 84.2119677066803, 80.89497709274292, 78.40402841567993, 70.86596155166626, 74.09899640083313, 75.89000844955444, 80.6170003414154, 80.93901133537292, 81.14499807357788, 81.03001046180725, 80.00897145271301, 83.20997357368469, 81.81700873374939, 87.5780234336853, 86.94500088691711, 85.57803153991699, 81.303964138031, 79.83897089958191, 80.36799788475037, 79.93797874450684, 77.83600687980652, 77.34699845314026, 74.57702398300171, 75.13298177719116, 75.67299389839172, 78.0559949874878, 75.90902209281921, 77.17398476600647, 74.90300107002258, 76.22797465324402, 75.11700701713562, 75.47803044319153, 79.16295957565308, 74.89403057098389, 76.80300903320312, 78.04300832748413, 70.57100176811218, 76.17602968215942, 79.32796382904053, 75.80901408195496, 78.79900765419006, 77.30699467658997, 74.27296686172485, 72.12303113937378, 74.45703339576721, 76.33700680732727, 75.74697923660278, 74.88198685646057, 71.80296611785889, 70.61699724197388, 71.29399943351746, 74.37600016593933, 74.59001064300537, 71.65303897857666, 73.93800902366638, 74.48901844024658, 73.91402983665466, 75.37396955490112, 79.14402055740356, 70.38000774383545, 69.51201677322388, 76.00599455833435, 76.37597393989563, 78.59003853797913, 75.92803382873535, 71.06703162193298, 75.12001132965088, 77.11097383499146, 78.20200538635254, 75.24597597122192, 74.90299797058105, 75.41598963737488, 74.13200974464417, 79.77099657058716, 77.02801513671875, 83.18600273132324, 80.43800520896912, 81.89800882339478, 80.38599681854248, 78.06298470497131, 78.09300804138184] 
Epochs training computation time mean (in sec) = 77.84574780303441 
--- 
Training loss history = [0.13886068761348724, 0.11601682007312775, 0.10133472084999084, 0.0884563997387886, 0.08484138548374176, 0.08978356420993805, 0.08434571325778961, 0.08090664446353912, 0.07932862639427185, 0.11157873272895813, 0.08919895440340042, 0.08601962774991989, 0.08055443316698074, 0.08564740419387817, 0.08258070051670074, 0.07923871278762817, 0.07574234902858734, 0.07687497138977051, 0.0810856744647026, 0.07273133844137192, 0.08001035451889038, 0.07672427594661713, 0.07274896651506424, 0.07471450418233871, 0.07238416373729706, 0.07473161816596985, 0.06951497495174408, 0.06790117919445038, 0.06758245080709457, 0.06540726870298386, 0.06675804406404495, 0.06894201040267944, 0.07112900167703629, 0.07350647449493408, 0.07228831946849823, 0.07062430679798126, 0.06662711501121521, 0.06471356749534607, 0.06832372397184372, 0.06741849333047867, 0.06523723155260086, 0.06812016665935516, 0.06441155076026917, 0.0638762041926384, 0.06509926170110703, 0.06550673395395279, 0.0632079541683197, 0.06529071927070618, 0.06783907115459442, 0.0673418641090393, 0.06143977865576744, 0.06627940386533737, 0.06302496045827866, 0.06394340097904205, 0.06144566833972931, 0.07055756449699402, 0.06387616693973541, 0.07262960076332092, 0.06492457538843155, 0.06674781441688538, 0.06324363499879837, 0.06216444447636604, 0.06534654647111893, 0.061039384454488754, 0.061444565653800964, 0.06182378530502319, 0.06285696476697922, 0.06282030791044235, 0.06209561973810196, 0.060551173985004425, 0.0625651404261589, 0.0612972155213356, 0.06004684045910835, 0.059364523738622665, 0.06099722534418106, 0.07179194688796997, 0.06784088164567947, 0.06582120805978775, 0.0652267262339592, 0.06351812928915024, 0.05981089919805527, 0.05826614052057266, 0.06525260955095291, 0.06079425290226936, 0.06044929847121239, 0.06667871028184891, 0.062437769025564194, 0.06061416119337082, 0.05903191119432449] 
Training accuracy history = [0.95160311460495, 0.9549710750579834, 0.9582075476646423, 0.9617365598678589, 0.9624679088592529, 0.9619871377944946, 0.963057816028595, 0.9646894931793213, 0.9663128852844238, 0.9589065313339233, 0.961552083492279, 0.96263587474823, 0.9647620916366577, 0.9640142321586609, 0.9652814269065857, 0.9657897353172302, 0.9699245095252991, 0.9678044319152832, 0.9661755561828613, 0.9703055024147034, 0.9673801064491272, 0.9671705365180969, 0.9691783785820007, 0.9688937067985535, 0.9694932699203491, 0.9680928587913513, 0.9706782102584839, 0.972405195236206, 0.9720348715782166, 0.9736596941947937, 0.9741435647010803, 0.9716796875, 0.9704840779304504, 0.969015896320343, 0.9686005115509033, 0.9706706404685974, 0.972184956073761, 0.9740358591079712, 0.9703691601753235, 0.9716429114341736, 0.9733072519302368, 0.9713331460952759, 0.9738671779632568, 0.9752786159515381, 0.9732273817062378, 0.9739856123924255, 0.9749137759208679, 0.9742457866668701, 0.9723370671272278, 0.9731155633926392, 0.9761685729026794, 0.9721295237541199, 0.9751068353652954, 0.9734923839569092, 0.9757301211357117, 0.9703918695449829, 0.9747871160507202, 0.9689408540725708, 0.9740155339241028, 0.9733203053474426, 0.9739239811897278, 0.9745713472366333, 0.974013090133667, 0.975969672203064, 0.9767656922340393, 0.9764683842658997, 0.9749715924263, 0.9752720594406128, 0.9759083986282349, 0.9761107563972473, 0.9764060974121094, 0.9767701625823975, 0.9770306944847107, 0.9775480031967163, 0.9765231013298035, 0.9714921712875366, 0.9738747477531433, 0.9742062091827393, 0.9749650955200195, 0.9745585918426514, 0.9763650894165039, 0.9779138565063477, 0.9741762280464172, 0.9767918586730957, 0.9760753512382507, 0.9738176465034485, 0.975497841835022, 0.9775218367576599, 0.976949155330658] 
Training f1 history = [0.9516035914421082, 0.9549749493598938, 0.9582111239433289, 0.9617295265197754, 0.9624687433242798, 0.961989164352417, 0.963059663772583, 0.964690089225769, 0.9663149118423462, 0.9588930606842041, 0.9615540504455566, 0.9626374244689941, 0.9647265076637268, 0.9640142321586609, 0.965283215045929, 0.9657917618751526, 0.9699243307113647, 0.9678044319152832, 0.9661772847175598, 0.9703054428100586, 0.9673812389373779, 0.9671716094017029, 0.9691808819770813, 0.9688951969146729, 0.9694950580596924, 0.9680934548377991, 0.970679521560669, 0.9724040627479553, 0.9720350503921509, 0.9736618995666504, 0.9741424918174744, 0.9716817736625671, 0.9704857468605042, 0.969018816947937, 0.9686018228530884, 0.9706709384918213, 0.9721857309341431, 0.9740356802940369, 0.970369279384613, 0.9716214537620544, 0.973308265209198, 0.9713297486305237, 0.9738672971725464, 0.9752728343009949, 0.9732267260551453, 0.9739840626716614, 0.9749114513397217, 0.9742468595504761, 0.9723386168479919, 0.9731143116950989, 0.9761671423912048, 0.9721283912658691, 0.9751054644584656, 0.9734899997711182, 0.9757298827171326, 0.970393717288971, 0.9747856855392456, 0.9689423441886902, 0.9740150570869446, 0.973321259021759, 0.9739242196083069, 0.9745714068412781, 0.9740128517150879, 0.9759381413459778, 0.9767656922340393, 0.9764674305915833, 0.9749707579612732, 0.9752715229988098, 0.9759078025817871, 0.9761109948158264, 0.9764023423194885, 0.9767698645591736, 0.9770281910896301, 0.9775336384773254, 0.9765205383300781, 0.9714933633804321, 0.9738746881484985, 0.9742060899734497, 0.9749526381492615, 0.974557101726532, 0.9763646721839905, 0.9779128432273865, 0.974175751209259, 0.9767920970916748, 0.9760735630989075, 0.9738172888755798, 0.9754963517189026, 0.9775208234786987, 0.9769484996795654] 
--- 
Validation loss history = [0.14291496574878693, 0.09875805675983429, 0.08250652253627777, 0.0773463025689125, 0.0925559252500534, 0.07116866111755371, 0.07729180157184601, 0.06973027437925339, 0.07682368159294128, 0.11204317957162857, 0.07976537942886353, 0.07645630836486816, 0.07692581415176392, 0.06851600855588913, 0.076480932533741, 0.07677320390939713, 0.06891150772571564, 0.06754505634307861, 0.06871526688337326, 0.06612810492515564, 0.06722966581583023, 0.07204894721508026, 0.0703846886754036, 0.06706532090902328, 0.06382850557565689, 0.06192528083920479, 0.05988353118300438, 0.06782233715057373, 0.06396915763616562, 0.06006475165486336, 0.06358522921800613, 0.07229430228471756, 0.07469557225704193, 0.09647977352142334, 0.06991122663021088, 0.07592713087797165, 0.06876924633979797, 0.06207427382469177, 0.06941844522953033, 0.07007463276386261, 0.06649497896432877, 0.06482803076505661, 0.060376670211553574, 0.05858461931347847, 0.05689023807644844, 0.06663502752780914, 0.06440753489732742, 0.06644991040229797, 0.07003741711378098, 0.06669550389051437, 0.06344832479953766, 0.07114902883768082, 0.06422258913516998, 0.061471160501241684, 0.06626361608505249, 0.07407119125127792, 0.06670141220092773, 0.054976534098386765, 0.06658164411783218, 0.06528312712907791, 0.057820986956357956, 0.0585811547935009, 0.07373702526092529, 0.05499662458896637, 0.06594287604093552, 0.06568863987922668, 0.05845233052968979, 0.05657760426402092, 0.05208980664610863, 0.06260429322719574, 0.05672123283147812, 0.056493163108825684, 0.05356472358107567, 0.063763327896595, 0.0563652366399765, 0.07065858691930771, 0.054306600242853165, 0.06693100929260254, 0.07054769992828369, 0.06525260210037231, 0.10964038223028183, 0.05332770571112633, 0.06617599725723267, 0.05662717670202255, 0.0705142691731453, 0.05868684500455856, 0.05278177559375763, 0.07523498684167862, 0.05171605572104454] 
Validation accuracy history = [0.9452704191207886, 0.9545065760612488, 0.9559623599052429, 0.9661555886268616, 0.9507309794425964, 0.9682184457778931, 0.9632967710494995, 0.9697980284690857, 0.9666202068328857, 0.9330762624740601, 0.9625905752182007, 0.961076021194458, 0.9604224562644958, 0.9691538214683533, 0.96815025806427, 0.9665117859840393, 0.9678467512130737, 0.9712197184562683, 0.9691197276115417, 0.9714272618293762, 0.9699560403823853, 0.9678962826728821, 0.9680202007293701, 0.969376802444458, 0.9749148488044739, 0.9759369492530823, 0.9775506258010864, 0.9691445231437683, 0.9744873642921448, 0.9768754243850708, 0.9709564447402954, 0.9663538336753845, 0.9697360992431641, 0.9485070705413818, 0.968348503112793, 0.966508686542511, 0.9772595167160034, 0.9699219465255737, 0.9645698070526123, 0.9703060388565063, 0.9730038046836853, 0.9727869629859924, 0.9823917746543884, 0.9790961742401123, 0.9791364669799805, 0.9710462689399719, 0.9727343320846558, 0.9697763919830322, 0.9727528691291809, 0.9661091566085815, 0.9721860885620117, 0.9729294180870056, 0.9729883074760437, 0.9741095304489136, 0.9741219282150269, 0.9734621644020081, 0.9696741700172424, 0.9815740585327148, 0.9728086590766907, 0.9715015888214111, 0.9764634966850281, 0.9791859984397888, 0.9670910239219666, 0.9814439415931702, 0.9757139086723328, 0.9717493653297424, 0.9793625473976135, 0.979046642780304, 0.9805952906608582, 0.9745710492134094, 0.9778727889060974, 0.9760856032371521, 0.9793378114700317, 0.9715604186058044, 0.9785200953483582, 0.9729790091514587, 0.9821656346321106, 0.9785169959068298, 0.9753329753875732, 0.9779502153396606, 0.9583658576011658, 0.9809576869010925, 0.9788917899131775, 0.9773740768432617, 0.9703803658485413, 0.9770519733428955, 0.9793811440467834, 0.9712816476821899, 0.9791674613952637] 
Validation f1 history = [0.9453011751174927, 0.9545315504074097, 0.9559873938560486, 0.966174304485321, 0.9507582187652588, 0.96823650598526, 0.9633176922798157, 0.9698152542114258, 0.9666394591331482, 0.9331141710281372, 0.9626115560531616, 0.9610973596572876, 0.9604442119598389, 0.9691717028617859, 0.9681681394577026, 0.9665308594703674, 0.9678651094436646, 0.9712358713150024, 0.9691377282142639, 0.9714435935020447, 0.9699729084968567, 0.9679149389266968, 0.9680384993553162, 0.9693943858146667, 0.9749292135238647, 0.975951075553894, 0.9775634407997131, 0.9691619873046875, 0.9745017886161804, 0.9768883585929871, 0.970973014831543, 0.9663729071617126, 0.9697531461715698, 0.9485355019569397, 0.968366265296936, 0.9665278196334839, 0.977272093296051, 0.9699391722679138, 0.9645900726318359, 0.970322847366333, 0.973019003868103, 0.9728017449378967, 0.9824020266532898, 0.9791080355644226, 0.9791480898857117, 0.9710631966590881, 0.9727499485015869, 0.9697938561439514, 0.9727686047554016, 0.9661284685134888, 0.9722020626068115, 0.9729442000389099, 0.9730038046836853, 0.9741238951683044, 0.9741367697715759, 0.9734770059585571, 0.9696910977363586, 0.9815852642059326, 0.9728239178657532, 0.9715171456336975, 0.9764767289161682, 0.9791979789733887, 0.9671093821525574, 0.9814546704292297, 0.9757273197174072, 0.9717652201652527, 0.9793739318847656, 0.9790583252906799, 0.9806062579154968, 0.974585235118866, 0.9778853058815002, 0.97609943151474, 0.9793496131896973, 0.9715766906738281, 0.9785323739051819, 0.9729944467544556, 0.9821759462356567, 0.978529691696167, 0.9753468036651611, 0.977962851524353, 0.9583895206451416, 0.9809683561325073, 0.9789040684700012, 0.9773874282836914, 0.9703970551490784, 0.9770652651786804, 0.9793927073478699, 0.9712978601455688, 0.9791800379753113] 
--- 
Radius of the CI = 0.0024280805316834577 
True classification of the model is likely between 0.976481233147058 and 0.9813373942104249 
--- 
Test accuracy = 0.9789093136787415 
Confusion matrix (0 | 1) = 
 [[364996  12956]
 [  4068 425160]] 
--- 
