This file contains information about the lstm model 
Analysis directory = C:\Users\cdetr\Documents\GitHub\nomics\nomics-AI/data/valid_invalid_analysis 
--- 
Segmentation value = 180.0 
Downsampling value = 1.0 
Signal frequency = 1.0 Hz 
Batch size = 8 
Standard scale = 0 
Stateful = 0 
Sliding window = 0 
Center of interest = 10 
Full sequence = 0 
Return sequences = 0 
Data balancing = 0 
--- 
Log time = 12-05-2022 23-53-24 
--- 
Num of epochs = 100, early stop after 63 epochs 
Epochs training computation time history (in sec) = [33.32099962234497, 29.147999048233032, 28.18399953842163, 27.584991693496704, 29.347002029418945, 29.41999387741089, 29.904000520706177, 30.035000562667847, 29.530001163482666, 29.35899829864502, 30.4970121383667, 30.261000633239746, 29.73999834060669, 29.66299843788147, 29.812999963760376, 30.695013761520386, 29.426000356674194, 30.264999389648438, 29.807000875473022, 30.169999599456787, 28.905002117156982, 28.660001516342163, 30.74799871444702, 29.020001649856567, 29.180999994277954, 28.569002389907837, 28.887004137039185, 29.051000118255615, 29.131000995635986, 27.41800093650818, 28.34100031852722, 28.60800051689148, 28.990999937057495, 29.87399697303772, 29.481000661849976, 29.486005544662476, 29.497004508972168, 29.656999826431274, 29.43000078201294, 30.461000680923462, 31.3530011177063, 29.763999700546265, 29.761000156402588, 30.124999046325684, 29.529639959335327, 30.599997997283936, 29.23600125312805, 29.35200023651123, 28.816001176834106, 28.31600832939148, 27.964001417160034, 30.280998468399048, 29.48499846458435, 29.994998693466187, 29.606997966766357, 28.808000087738037, 29.487000703811646, 29.1600079536438, 31.012011766433716, 31.40500044822693, 31.92299246788025, 29.691001892089844, 28.720999717712402] 
Epochs training computation time mean (in sec) = 29.586630018930588 
--- 
Training loss history = [0.11490935832262039, 0.08116073906421661, 0.060715820640325546, 0.059242863208055496, 0.06911107152700424, 0.07201442122459412, 0.0557238906621933, 0.057407937943935394, 0.04971038177609444, 0.05083715543150902, 0.04755484685301781, 0.03913169726729393, 0.04011145234107971, 0.04582541063427925, 0.03709477558732033, 0.034425366669893265, 0.03363623842597008, 0.030777014791965485, 0.02887902781367302, 0.03255431726574898, 0.029054995626211166, 0.02657814882695675, 0.030938658863306046, 0.02812754176557064, 0.03027065470814705, 0.027580270543694496, 0.022419335320591927, 0.02881120704114437, 0.02456059120595455, 0.026140432804822922, 0.02703976072371006, 0.024847034364938736, 0.024279054254293442, 0.025732671841979027, 0.02748577669262886, 0.027427207678556442, 0.02347315102815628, 0.024634765461087227, 0.028353875502943993, 0.02957242727279663, 0.027219563722610474, 0.022620460018515587, 0.02326817996799946, 0.025111867114901543, 0.02413446456193924, 0.022468535229563713, 0.021921904757618904, 0.020771406590938568, 0.021268902346491814, 0.023847296833992004, 0.02290727198123932, 0.025025568902492523, 0.021183781325817108, 0.021801698952913284, 0.02173309586942196, 0.019894646480679512, 0.017881151288747787, 0.02034737914800644, 0.020006723701953888, 0.019002003595232964, 0.022259097546339035, 0.019467556849122047, 0.020099882036447525] 
Training accuracy history = [0.9593420028686523, 0.9709497094154358, 0.9752327799797058, 0.9770328998565674, 0.9742395877838135, 0.9757293462753296, 0.9780260920524597, 0.9777157306671143, 0.9812538623809814, 0.9813780188560486, 0.9823712110519409, 0.9865301251411438, 0.9873991012573242, 0.9862197637557983, 0.987957775592804, 0.990068256855011, 0.9890751242637634, 0.9898820519447327, 0.9890130162239075, 0.990813136100769, 0.9912476539611816, 0.9912476539611816, 0.990068256855011, 0.9914339184761047, 0.990875244140625, 0.9919304847717285, 0.9927995204925537, 0.9920546412467957, 0.9919925332069397, 0.9915580153465271, 0.9911856055259705, 0.9920546412467957, 0.9914959669113159, 0.9925512075424194, 0.9912476539611816, 0.9925512075424194, 0.9924891591072083, 0.9931719303131104, 0.990875244140625, 0.9916201233863831, 0.9918063282966614, 0.9931098818778992, 0.9937306046485901, 0.992240846157074, 0.9931719303131104, 0.9926753640174866, 0.9930477738380432, 0.9932340383529663, 0.9941651225090027, 0.9924891591072083, 0.9930477738380432, 0.9911856055259705, 0.9934822916984558, 0.9935443997383118, 0.9936685562133789, 0.9939168095588684, 0.9937306046485901, 0.9939789175987244, 0.9942271709442139, 0.9945996403694153, 0.993606448173523, 0.9942892789840698, 0.993606448173523] 
Training f1 history = [0.9593470692634583, 0.9709533452987671, 0.9752358198165894, 0.9769943356513977, 0.9742428064346313, 0.9757323861122131, 0.9780287742614746, 0.9777184724807739, 0.9812561869621277, 0.9813803434371948, 0.9823733568191528, 0.9865317940711975, 0.9873800277709961, 0.9862008094787598, 0.9879592657089233, 0.9900695085525513, 0.9890764355659485, 0.989883303642273, 0.9890143871307373, 0.9908143281936646, 0.9912487864494324, 0.9912487864494324, 0.9900695085525513, 0.9914349317550659, 0.9908763766288757, 0.9919314980506897, 0.9928004145622253, 0.9920555949211121, 0.9919935464859009, 0.9915590882301331, 0.9911866784095764, 0.9920555949211121, 0.9914970397949219, 0.9925521612167358, 0.9912487864494324, 0.9925521612167358, 0.9924900531768799, 0.9931727647781372, 0.9908763766288757, 0.9916211366653442, 0.9918073415756226, 0.993110716342926, 0.9937313795089722, 0.9922417998313904, 0.9931727647781372, 0.9926762580871582, 0.9930486679077148, 0.9932348728179932, 0.99416583776474, 0.9924900531768799, 0.9930486679077148, 0.9911866784095764, 0.9934831261634827, 0.9935451745986938, 0.993669331073761, 0.9939175844192505, 0.9937313795089722, 0.9939796328544617, 0.9942278861999512, 0.9946002960205078, 0.9935865998268127, 0.9942899942398071, 0.993607223033905] 
--- 
Validation loss history = [0.10518113523721695, 0.05445081740617752, 0.050836626440286636, 0.07233964651823044, 0.08829760551452637, 0.06512688100337982, 0.04404132813215256, 0.07559856027364731, 0.03845853731036186, 0.034693170338869095, 0.03173084929585457, 0.02042018435895443, 0.037574052810668945, 0.0362166203558445, 0.01808316260576248, 0.04392598941922188, 0.03812485188245773, 0.020995592698454857, 0.02569453790783882, 0.0328693613409996, 0.01787341758608818, 0.013057566247880459, 0.018557818606495857, 0.016981901600956917, 0.016903124749660492, 0.014884328469634056, 0.02001037634909153, 0.01733078621327877, 0.034601449966430664, 0.029116608202457428, 0.010257752612233162, 0.02212337777018547, 0.008928174152970314, 0.018306881189346313, 0.013364783488214016, 0.010226493701338768, 0.013964077457785606, 0.014097053557634354, 0.025652706623077393, 0.019300730898976326, 0.01789841055870056, 0.022847425192594528, 0.005647683050483465, 0.016375944018363953, 0.016361230984330177, 0.01726384647190571, 0.008521311916410923, 0.022854894399642944, 0.015600780956447124, 0.012846671044826508, 0.022489134222269058, 0.01530661340802908, 0.03845084458589554, 0.011723246425390244, 0.013371993787586689, 0.011725988239049911, 0.02200327254831791, 0.013262389227747917, 0.010177330113947392, 0.011761024594306946, 0.010800223797559738, 0.020780030637979507, 0.013014433905482292] 
Validation accuracy history = [0.9759910702705383, 0.9776660799980164, 0.9754326939582825, 0.9759910702705383, 0.9804578423500061, 0.9731993079185486, 0.9793411493301392, 0.9765493869781494, 0.9865996837615967, 0.9843662977218628, 0.9865996837615967, 0.9932998418807983, 0.981016218662262, 0.9860413074493408, 0.9899497628211975, 0.981016218662262, 0.9882746934890747, 0.9910664558410645, 0.9910664558410645, 0.9888330698013306, 0.9955332279205322, 0.9955332279205322, 0.9932998418807983, 0.9932998418807983, 0.9938581585884094, 0.9944165349006653, 0.9938581585884094, 0.9938581585884094, 0.9927414655685425, 0.9899497628211975, 0.9966499209403992, 0.9888330698013306, 0.9960915446281433, 0.9932998418807983, 0.9944165349006653, 0.9960915446281433, 0.9966499209403992, 0.9955332279205322, 0.9910664558410645, 0.9905080795288086, 0.9938581585884094, 0.9927414655685425, 0.9983249306678772, 0.9927414655685425, 0.9944165349006653, 0.9966499209403992, 0.9972082376480103, 0.9944165349006653, 0.9927414655685425, 0.9949748516082764, 0.9932998418807983, 0.9949748516082764, 0.9927414655685425, 0.9960915446281433, 0.9960915446281433, 0.9955332279205322, 0.9966499209403992, 0.9966499209403992, 0.9960915446281433, 0.9966499209403992, 0.9955332279205322, 0.9899497628211975, 0.9977666139602661] 
Validation f1 history = [0.9760044813156128, 0.9776785969734192, 0.9754464030265808, 0.9760044813156128, 0.98046875, 0.9732142686843872, 0.9793526530265808, 0.9765625, 0.9866071343421936, 0.984375, 0.9866071343421936, 0.9933035969734192, 0.9810267686843872, 0.9860491156578064, 0.9899553656578064, 0.9810267686843872, 0.98828125, 0.9910714030265808, 0.9910714030265808, 0.9888392686843872, 0.9955357313156128, 0.9955357313156128, 0.9933035969734192, 0.9933035969734192, 0.9938616156578064, 0.9944196343421936, 0.9938616156578064, 0.9938616156578064, 0.9927455186843872, 0.9899553656578064, 0.9966517686843872, 0.9888392686843872, 0.99609375, 0.9933035969734192, 0.9944196343421936, 0.99609375, 0.9966517686843872, 0.9955357313156128, 0.9910714030265808, 0.9905133843421936, 0.9938616156578064, 0.9927455186843872, 0.9983258843421936, 0.9927455186843872, 0.9944196343421936, 0.9966517686843872, 0.9972098469734192, 0.9944196343421936, 0.9927455186843872, 0.9949776530265808, 0.9933035969734192, 0.9949776530265808, 0.9927455186843872, 0.99609375, 0.99609375, 0.9955357313156128, 0.9966517686843872, 0.9966517686843872, 0.99609375, 0.9966517686843872, 0.9955357313156128, 0.9899553656578064, 0.9977678656578064] 
--- 
Radius of the CI = 0.002094648792249537 
True classification of the model is likely between 0.992766834781664 and 0.9969561323661631 
--- 
Test accuracy = 0.9948614835739136 
Confusion matrix (0 | 1) = 
 [[2042   15]
 [   8 2411]] 
--- 
