This file contains information about the lstm model 
Analysis directory = C:\Users\cdetr\Documents\GitHub\nomics\jawac_processing_nomics/data/awake_sleep_analysis_update 
--- 
Segmentation value = 60.0 
Downsampling value = 1.0 
Signal frequency = 1.0 Hz 
Batch size = 16 
Standard scale = 0 
Stateful = 0 
Sliding window = 0 
Center of interest = 10 
Full sequence = 0 
Return sequences = 1 
Data balancing = 1 
--- 
Log time = 19-04-2022 20-46-38 
--- 
Num of epochs = 100, early stop after 48 epochs 
Epochs training computation time history (in sec) = [15.52099895477295, 11.446000337600708, 12.0649995803833, 11.808001041412354, 12.153998613357544, 12.361997365951538, 12.184000730514526, 12.096001386642456, 12.21599793434143, 12.210000038146973, 12.658998250961304, 11.855003356933594, 11.731998920440674, 11.70000147819519, 11.790998697280884, 11.980990886688232, 11.241999626159668, 11.189999103546143, 11.457999229431152, 11.62700080871582, 11.608001947402954, 11.648999691009521, 11.853000164031982, 12.127999067306519, 12.212001085281372, 11.858997583389282, 11.968999862670898, 11.446997880935669, 11.437997817993164, 11.348000526428223, 11.456996202468872, 11.236000537872314, 11.636999368667603, 11.30700397491455, 11.371998310089111, 11.865000247955322, 11.945996284484863, 11.379001140594482, 11.056002855300903, 11.125995635986328, 11.585000991821289, 11.16999864578247, 11.425998449325562, 11.652997970581055, 11.830989837646484, 12.503000020980835, 12.523998975753784, 12.473997831344604] 
Epochs training computation time mean (in sec) = 11.840728317697844 
--- 
Training loss history = [0.6337710618972778, 0.5321598649024963, 0.4891340136528015, 0.4693519175052643, 0.4553588628768921, 0.4487689137458801, 0.44163498282432556, 0.4381917715072632, 0.43285539746284485, 0.4292549788951874, 0.4288727641105652, 0.42781367897987366, 0.422514945268631, 0.4216471016407013, 0.41838136315345764, 0.4155963063240051, 0.4121921956539154, 0.4121508002281189, 0.4017544388771057, 0.3938255310058594, 0.38692906498908997, 0.3835007846355438, 0.37946322560310364, 0.3770350515842438, 0.3758412003517151, 0.3718419075012207, 0.3699411451816559, 0.36544692516326904, 0.3638506233692169, 0.36105456948280334, 0.35916832089424133, 0.3556593656539917, 0.3543426990509033, 0.35184505581855774, 0.34865039587020874, 0.3474079966545105, 0.3423054814338684, 0.33906176686286926, 0.33702346682548523, 0.3346734642982483, 0.33417263627052307, 0.3315412402153015, 0.3243764638900757, 0.3236981928348541, 0.32003146409988403, 0.3192174732685089, 0.31517869234085083, 0.31237947940826416] 
Training accuracy history = [0.6236395835876465, 0.7408827543258667, 0.7659414410591125, 0.7774168848991394, 0.7866489291191101, 0.7921753525733948, 0.7946470379829407, 0.7976835370063782, 0.7999621629714966, 0.8022264838218689, 0.8019121289253235, 0.8034133911132812, 0.805793821811676, 0.8067589998245239, 0.8076276779174805, 0.8097015619277954, 0.8106132745742798, 0.8111937046051025, 0.817347526550293, 0.8204752802848816, 0.8231687545776367, 0.8261021375656128, 0.8285307884216309, 0.8298259973526001, 0.8308746814727783, 0.8323107361793518, 0.8335081338882446, 0.8359876275062561, 0.8370141386985779, 0.8380249738693237, 0.8382388949394226, 0.8404757976531982, 0.840873658657074, 0.8427453637123108, 0.8436427116394043, 0.8440027236938477, 0.8464183211326599, 0.8482991456985474, 0.8491130471229553, 0.8495839238166809, 0.8504043221473694, 0.8517543077468872, 0.8544372916221619, 0.8554742336273193, 0.8558629155158997, 0.8568412065505981, 0.8584624528884888, 0.8596376776695251] 
Training f1 history = [0.6236854791641235, 0.7408609986305237, 0.7660053968429565, 0.7774413824081421, 0.7866635918617249, 0.7922208309173584, 0.7947132587432861, 0.7977230548858643, 0.7999861836433411, 0.8022491335868835, 0.8018805980682373, 0.8033992052078247, 0.8058189749717712, 0.8066262006759644, 0.8075659275054932, 0.809712290763855, 0.8106808662414551, 0.8111968636512756, 0.8173394203186035, 0.8205056190490723, 0.823106050491333, 0.8261023759841919, 0.8285468816757202, 0.8298320770263672, 0.8308297991752625, 0.8322892785072327, 0.833469808101654, 0.8360121250152588, 0.8370265960693359, 0.8380417227745056, 0.8382042646408081, 0.8405256867408752, 0.8408824801445007, 0.8426963686943054, 0.8435884118080139, 0.8440033793449402, 0.8464372158050537, 0.848158061504364, 0.8491505980491638, 0.8495476245880127, 0.8504507541656494, 0.8517133593559265, 0.8544365167617798, 0.8555070161819458, 0.8558580279350281, 0.8567569255828857, 0.8585004806518555, 0.8596493005752563] 
--- 
Validation loss history = [0.5771510004997253, 0.49094054102897644, 0.46246325969696045, 0.46193447709083557, 0.43737250566482544, 0.4293056130409241, 0.4269995391368866, 0.420224130153656, 0.42741432785987854, 0.4185904860496521, 0.42448297142982483, 0.4258677363395691, 0.42061156034469604, 0.41784125566482544, 0.4181513488292694, 0.41309699416160583, 0.4024035334587097, 0.4146842062473297, 0.3869604468345642, 0.3864513635635376, 0.39100149273872375, 0.3896467983722687, 0.39504215121269226, 0.3767603933811188, 0.3795224130153656, 0.4125210642814636, 0.3867241144180298, 0.37571707367897034, 0.3832535743713379, 0.38202109932899475, 0.38740384578704834, 0.39070752263069153, 0.3873038589954376, 0.39250659942626953, 0.3894476294517517, 0.39259493350982666, 0.39287835359573364, 0.3962569236755371, 0.4063251316547394, 0.4093790352344513, 0.407758891582489, 0.40051257610321045, 0.4099677801132202, 0.40878820419311523, 0.4030171036720276, 0.4174734652042389, 0.4228852689266205, 0.4220443069934845] 
Validation accuracy history = [0.6916431784629822, 0.7626408338546753, 0.7792723178863525, 0.7831103205680847, 0.8046713471412659, 0.8066549301147461, 0.8027464747428894, 0.8125234842300415, 0.8043427467346191, 0.8083450794219971, 0.8077464699745178, 0.7997769713401794, 0.8147300481796265, 0.8150704503059387, 0.8112558722496033, 0.80953049659729, 0.8182159662246704, 0.8104929327964783, 0.8216080069541931, 0.8221479058265686, 0.8191666603088379, 0.8193897008895874, 0.8093544840812683, 0.8261972069740295, 0.8266549110412598, 0.8106924891471863, 0.8197652697563171, 0.8287558555603027, 0.8242605924606323, 0.824694812297821, 0.8210446238517761, 0.8277464509010315, 0.826326310634613, 0.8282629251480103, 0.8281924724578857, 0.8224413394927979, 0.8233802914619446, 0.8147770166397095, 0.8242253661155701, 0.8149999976158142, 0.8201173543930054, 0.8227230310440063, 0.8179812431335449, 0.8193897008895874, 0.8244131207466125, 0.8174178600311279, 0.8147770166397095, 0.8220774531364441] 
Validation f1 history = [0.6913701295852661, 0.7627769112586975, 0.7792642116546631, 0.7830446362495422, 0.8050329089164734, 0.8069483637809753, 0.8030781149864197, 0.8128823041915894, 0.8046857714653015, 0.8087040781974792, 0.8080444931983948, 0.7999687790870667, 0.8150711059570312, 0.8152931928634644, 0.8116300106048584, 0.8098979592323303, 0.8185235261917114, 0.8108417391777039, 0.8219919800758362, 0.8224875926971436, 0.8194680213928223, 0.8197800517082214, 0.8096402883529663, 0.8264980316162109, 0.8269350528717041, 0.810916006565094, 0.8198696374893188, 0.8290731906890869, 0.8246256113052368, 0.8250117897987366, 0.8213835954666138, 0.8279221057891846, 0.8264786005020142, 0.8285071849822998, 0.8284956812858582, 0.8227410316467285, 0.8236888647079468, 0.8149852156639099, 0.8244965672492981, 0.8152543902397156, 0.820326030254364, 0.8229284286499023, 0.8182505965232849, 0.8196005821228027, 0.8246330618858337, 0.8176420331001282, 0.8149887919425964, 0.8222650289535522] 
--- 
Radius of the CI = 0.012551939229037874 
True classification of the model is likely between 0.8105701449117397 and 0.8356740233698154 
--- 
Test accuracy = 0.8231220841407776 
Confusion matrix (0 | 1) = 
 [[86597 20212]
 [17463 88728]] 
--- 
