This file contains information about the lstm model 
Analysis directory = C:\Users\cdetr\Documents\GitHub\nomics\nomics-AI/data/awake_sleep_analysis 
--- 
Segmentation value = 300.0 
Downsampling value = 1.0 
Signal frequency = 1.0 Hz 
Batch size = 32 
Standard scale = 0 
Stateful = 0 
Sliding window = 1 
Center of interest = 180 
Full sequence = 0 
Return sequences = 0 
Data balancing = 1 
--- 
Log time = 15-05-2022 14-29-08 
--- 
Num of epochs = 100, early stop after 64 epochs 
Epochs training computation time history (in sec) = [24.568000078201294, 20.44300103187561, 18.96199941635132, 16.78301191329956, 16.439002990722656, 16.43000030517578, 16.74300193786621, 18.74900245666504, 18.975998640060425, 17.852999925613403, 20.529001474380493, 21.837998867034912, 18.411991834640503, 19.757000207901, 17.76099944114685, 16.93999433517456, 18.68600106239319, 17.079999685287476, 17.678998708724976, 17.176000356674194, 16.705999612808228, 16.469999074935913, 16.810001373291016, 17.705000162124634, 16.838999032974243, 16.488001108169556, 17.04400110244751, 17.497005701065063, 20.41800093650818, 18.671000242233276, 18.516000747680664, 20.167001008987427, 17.296999216079712, 16.3919997215271, 18.429999113082886, 17.29600191116333, 18.343000888824463, 19.03100037574768, 20.492000818252563, 18.441000938415527, 17.076007843017578, 16.234001636505127, 20.26699948310852, 18.95599913597107, 17.35700011253357, 16.99000072479248, 19.444999933242798, 21.66200065612793, 21.18999981880188, 16.820000171661377, 20.750000953674316, 21.086010456085205, 19.344996452331543, 16.5989990234375, 21.662997484207153, 20.164000511169434, 17.490000247955322, 16.54200005531311, 16.849001169204712, 17.820001363754272, 18.440000534057617, 18.95199966430664, 19.974998474121094, 17.440000772476196] 
Epochs training computation time mean (in sec) = 18.437016163021326 
--- 
Training loss history = [0.6724814772605896, 0.6821483969688416, 0.673230767250061, 0.6640720367431641, 0.6567186713218689, 0.6471802592277527, 0.630393385887146, 0.5974889397621155, 0.5133529901504517, 0.4565287232398987, 0.41437825560569763, 0.3958599865436554, 0.42369523644447327, 0.3381168246269226, 0.3020573854446411, 0.2877509891986847, 0.27920252084732056, 0.3866232633590698, 0.33640000224113464, 0.4000963866710663, 0.35988473892211914, 0.3157719373703003, 0.29179784655570984, 0.279457151889801, 0.2664962112903595, 0.2601540982723236, 0.26048973202705383, 0.2557319402694702, 0.25512662529945374, 0.25051867961883545, 0.249946728348732, 0.25135329365730286, 0.25213146209716797, 0.25017061829566956, 0.2527727782726288, 0.2508828639984131, 0.25603049993515015, 0.24547377228736877, 0.24560198187828064, 0.29290324449539185, 0.31353598833084106, 0.25972992181777954, 0.2534506022930145, 0.24689055979251862, 0.24308860301971436, 0.2409505695104599, 0.2510624825954437, 0.24752867221832275, 0.23648738861083984, 0.24051643908023834, 0.32069578766822815, 0.3826773464679718, 0.2780795097351074, 0.26416322588920593, 0.29358500242233276, 0.25218328833580017, 0.24896886944770813, 0.24031665921211243, 0.2371770739555359, 0.23264959454536438, 0.23107093572616577, 0.2544589042663574, 0.2318437099456787, 0.22806666791439056] 
Training accuracy history = [0.5736404657363892, 0.5523192882537842, 0.5783361792564392, 0.6011802554130554, 0.6066374778747559, 0.6270702481269836, 0.6405228972434998, 0.6700298190116882, 0.7478901147842407, 0.8004949688911438, 0.8216891884803772, 0.8346976041793823, 0.8058252334594727, 0.8576051592826843, 0.8746747970581055, 0.8791801333427429, 0.8852084279060364, 0.8271464109420776, 0.8572244644165039, 0.8179453015327454, 0.8428199887275696, 0.8633796572685242, 0.8779110312461853, 0.8827337026596069, 0.8888254165649414, 0.8913002014160156, 0.893203854560852, 0.8940922617912292, 0.8927596807479858, 0.8961862921714783, 0.8961228728294373, 0.8968843221664429, 0.8944095373153687, 0.8963766694068909, 0.8963131904602051, 0.8955517411231995, 0.893140435218811, 0.8985341787338257, 0.8979630470275879, 0.8755631446838379, 0.8678849935531616, 0.890602171421051, 0.8974553942680359, 0.8958690166473389, 0.8993591070175171, 0.8986610770225525, 0.8927596807479858, 0.8973284959793091, 0.8989783525466919, 0.9005013108253479, 0.8460562229156494, 0.8341900110244751, 0.8845104575157166, 0.8899042010307312, 0.8770226240158081, 0.8964401483535767, 0.8933942317962646, 0.8988514542579651, 0.8994860053062439, 0.9043720960617065, 0.9041182994842529, 0.8944095373153687, 0.9056411981582642, 0.9060854315757751] 
Training f1 history = [0.5737406015396118, 0.552155077457428, 0.5784313082695007, 0.6010352969169617, 0.6064866185188293, 0.6271128058433533, 0.6404791474342346, 0.6701697707176208, 0.7479461431503296, 0.8004225492477417, 0.8215939402580261, 0.8346601724624634, 0.8059625625610352, 0.8575429916381836, 0.8745224475860596, 0.8792384266853333, 0.8852602243423462, 0.8271170258522034, 0.8571627140045166, 0.818069577217102, 0.842845618724823, 0.8633831143379211, 0.8780425786972046, 0.8827881813049316, 0.8888015151023865, 0.8912736177444458, 0.8931752443313599, 0.8940626382827759, 0.8928033113479614, 0.8959388732910156, 0.8960191607475281, 0.8969235420227051, 0.8943796157836914, 0.8964882493019104, 0.8964248895645142, 0.8955206274986267, 0.8931836485862732, 0.8982842564582825, 0.8980010747909546, 0.8755536079406738, 0.8679555058479309, 0.8905763626098633, 0.897422194480896, 0.895909309387207, 0.8993957042694092, 0.8987702131271362, 0.8928033113479614, 0.8973672986030579, 0.8990153074264526, 0.9003928899765015, 0.8457191586494446, 0.8340094089508057, 0.8846348524093628, 0.8898072838783264, 0.8771551251411438, 0.8965516686439514, 0.8933653831481934, 0.8988885283470154, 0.899378776550293, 0.9043314456939697, 0.9040778875350952, 0.8945232629776001, 0.9055273532867432, 0.9061146974563599] 
--- 
Validation loss history = [0.6780323386192322, 0.6755231022834778, 0.6562790274620056, 0.6446692943572998, 0.6434828639030457, 0.6280028820037842, 0.5982018113136292, 0.5659809708595276, 0.43107202649116516, 0.40067097544670105, 0.37518051266670227, 0.37191659212112427, 0.38086169958114624, 0.3085915148258209, 0.2878705859184265, 0.27492600679397583, 0.27797505259513855, 0.348878413438797, 0.3140564560890198, 0.3762383460998535, 0.33030834794044495, 0.29924407601356506, 0.3048188388347626, 0.28015395998954773, 0.2798716127872467, 0.2637830376625061, 0.2625987231731415, 0.28639787435531616, 0.26420286297798157, 0.26422402262687683, 0.2785382866859436, 0.2616160213947296, 0.2619493007659912, 0.2506755292415619, 0.2547415494918823, 0.2474658042192459, 0.2422432005405426, 0.24479609727859497, 0.24466103315353394, 0.37076300382614136, 0.2792167365550995, 0.25621432065963745, 0.24753692746162415, 0.23267735540866852, 0.23634344339370728, 0.23506854474544525, 0.26382923126220703, 0.2551264762878418, 0.23706521093845367, 0.2331380844116211, 0.6157156825065613, 0.3035846948623657, 0.27122175693511963, 0.2482406347990036, 0.2603585124015808, 0.2745825946331024, 0.24251185357570648, 0.23898452520370483, 0.2344578355550766, 0.23398053646087646, 0.24403180181980133, 0.24488307535648346, 0.2367066591978073, 0.25407662987709045] 
Validation accuracy history = [0.5625357031822205, 0.601370632648468, 0.6122215986251831, 0.6384922862052917, 0.6464877128601074, 0.6641919016838074, 0.6818960309028625, 0.6984580159187317, 0.8081096410751343, 0.8326670527458191, 0.8475157022476196, 0.8463734984397888, 0.8366647362709045, 0.868646502494812, 0.8760707974433899, 0.8852084279060364, 0.8863506317138672, 0.8469446301460266, 0.8657909631729126, 0.8332381248474121, 0.8589377403259277, 0.869217574596405, 0.8669331669807434, 0.8789263367652893, 0.8806396126747131, 0.8897772431373596, 0.8863506317138672, 0.8823529481887817, 0.8909194469451904, 0.8834951519966125, 0.8857795596122742, 0.8960593938827515, 0.8840662240982056, 0.892632782459259, 0.8857795596122742, 0.8966305255889893, 0.8949171900749207, 0.8994860053062439, 0.8989149332046509, 0.8458024263381958, 0.8800685405731201, 0.886921763420105, 0.8892061710357666, 0.9023415446281433, 0.9011993408203125, 0.8983438014984131, 0.893203854560852, 0.9006282091140747, 0.9000571370124817, 0.8989149332046509, 0.6384922862052917, 0.8715019822120667, 0.892632782459259, 0.8972015976905823, 0.8886350393295288, 0.8846373558044434, 0.8989149332046509, 0.8972015976905823, 0.9097658395767212, 0.8989149332046509, 0.8983438014984131, 0.8954883217811584, 0.9006282091140747, 0.886921763420105] 
Validation f1 history = [0.5625494122505188, 0.60118567943573, 0.6122034788131714, 0.6385621428489685, 0.6465166807174683, 0.6641303300857544, 0.6817439794540405, 0.698443591594696, 0.8075345754623413, 0.832410991191864, 0.8474060893058777, 0.8464920520782471, 0.8363882303237915, 0.8682065010070801, 0.875815212726593, 0.8855730891227722, 0.8858201503753662, 0.8461709022521973, 0.8653655052185059, 0.8325344920158386, 0.8585473299026489, 0.8692193627357483, 0.8673912882804871, 0.8791007995605469, 0.8810276389122009, 0.8896738886833191, 0.886709451675415, 0.881842851638794, 0.8903656005859375, 0.8836462497711182, 0.885918915271759, 0.895923912525177, 0.8844367265701294, 0.8922924995422363, 0.8859189748764038, 0.8969367146492004, 0.8947875499725342, 0.8995553255081177, 0.8989871740341187, 0.8452568650245667, 0.8802371621131897, 0.8868330121040344, 0.8893280625343323, 0.9023962616920471, 0.9008152484893799, 0.8981966376304626, 0.8926383256912231, 0.9004693627357483, 0.8999011516571045, 0.8989871740341187, 0.6381174921989441, 0.8714920282363892, 0.8927371501922607, 0.8970602750778198, 0.8883152604103088, 0.8841155767440796, 0.8989871740341187, 0.8970602750778198, 0.9097825884819031, 0.8987647891044617, 0.8981966376304626, 0.8955780863761902, 0.9006916880607605, 0.8870553374290466] 
--- 
Radius of the CI = 0.008960176821555595 
True classification of the model is likely between 0.8891668425838094 and 0.9070871962269206 
--- 
Test accuracy = 0.898127019405365 
Confusion matrix (0 | 1) = 
 [[2029  143]
 [ 303 1903]] 
--- 
