This file contains information about the resnet model 
Analysis directory = C:\Users\cdetr\Documents\GitHub\nomics\nomics-AI/data/task2/tfe/without_oe/analysis_backup 
--- 
Segmentation value = 180.0 
Downsampling value = 1.0 
Signal frequency = 1.0 Hz 
Batch size = 32 
Standard scale = 0 
Stateful = 0 
Sliding window = 1 
Center of interest = 60 
Full sequence = 0 
Return sequences = 0 
Data balancing = 1 
--- 
Log time = 14-06-2022 18-23-34 
--- 
Num of epochs = 100, early stop after 100 epochs 
Epochs training computation time history (in sec) = [34.108072996139526, 25.797196865081787, 25.95163583755493, 26.562957763671875, 27.415273427963257, 27.376745462417603, 27.881688833236694, 27.118395566940308, 26.609068632125854, 24.89321517944336, 27.47110915184021, 24.63215208053589, 28.93111276626587, 26.36473536491394, 25.160661220550537, 26.925018787384033, 27.637153148651123, 26.674203395843506, 27.100652933120728, 27.186710119247437, 25.708269834518433, 25.16024374961853, 26.529622316360474, 26.585336923599243, 26.84151315689087, 26.126978158950806, 26.16561770439148, 26.53257966041565, 27.484947443008423, 26.90701413154602, 27.505931854248047, 25.361205339431763, 25.023228883743286, 25.764306783676147, 27.491292238235474, 26.932964324951172, 26.127566814422607, 26.713738441467285, 25.610191583633423, 25.008250951766968, 25.187153100967407, 24.74591875076294, 24.348008632659912, 26.336357355117798, 26.917698621749878, 26.752089500427246, 24.797520875930786, 26.29261040687561, 25.692022800445557, 25.82196831703186, 24.912381172180176, 25.4646053314209, 26.035852909088135, 26.26455569267273, 27.030516624450684, 26.38934302330017, 27.125325441360474, 24.6969153881073, 23.618996143341064, 22.932999849319458, 22.809999704360962, 24.652999877929688, 23.44699764251709, 23.116998434066772, 23.319997787475586, 24.351000547409058, 23.716999530792236, 23.36600375175476, 23.41199541091919, 23.38400173187256, 22.786998748779297, 24.077999353408813, 23.835999011993408, 23.437997817993164, 23.360000371932983, 24.483999013900757, 23.1610004901886, 22.894999265670776, 23.751996755599976, 23.11999821662903, 24.509993314743042, 23.89399790763855, 24.099998235702515, 24.934010982513428, 22.45900011062622, 23.998998165130615, 22.941986799240112, 23.59401035308838, 23.846998929977417, 23.619999408721924, 22.96199631690979, 24.73299741744995, 24.309986352920532, 24.3559992313385, 22.617011070251465, 23.866995573043823, 23.809000492095947, 22.974000692367554, 22.88700270652771, 23.594999313354492] 
Epochs training computation time mean (in sec) = 25.232383666038512 
--- 
Training loss history = [0.379852831363678, 0.34405532479286194, 0.341325581073761, 0.3367435932159424, 0.33016616106033325, 0.2906571328639984, 0.2817014455795288, 0.2738471031188965, 0.26625826954841614, 0.2664726674556732, 0.2610101103782654, 0.2555314004421234, 0.2547258734703064, 0.24620766937732697, 0.23852908611297607, 0.23448345065116882, 0.2275557518005371, 0.22007997334003448, 0.21173369884490967, 0.20475424826145172, 0.20012876391410828, 0.1924024522304535, 0.17888492345809937, 0.1716986447572708, 0.1618509739637375, 0.15164759755134583, 0.14372634887695312, 0.13442662358283997, 0.12822048366069794, 0.11826997250318527, 0.11603935062885284, 0.10463090240955353, 0.10249651968479156, 0.09614752233028412, 0.09074988216161728, 0.08752956986427307, 0.080410897731781, 0.07897637039422989, 0.06984738260507584, 0.0701577365398407, 0.06472161412239075, 0.06340518593788147, 0.06348462402820587, 0.05647715553641319, 0.055767618119716644, 0.05637276917695999, 0.05357661470770836, 0.05042460188269615, 0.049743425101041794, 0.04476693645119667, 0.045728400349617004, 0.042772628366947174, 0.04339316859841347, 0.036631640046834946, 0.041916824877262115, 0.03534843027591705, 0.04022273048758507, 0.037661079317331314, 0.03298572078347206, 0.04011351615190506, 0.03625176474452019, 0.03033350221812725, 0.03619927540421486, 0.03472396731376648, 0.02852640114724636, 0.03267018124461174, 0.029722081497311592, 0.03070027008652687, 0.029814649373292923, 0.027387389913201332, 0.02965637296438217, 0.02718215435743332, 0.029004806652665138, 0.02551237866282463, 0.025715500116348267, 0.02370162308216095, 0.02570091187953949, 0.026957649737596512, 0.025344276800751686, 0.024902477860450745, 0.02527744323015213, 0.02300277166068554, 0.023940879851579666, 0.022516030818223953, 0.021466044709086418, 0.025581708177924156, 0.020784340798854828, 0.021976154297590256, 0.019780153408646584, 0.021748345345258713, 0.022241298109292984, 0.022843895480036736, 0.02146528661251068, 0.021366916596889496, 0.017690911889076233, 0.021703211590647697, 0.018779365345835686, 0.019611923024058342, 0.01809922233223915, 0.019371163100004196] 
Training accuracy history = [0.833583414554596, 0.8493269085884094, 0.8501511216163635, 0.8530250787734985, 0.858012318611145, 0.8782992959022522, 0.8840683698654175, 0.8874706625938416, 0.8903657793998718, 0.8907461762428284, 0.8937892317771912, 0.8955009579658508, 0.8955220580101013, 0.8991145491600037, 0.9019885659217834, 0.905179500579834, 0.90754634141922, 0.9092369079589844, 0.9135056138038635, 0.9161471724510193, 0.9185773730278015, 0.9225713610649109, 0.9278966784477234, 0.9302423596382141, 0.9347646832466125, 0.9393715262413025, 0.9451829195022583, 0.9481202960014343, 0.9497263431549072, 0.9536780714988708, 0.9545233845710754, 0.9594260454177856, 0.960250198841095, 0.9623211622238159, 0.9653853178024292, 0.9666321277618408, 0.9700767397880554, 0.9706472754478455, 0.9737748503684998, 0.9746624231338501, 0.9759937524795532, 0.9759303331375122, 0.9761839509010315, 0.978909969329834, 0.9791847467422485, 0.9794171452522278, 0.9803892374038696, 0.9817205667495728, 0.9821009635925293, 0.9837070107460022, 0.9831575751304626, 0.984383225440979, 0.984277606010437, 0.9870036840438843, 0.9841719269752502, 0.9868980050086975, 0.9853553175926208, 0.9861372113227844, 0.9883983731269836, 0.9855455160140991, 0.986686646938324, 0.9890112280845642, 0.9867289066314697, 0.9882081747055054, 0.9896451830863953, 0.9885040521621704, 0.989750862121582, 0.9891380071640015, 0.9889689683914185, 0.9903848171234131, 0.9889267086982727, 0.9907652139663696, 0.9901946187019348, 0.9904693365097046, 0.9909765124320984, 0.9914625883102417, 0.9909976720809937, 0.9904270768165588, 0.9910187721252441, 0.9912934899330139, 0.9911878705024719, 0.9922444820404053, 0.991990864276886, 0.992519199848175, 0.992519199848175, 0.9907017946243286, 0.9926882386207581, 0.991758406162262, 0.9934278726577759, 0.9927727580070496, 0.992159903049469, 0.9920331239700317, 0.9924769401550293, 0.9919486045837402, 0.9940195679664612, 0.9920120239257812, 0.9933221936225891, 0.9933433532714844, 0.9935335516929626, 0.9934278726577759] 
Training f1 history = [0.8335784673690796, 0.8493313789367676, 0.8501377105712891, 0.8530172109603882, 0.8580214381217957, 0.8782935738563538, 0.8840499520301819, 0.887469470500946, 0.8903641700744629, 0.8907445073127747, 0.8937988877296448, 0.8955045938491821, 0.8955196738243103, 0.8991116285324097, 0.9019792675971985, 0.9051756858825684, 0.9075481295585632, 0.9092384576797485, 0.9135065674781799, 0.9161359071731567, 0.9185656309127808, 0.9225828051567078, 0.9279073476791382, 0.9302467703819275, 0.9347743391990662, 0.9393686652183533, 0.9451792240142822, 0.9481161832809448, 0.9497219920158386, 0.9536789655685425, 0.9545182585716248, 0.9594261050224304, 0.9602442979812622, 0.9623148441314697, 0.9653904438018799, 0.9666370749473572, 0.9700811505317688, 0.9706456661224365, 0.9737669229507446, 0.974666178226471, 0.9759913682937622, 0.9759279489517212, 0.9761697053909302, 0.9789071679115295, 0.9791759848594666, 0.9794202446937561, 0.9803861975669861, 0.9817233085632324, 0.9821036458015442, 0.983709454536438, 0.9831600785255432, 0.9843796491622925, 0.9842739701271057, 0.9870055913925171, 0.9841742515563965, 0.9868999123573303, 0.9853575229644775, 0.9861392974853516, 0.9884001016616821, 0.985547661781311, 0.9866886138916016, 0.9890068769454956, 0.9867308735847473, 0.9882099628448486, 0.9896349310874939, 0.9885057210922241, 0.9897523522377014, 0.9891396164894104, 0.9889705777168274, 0.9903862476348877, 0.9889283180236816, 0.9907665848731995, 0.9901960492134094, 0.9904707670211792, 0.9909778833389282, 0.991463840007782, 0.9909989833831787, 0.9904285073280334, 0.9910141825675964, 0.9912888407707214, 0.9911891222000122, 0.992245614528656, 0.9919920563697815, 0.9925143122673035, 0.992520272731781, 0.9907031655311584, 0.9926833510398865, 0.9917536973953247, 0.9934288263320923, 0.992767870426178, 0.9921610951423645, 0.9920343160629272, 0.9924780130386353, 0.9919497966766357, 0.9940204620361328, 0.992013156414032, 0.9933232069015503, 0.993338406085968, 0.993534505367279, 0.9934288263320923] 
--- 
Validation loss history = [0.4150753617286682, 0.3477780520915985, 0.4177980124950409, 0.4012172222137451, 0.2951756417751312, 0.3818911612033844, 0.3694595694541931, 0.2743578255176544, 0.2880812883377075, 0.2745504379272461, 0.2573891282081604, 0.2938663363456726, 0.28453561663627625, 0.26880839467048645, 0.352426677942276, 0.31992092728614807, 0.24642989039421082, 0.3526729941368103, 0.2855526804924011, 0.25091806054115295, 0.24274942278862, 0.23848970234394073, 0.2431970238685608, 0.261187881231308, 0.21279126405715942, 0.317253053188324, 0.24253307282924652, 0.2516992688179016, 0.42144203186035156, 0.22092118859291077, 0.24948634207248688, 0.22915026545524597, 0.334720253944397, 0.2878575325012207, 0.2301102727651596, 0.22031857073307037, 0.22447822988033295, 0.34379851818084717, 0.24491851031780243, 0.19640590250492096, 0.18742670118808746, 0.18975329399108887, 0.2652609348297119, 0.22290220856666565, 0.20639373362064362, 0.19706164300441742, 0.1783556491136551, 0.2380128651857376, 0.1776975840330124, 0.29106608033180237, 1.4363088607788086, 0.1753799021244049, 0.2830595076084137, 0.20639176666736603, 0.2960066795349121, 0.436244934797287, 0.16827942430973053, 0.32027190923690796, 0.26442939043045044, 0.17934158444404602, 0.18933747708797455, 0.2053336352109909, 0.19363188743591309, 0.925658106803894, 0.5520138740539551, 0.19893266260623932, 0.2467699944972992, 0.27299055457115173, 0.2084425985813141, 0.2639179229736328, 0.16362294554710388, 0.19948647916316986, 0.17442144453525543, 0.3286793828010559, 0.2239067554473877, 0.24429786205291748, 0.2007705122232437, 0.14594824612140656, 0.15713335573673248, 0.15158572793006897, 0.1764877289533615, 0.20112398266792297, 0.30205637216567993, 0.2857791781425476, 0.19882836937904358, 0.14492076635360718, 0.19598832726478577, 0.17096543312072754, 0.3124947249889374, 0.19282056391239166, 1.159985899925232, 0.1713012456893921, 0.30608928203582764, 0.14452238380908966, 0.21360749006271362, 0.17153950035572052, 0.2918238639831543, 0.2258458137512207, 0.1339954435825348, 0.20615272223949432] 
Validation accuracy history = [0.8141878843307495, 0.8491821885108948, 0.8265500068664551, 0.8187523484230042, 0.8794218301773071, 0.8183720111846924, 0.8276911377906799, 0.8927348852157593, 0.8782806992530823, 0.8976797461509705, 0.8963484168052673, 0.8769494295120239, 0.8792316317558289, 0.8879802227020264, 0.8575503826141357, 0.877519965171814, 0.8990110158920288, 0.845758855342865, 0.878090500831604, 0.8950170874595642, 0.897869884967804, 0.898630678653717, 0.8984404802322388, 0.8874096870422363, 0.9203119277954102, 0.8649676442146301, 0.9102320075035095, 0.9028147459030151, 0.8489919900894165, 0.9115633368492126, 0.9077596068382263, 0.9224039316177368, 0.8754279017448425, 0.8974895477294922, 0.9125142693519592, 0.9229745268821716, 0.910041868686676, 0.8832255601882935, 0.9187904000282288, 0.9311525225639343, 0.9360973834991455, 0.9366679191589355, 0.9096614718437195, 0.915937602519989, 0.9277291893959045, 0.9319132566452026, 0.9437048435211182, 0.926778256893158, 0.9433244466781616, 0.8974895477294922, 0.8016356229782104, 0.9406618475914001, 0.9109928011894226, 0.9370483160018921, 0.9178394675254822, 0.8972993493080139, 0.9431342482566833, 0.8929250836372375, 0.9197413325309753, 0.9446557760238647, 0.9351464509963989, 0.9421833157539368, 0.9364777207374573, 0.8524153828620911, 0.860783576965332, 0.944845974445343, 0.9399011135101318, 0.9166983366012573, 0.9427539110183716, 0.9199315309524536, 0.9503613710403442, 0.9385697841644287, 0.9476987719535828, 0.9090909361839294, 0.9317231178283691, 0.9364777207374573, 0.9400913119316101, 0.956827700138092, 0.9558767676353455, 0.9497907757759094, 0.9503613710403442, 0.9505515694618225, 0.9275389909744263, 0.9218333959579468, 0.9440851807594299, 0.9549258351325989, 0.9524533748626709, 0.9528337717056274, 0.9227843284606934, 0.9412323832511902, 0.834918200969696, 0.9518828392028809, 0.9172689318656921, 0.959109902381897, 0.9383795857429504, 0.9467478394508362, 0.9250665903091431, 0.9326740503311157, 0.9604412317276001, 0.9446557760238647] 
Validation f1 history = [0.8141286969184875, 0.8498105406761169, 0.8260226249694824, 0.8186741471290588, 0.8795074224472046, 0.8182953596115112, 0.8271589875221252, 0.8931817412376404, 0.8787878155708313, 0.8981059789657593, 0.8967803120613098, 0.8770453929901123, 0.879318118095398, 0.8880301713943481, 0.8577271699905396, 0.8771969079971313, 0.8994317054748535, 0.845984697341919, 0.8785983920097351, 0.895454466342926, 0.8978787660598755, 0.8990529179573059, 0.8988636136054993, 0.8878787159919739, 0.9206438660621643, 0.8651134967803955, 0.9106059670448303, 0.9032195806503296, 0.8496211171150208, 0.9119317531585693, 0.9081438183784485, 0.9227271676063538, 0.8759469985961914, 0.8979165554046631, 0.912462055683136, 0.9232953786849976, 0.9099998474121094, 0.8837120532989502, 0.9191287755966187, 0.9314393997192383, 0.9363636374473572, 0.9369317889213562, 0.9100378751754761, 0.916287899017334, 0.9280301928520203, 0.9321969747543335, 0.9439393877983093, 0.9270833134651184, 0.9435605406761169, 0.8974999785423279, 0.8012120127677917, 0.9409090876579285, 0.9113636612892151, 0.9373105764389038, 0.9181817173957825, 0.8977271914482117, 0.9433712363243103, 0.8933711051940918, 0.9200757741928101, 0.9448863863945007, 0.9354166388511658, 0.9424241781234741, 0.9367424249649048, 0.8526135087013245, 0.8601135015487671, 0.9450757503509521, 0.9401513934135437, 0.9170454740524292, 0.9429924488067627, 0.9202651381492615, 0.9505681991577148, 0.9379924535751343, 0.9479166865348816, 0.909469723701477, 0.9315908551216125, 0.9363256096839905, 0.9399241805076599, 0.9570075869560242, 0.9560605883598328, 0.949999988079071, 0.9505681991577148, 0.9507575631141663, 0.9278408885002136, 0.92174232006073, 0.9443181753158569, 0.9551136493682861, 0.9526515007019043, 0.9530302882194519, 0.9226892590522766, 0.9414772987365723, 0.8347726464271545, 0.9516666531562805, 0.9171969294548035, 0.9592803120613098, 0.9386363625526428, 0.9469696879386902, 0.9253787994384766, 0.932537853717804, 0.9601893424987793, 0.9448863863945007] 
--- 
Radius of the CI = 0.003994896739793033 
True classification of the model is likely between 0.9380363079606769 and 0.946026101440263 
--- 
Test accuracy = 0.94203120470047 
Confusion matrix (0 | 1) = 
 [[6263  357]
 [ 405 6120]] 
--- 
