This file contains information about the lstm model 
Analysis directory = C:\Users\cdetr\Documents\nomics\jawac_processing_nomics/data/awake_sleep_analysis 
--- 
Segmentation value = 1.0 
Downsampling value = 1.0 
Signal frequency = 1.0 Hz 
Batch size = 1 
Standard scale = 0 
Stateful = 1 
Sliding window = 0 
Center of interest = 10 
Full sequence = 1 
Data balancing = 0 
--- 
Log time = 23-03-2022 19-17-35 
--- 
Num of epochs = 50 
Epochs training computation time history (in sec) = [86.04537105560303, 84.33252596855164, 84.54273676872253, 86.49748420715332, 85.17806506156921, 81.94007921218872, 81.62645483016968, 84.15066695213318, 84.09622836112976, 85.06153392791748, 86.2914080619812, 86.74455070495605, 84.20141196250916, 83.37546014785767, 85.97880816459656, 92.20991921424866, 87.96182417869568, 87.9969322681427, 87.886559009552, 86.21288681030273, 89.3064661026001, 87.63079357147217, 87.60326814651489, 85.76405048370361, 88.21770143508911, 85.94481921195984, 83.39548587799072, 82.06523847579956, 83.29170656204224, 85.04615807533264, 84.80131411552429, 83.4658215045929, 80.62443590164185, 84.14148044586182, 82.0290515422821, 82.37930822372437, 81.10280632972717, 80.65613675117493, 69.27071809768677, 70.28581714630127, 69.73442029953003, 68.86894869804382, 69.38337969779968, 69.0751531124115, 69.1190037727356, 69.05042314529419, 70.82649278640747, 69.36234140396118, 69.1162543296814, 68.6096625328064] 
Epochs training computation time mean (in sec) = 81.2499912929535 
--- 
Training loss history = [0.650739543578204, 0.5774782270777459, 0.5682532109466254, 0.563449050281562, 0.5601082777275759, 0.5572303060223075, 0.5549193562245837, 0.552534722814373, 0.5504973472333422, 0.5492547066772685, 0.5468420812896654, 0.5449405213197073, 0.5430052999187919, 0.5407854756888222, 0.5413055729632285, 0.5381741763329974, 0.5395442224016377, 0.5258882443110148, 0.5240143490772621, 0.5245200132622438, 0.5080801762786566, 0.5083405372558856, 0.507581408701691, 0.49897388763287487, 0.4783402555713467, 0.4774082513416515, 0.4705970915509205, 0.4925053026161942, 0.4748921838461184, 0.46402105835138585, 0.46789056384095956, 0.45696470287500646, 0.4769173393062517, 0.44793136184122045, 0.4442574643329078, 0.44538695146055785, 0.43980302690875295, 0.44773762877665313, 0.44330868037307963, 0.4349021457281767, 0.43957731449136545, 0.4423262770561611, 0.42011576452675986, 0.43838663793662014, 0.43914412590218527, 0.4284498345325975, 0.4270886562618555, 0.4275804045153599, 0.42710572817161974, 0.41753630785673274] 
Training accuracy history = [0.7027895923923043, 0.7625466550097746, 0.7629112908068825, 0.7634984313272962, 0.7641110957837572, 0.7646256419373494, 0.7649806065886628, 0.7653682112109428, 0.7655796861531687, 0.7658549853984047, 0.7659470731136846, 0.7661853704382392, 0.766805945950396, 0.7677027548060698, 0.7679745738997179, 0.7657367940626892, 0.751157311540024, 0.7658988491577261, 0.7660790974018621, 0.7665425515642353, 0.7669139223940232, 0.7673686026942497, 0.767653554093604, 0.7674821664889654, 0.7677174546554977, 0.7705311748911353, 0.7741519656835818, 0.7707609233318591, 0.7758239718044505, 0.7838542803245432, 0.780476797152968, 0.8010190871416354, 0.7746486096989875, 0.7948081417410982, 0.797217120142544, 0.7995711979912776, 0.8031482608879313, 0.7959741675386242, 0.8045448991013509, 0.8057775526654487, 0.8100847958349714, 0.7937493400246489, 0.8104358701144948, 0.8160519938842923, 0.8052926852422602, 0.8103595738317452, 0.8127293341300067, 0.8117614762455809, 0.8156546155611674, 0.821314533551534] 
Training f1 history = [0.5715707615017891, 0.7558183924240225, 0.7602679770366818, 0.7621687785083172, 0.7627124730862823, 0.7628244076873741, 0.7628266805527257, 0.7628023598124, 0.7627614166806725, 0.7626980473013485, 0.7626621273218417, 0.7625820514033822, 0.7628024889557969, 0.7631101120336383, 0.7636728725012611, 0.7621641734651491, 0.7472600437262479, 0.7638546327749888, 0.7643920744166655, 0.7648353728593564, 0.7652533553978976, 0.765112997270098, 0.7658609108013266, 0.7659673781371584, 0.7680705338716507, 0.7699302396937913, 0.7700227829171162, 0.7675077281161851, 0.7715046361965292, 0.7710880847538218, 0.7649080890650842, 0.7890097878727258, 0.7709741008047964, 0.7913704964460111, 0.7953924297117719, 0.7988822641325932, 0.802987384445527, 0.7956416349785, 0.8043359126530442, 0.8055832537950254, 0.8102874510428485, 0.7940132384206734, 0.8110628011179906, 0.8166016498032738, 0.8059952866797354, 0.8109923893330144, 0.8134181598822275, 0.8125179041834438, 0.8163850482772378, 0.8221000281034732] 
--- 
Validation loss history = [0.6209741284449896, 0.6172476559877396, 0.6155875970919927, 0.6147894710302353, 0.6143219570318857, 0.6145431051651636, 0.6136087030172348, 0.6126027355591456, 0.6122913062572479, 0.6113289693991343, 0.6098939528067907, 0.6070206264654795, 0.6049283345540365, 0.6031153053045273, 0.5988034904003143, 0.5913244088490804, 0.5952291438976923, 0.5994176119565964, 0.5946585486332575, 0.5602028022209803, 0.5573849727710088, 0.5892100830872854, 0.5870495289564133, 0.5700402508179346, 0.5592563500006994, 0.5554728309313456, 0.5108719617128372, 0.5323086579640707, 0.5314552783966064, 0.5073332041501999, 0.5311898092428843, 0.4521142269174258, 0.4775973856449127, 0.470105638106664, 0.4649377837777138, 0.45406955232222873, 0.5017090688149134, 0.5241612742344538, 0.4841969708601634, 0.5085168654719988, 0.4757644310593605, 0.4985528613130252, 0.4674942120909691, 0.5310313900311788, 0.5011033366123835, 0.4775068238377571, 0.48939032604297, 0.49987538655598956, 0.4531715090076129, 0.4603729272882144] 
Validation accuracy history = [0.6905860006809235, 0.6904900272687277, 0.69085160891215, 0.6919017632802328, 0.6932435731093088, 0.6948274473349253, 0.6961260735988617, 0.6976999839146932, 0.6992014149824778, 0.7009135484695435, 0.7027212381362915, 0.7053746779759725, 0.7084602812925974, 0.7121738294760386, 0.7160904506842295, 0.7201495269934336, 0.7243900001049042, 0.7083005805810293, 0.7098698019981384, 0.7106545269489288, 0.7134082019329071, 0.7169407705465952, 0.7151472270488739, 0.7136664489905039, 0.7145508031050364, 0.7232571939627329, 0.7302191952864329, 0.7300997177759806, 0.7364010711510977, 0.7589299281438192, 0.7605794767538706, 0.8199512461821238, 0.7892165780067444, 0.7932643989721934, 0.801383505264918, 0.8058868845303854, 0.7927128672599792, 0.768852561712265, 0.8036626974741617, 0.7793840169906616, 0.8157919049263, 0.7854219178358713, 0.8160470227400461, 0.7839203476905823, 0.799134761095047, 0.8106392621994019, 0.8057178060213724, 0.7876687546571096, 0.8308733602364858, 0.8221851587295532] 
Validation f1 history = [0.681103045741717, 0.6891126682360967, 0.691013346115748, 0.6917518973350525, 0.6924169758955637, 0.6930392483870188, 0.6936315099398295, 0.6940655012925466, 0.6944968601067861, 0.6949620048205057, 0.6954868932565054, 0.6962820788224539, 0.6973583598931631, 0.6999814808368683, 0.7043655415376028, 0.709361066420873, 0.7113885879516602, 0.7024538020292918, 0.7043068806330363, 0.7056636015574137, 0.7083842555681864, 0.710504392782847, 0.7105786800384521, 0.7100187540054321, 0.7153483728567759, 0.7235992948214213, 0.7279467085997263, 0.7296870350837708, 0.7324279050032297, 0.7468792001406351, 0.7488452196121216, 0.812455823024114, 0.784173826376597, 0.7899934152762095, 0.8005365431308746, 0.8056854406992594, 0.7926128109296163, 0.7686436971028646, 0.8036563495794932, 0.779775987068812, 0.8157619734605154, 0.78605384627978, 0.8166153728961945, 0.7843308548132578, 0.7999363740285238, 0.811196913321813, 0.8064259787400564, 0.7883173624674479, 0.8314449588457743, 0.8226521015167236] 
--- 
Radius of the CI = 0.24664525469319418 
True classification of the model is likely between 0.528688826252882 and 1.0219793356392703 
--- 
Test accuracy = 0.7753340809460763 
Confusion matrix (invalid | valid) = 
 [[ 61274  49933]
 [ 35713 297717]] 
--- 
