This file contains information about the resnet model 
Analysis directory = C:\Users\cdetr\Documents\GitHub\nomics\nomics-AI/data/task2/tfe/without_oe/analysis_backup 
--- 
Segmentation value = 120.0 
Downsampling value = 1.0 
Signal frequency = 1.0 Hz 
Batch size = 32 
Standard scale = 0 
Stateful = 0 
Sliding window = 0 
Center of interest = 10 
Full sequence = 0 
Return sequences = 0 
Data balancing = 1 
--- 
Log time = 14-06-2022 13-17-51 
--- 
Num of epochs = 100, early stop after 51 epochs 
Epochs training computation time history (in sec) = [19.632748126983643, 10.78404951095581, 10.85489821434021, 11.140594005584717, 10.877416610717773, 10.96195101737976, 12.118130445480347, 13.086200714111328, 12.391870737075806, 12.01181674003601, 12.311001062393188, 11.877596616744995, 11.567100286483765, 11.95314359664917, 11.55887746810913, 11.219112634658813, 11.682707786560059, 12.16985011100769, 11.90189790725708, 11.568155288696289, 11.50306248664856, 11.634850978851318, 11.973368644714355, 11.856021881103516, 12.218807458877563, 11.522245168685913, 11.296106338500977, 11.1537344455719, 11.151054620742798, 11.452419757843018, 11.035088777542114, 11.375372648239136, 11.213806629180908, 11.758963584899902, 11.485179901123047, 11.357887029647827, 11.637972116470337, 11.897075176239014, 11.653295755386353, 12.317638635635376, 12.269954681396484, 11.376052141189575, 11.395861625671387, 11.840794324874878, 11.87698483467102, 11.771673202514648, 11.560357332229614, 11.475852727890015, 11.438512325286865, 11.54266619682312, 11.849175930023193] 
Epochs training computation time mean (in sec) = 11.795312867445105 
--- 
Training loss history = [0.45217591524124146, 0.39967596530914307, 0.3873116672039032, 0.37916848063468933, 0.3862172067165375, 0.38133275508880615, 0.37292084097862244, 0.3726242184638977, 0.3737257719039917, 0.3713069558143616, 0.368086040019989, 0.36703699827194214, 0.36365029215812683, 0.36550173163414, 0.36180853843688965, 0.35882145166397095, 0.35873427987098694, 0.34444668889045715, 0.32985159754753113, 0.31960514187812805, 0.3130691647529602, 0.3064565658569336, 0.3022793233394623, 0.2985881268978119, 0.2977735102176666, 0.2930234968662262, 0.2941771149635315, 0.2904960513114929, 0.2893306314945221, 0.28682398796081543, 0.2835600972175598, 0.2851410508155823, 0.2812632918357849, 0.2752734422683716, 0.27614814043045044, 0.2720828950405121, 0.268550306558609, 0.2665899395942688, 0.26178988814353943, 0.2624761462211609, 0.261616975069046, 0.2536431550979614, 0.2494085431098938, 0.24176163971424103, 0.24175436794757843, 0.23921862244606018, 0.23110981285572052, 0.22730213403701782, 0.2227235585451126, 0.2163391411304474, 0.20924973487854004] 
Training accuracy history = [0.7921683192253113, 0.8246525526046753, 0.8297216296195984, 0.8309466242790222, 0.8287922739982605, 0.8295526504516602, 0.8348751664161682, 0.8361424207687378, 0.8334389328956604, 0.8342415690422058, 0.8364381194114685, 0.8374097347259521, 0.8371984958648682, 0.8380433320999146, 0.8398597836494446, 0.8399442434310913, 0.8396485447883606, 0.8474633693695068, 0.8564609289169312, 0.8622481226921082, 0.8672749400138855, 0.8691335916519165, 0.8717526197433472, 0.8746673464775085, 0.8750897645950317, 0.8771596550941467, 0.8761458396911621, 0.878764808177948, 0.878722608089447, 0.8801165819168091, 0.8788915872573853, 0.8805390000343323, 0.882439911365509, 0.8844252824783325, 0.8849322199821472, 0.8870865702629089, 0.8879314064979553, 0.8876779675483704, 0.8883960843086243, 0.8901702165603638, 0.8910995721817017, 0.894521176815033, 0.8943944573402405, 0.9005195498466492, 0.8991255760192871, 0.9011954665184021, 0.9048283100128174, 0.9062222838401794, 0.9082499146461487, 0.9082076549530029, 0.9139948487281799] 
Training f1 history = [0.7921823859214783, 0.8246451616287231, 0.8297482132911682, 0.8309019207954407, 0.8287836909294128, 0.8295674920082092, 0.8348410725593567, 0.8361670970916748, 0.8334289789199829, 0.8342549800872803, 0.8364627361297607, 0.8373748660087585, 0.8371874094009399, 0.8380674719810486, 0.8398597240447998, 0.8399323225021362, 0.8396486043930054, 0.8474729061126709, 0.8564560413360596, 0.8622533082962036, 0.8672904372215271, 0.8691249489784241, 0.8717432022094727, 0.8746806383132935, 0.8751029968261719, 0.8771367073059082, 0.8761351108551025, 0.8787533044815063, 0.8787111043930054, 0.8801282644271851, 0.878915548324585, 0.8805625438690186, 0.882439136505127, 0.8844357132911682, 0.8849424719810486, 0.8870961666107178, 0.887917160987854, 0.8876992464065552, 0.8883935213088989, 0.890178918838501, 0.891107976436615, 0.8945168852806091, 0.8943783044815063, 0.9005135297775269, 0.8991316556930542, 0.9012010097503662, 0.9048445224761963, 0.9062263369560242, 0.9082532525062561, 0.9082229733467102, 0.914008378982544] 
--- 
Validation loss history = [0.4616745114326477, 0.45276185870170593, 0.4828568994998932, 0.40507546067237854, 0.3813234865665436, 0.39326244592666626, 0.35212287306785583, 0.39461222290992737, 0.40326130390167236, 0.41763728857040405, 0.36569297313690186, 0.3766854405403137, 0.3710341155529022, 0.34758615493774414, 0.3707747757434845, 0.38431060314178467, 0.37191569805145264, 0.3390544354915619, 0.33253878355026245, 0.3060285747051239, 0.2997511625289917, 0.3465486764907837, 0.2942168414592743, 0.29577916860580444, 0.3546431064605713, 0.29804444313049316, 0.3009706437587738, 0.386084645986557, 0.3303530514240265, 0.30193713307380676, 0.2820129692554474, 0.3015836477279663, 0.30533674359321594, 0.2904585003852844, 0.2861872911453247, 0.2940206825733185, 0.28420695662498474, 0.28154656291007996, 0.29759666323661804, 0.29163700342178345, 0.29505836963653564, 0.4954761564731598, 0.2991783618927002, 0.30392542481422424, 0.28902843594551086, 0.30031511187553406, 0.30305755138397217, 0.29759615659713745, 0.30694150924682617, 0.29423028230667114, 0.3050292134284973] 
Validation accuracy history = [0.7928544282913208, 0.8015963435173035, 0.7871531844139099, 0.8228810429573059, 0.8274420499801636, 0.8278221487998962, 0.8426454067230225, 0.8282021880149841, 0.8137590289115906, 0.82136070728302, 0.8369441032409668, 0.8335233926773071, 0.8388445377349854, 0.8468263149261475, 0.835043728351593, 0.8072975873947144, 0.8377043008804321, 0.8525275588035583, 0.852907657623291, 0.8776130676269531, 0.8722919225692749, 0.857088565826416, 0.8810338377952576, 0.8757126331329346, 0.843405544757843, 0.8814139366149902, 0.8787533044815063, 0.8312428593635559, 0.8631699085235596, 0.8757126331329346, 0.888635516166687, 0.8787533044815063, 0.8757126331329346, 0.8848346471786499, 0.8863549828529358, 0.8817939758300781, 0.8863549828529358, 0.8871151804924011, 0.8810338377952576, 0.8825541734695435, 0.8734321594238281, 0.7613074779510498, 0.8772329688072205, 0.8745723962783813, 0.8817939758300781, 0.874952495098114, 0.8772329688072205, 0.8810338377952576, 0.8863549828529358, 0.8859749436378479, 0.887495219707489] 
Validation f1 history = [0.793459415435791, 0.8034637570381165, 0.787811815738678, 0.8232033848762512, 0.8277214765548706, 0.8294426798820496, 0.8427817225456238, 0.8284744620323181, 0.8141672611236572, 0.8216973543167114, 0.8371341228485107, 0.8350902795791626, 0.8390166759490967, 0.846923291683197, 0.8352515697479248, 0.8077666759490967, 0.8378871083259583, 0.8525708913803101, 0.854292094707489, 0.8774202466011047, 0.8721491694450378, 0.8584336638450623, 0.8808088302612305, 0.8755377531051636, 0.8435347080230713, 0.8811853528022766, 0.879894495010376, 0.8314865231513977, 0.8631130456924438, 0.8755377531051636, 0.8883389234542847, 0.8785497546195984, 0.8741931915283203, 0.8845738768577576, 0.8860799670219421, 0.881561815738678, 0.8860799670219421, 0.8868328928947449, 0.8808088302612305, 0.8823148608207703, 0.8732786774635315, 0.7635541558265686, 0.8770437836647034, 0.8744082450866699, 0.881561815738678, 0.8747848272323608, 0.8783884644508362, 0.8808088302612305, 0.8874245882034302, 0.8857033848762512, 0.887209415435791] 
--- 
Radius of the CI = 0.007678507708887316 
True classification of the model is likely between 0.8784224401480157 and 0.8937794555657904 
--- 
Test accuracy = 0.8861009478569031 
Confusion matrix (0 | 1) = 
 [[2940  319]
 [ 430 2887]] 
--- 
