This file contains information about the lstm model 
Analysis directory = C:\Users\cdetr\Documents\GitHub\nomics\jawac_processing_nomics/data/valid_invalid_analysis 
--- 
Segmentation value = 10.0 
Downsampling value = 1.0 
Signal frequency = 1.0 Hz 
Batch size = 128 
Standard scale = 0 
Stateful = 1 
Sliding window = 0 
Center of interest = 10 
Full sequence = 0 
Return sequences = 1 
Data balancing = 0 
--- 
Log time = 17-04-2022 15-52-34 
--- 
Num of epochs = 100, early stop after 74 epochs 
Epochs training computation time history (in sec) = [57.814451456069946, 53.585182428359985, 60.46076059341431, 70.52205896377563, 71.37398886680603, 81.1126766204834, 86.47440195083618, 76.10431480407715, 70.9943253993988, 70.325998544693, 47.766857862472534, 41.88633131980896, 78.53500580787659, 83.92103981971741, 82.02000713348389, 44.96025276184082, 46.322362184524536, 85.0795304775238, 100.41999912261963, 60.13935661315918, 56.01044058799744, 46.4441294670105, 39.29636859893799, 48.008825063705444, 44.67420554161072, 44.92659521102905, 42.720704078674316, 47.902064085006714, 97.43881011009216, 114.83448719978333, 110.12636017799377, 111.39573097229004, 121.59442257881165, 121.7734694480896, 117.10953211784363, 102.2033360004425, 93.7369978427887, 93.04203939437866, 90.11398506164551, 96.01421523094177, 104.43275165557861, 116.89416933059692, 117.99777603149414, 120.65265941619873, 112.16762781143188, 115.07072281837463, 112.75587964057922, 112.3281102180481, 111.03154969215393, 114.87320303916931, 111.31728982925415, 113.661123752594, 115.6677508354187, 93.26309728622437, 58.88276553153992, 73.21317934989929, 75.73316788673401, 88.03755640983582, 85.28711342811584, 85.4827926158905, 51.29674053192139, 48.38519883155823, 59.39051604270935, 61.73092293739319, 59.81702399253845, 56.05410671234131, 54.700397968292236, 56.18972873687744, 57.99179792404175, 57.623891830444336, 48.310649156570435, 70.71224522590637, 73.72101640701294, 72.21181750297546] 
Epochs training computation time mean (in sec) = 79.4063778632396 
--- 
Training loss history = [0.3376734835760934, 0.2360268413488354, 0.2599635008722544, 0.21911723049623624, 0.19467625229486396, 0.1905894079378673, 0.17870927431753703, 0.1837226471730641, 0.17524939977696963, 0.16975140465157373, 0.17341187234435762, 0.17174602821469306, 0.16360493611012186, 0.16620534408305374, 0.16624006527875151, 0.15437987643693174, 0.15655886844864914, 0.15469276234507562, 0.15550603504691804, 0.15331513035510266, 0.15334975123405456, 0.15395152233541012, 0.14949247810457433, 0.1513345853026424, 0.14956095963716506, 0.15661000981926917, 0.16639650128781797, 0.14880289579076425, 0.16035025087850435, 0.14510014642562186, 0.14525650649198463, 0.15591941406684262, 0.14920485626373972, 0.14520905470209464, 0.14578309878706933, 0.13633772741471017, 0.1517407084682158, 0.14275463808860098, 0.14828728128756796, 0.14880045178745474, 0.13881734327546189, 0.13969884594636303, 0.1403534340539149, 0.1492212016135454, 0.1339147648108857, 0.13166647883398191, 0.14362667814961502, 0.13674132387552942, 0.1430096227143492, 0.13498789503106048, 0.1312645435333252, 0.13602817202253, 0.13088835264955248, 0.13451642356812954, 0.12900952228478024, 0.12638462499848435, 0.1267382444015571, 0.12534216775425844, 0.12242532638566835, 0.1219452291727066, 0.12882023379206659, 0.12456271025751318, 0.12815620084958418, 0.1234105711536748, 0.13192345468061312, 0.125289782296334, 0.12619579354567187, 0.12091200947761535, 0.11822705763791289, 0.1217681359499693, 0.11981803545994418, 0.12834265099040099, 0.12473555718149458, 0.1201161127537489] 
Training accuracy history = [0.8470667308994702, 0.9406719772943428, 0.9376114663268839, 0.9436616284506661, 0.9459710513906819, 0.9461358568498066, 0.9478755196290357, 0.9458080517394202, 0.9474045326667172, 0.9487135228301797, 0.9467215117599282, 0.9480463867740971, 0.9508832264159407, 0.949158049161945, 0.949439707079104, 0.9549732489245278, 0.9549252622893878, 0.9546827191753047, 0.9526284269988536, 0.9560909722532545, 0.9558649781559195, 0.9535051369241305, 0.9573882016752447, 0.955099326052836, 0.9542703410344464, 0.9506703079811164, 0.9494080612702029, 0.9535406724682876, 0.947413880271571, 0.9551788422678198, 0.9530166199164731, 0.9498566755226681, 0.9502434204731669, 0.9547049742724214, 0.9531830483249255, 0.9573955268732139, 0.9561527209622519, 0.9546679378620215, 0.9525906118963446, 0.9539325669407844, 0.9538139814777034, 0.9534991811428751, 0.9563654796353408, 0.9515591554343701, 0.957022406480142, 0.9577558855925288, 0.9522854719843183, 0.9551473102399282, 0.9556062356701919, 0.9564209668764047, 0.9579094211970057, 0.9576362310775689, 0.9582519934645721, 0.9573224661605698, 0.9575978410031114, 0.9582904460174697, 0.9573582516184875, 0.9580298555748803, 0.9585601875824588, 0.9586805013673646, 0.9587075832699027, 0.9586836563689368, 0.9588687998907907, 0.9584907338023185, 0.9586959386510508, 0.9589551434985228, 0.9578859629375595, 0.9587585010698864, 0.9592826482440744, 0.959469977340528, 0.9583206663174288, 0.9585062725203378, 0.9588424717741353, 0.9588025691253799] 
Training f1 history = [0.8470718577504158, 0.9406719501529421, 0.9376114533415862, 0.9436616040766239, 0.9459710226527283, 0.9461358418422086, 0.9478755045150008, 0.945808037689754, 0.9474045074411801, 0.9487134944115366, 0.9467214856828962, 0.9480463720858097, 0.9508832012968403, 0.9491580359637737, 0.949439684833799, 0.9549732339169298, 0.9549252319548811, 0.9546827017196587, 0.9526284094367709, 0.9560909514980657, 0.9558649514402662, 0.9535051125500883, 0.9573881860290255, 0.955099039205483, 0.9542703172990255, 0.950670286055122, 0.9494080450917993, 0.9535406609731061, 0.9474138623901776, 0.9551788135298661, 0.9530165996934686, 0.9498566559382847, 0.9502433789627892, 0.9547049377645765, 0.9531829930841923, 0.9573955015412399, 0.9561526869024549, 0.9546679201935019, 0.9525905803910324, 0.953932533945356, 0.9538139594452721, 0.9534991642194135, 0.9563654523875033, 0.9515591196715831, 0.9570223765713828, 0.9577558551515851, 0.9522854285580772, 0.9551472900169237, 0.9556062052292483, 0.9564209458019052, 0.9579093992710114, 0.9576361928667341, 0.9582519542958056, 0.9573224269918033, 0.9575978325945991, 0.9582904137670993, 0.9573582323534148, 0.958029824069568, 0.9585601443690913, 0.9586804776319435, 0.958707543356078, 0.958683627630983, 0.9588687564645495, 0.9584907100668976, 0.958695909913097, 0.9589550918766431, 0.9578859367540904, 0.9587584875524044, 0.9592826142907143, 0.95946995349867, 0.9583206451364926, 0.9585062410150256, 0.958842430795942, 0.9588025462414537] 
--- 
Validation loss history = [0.761988113882641, 0.7722844692412764, 0.4968461628537625, 0.42907509331901866, 0.5434430174956408, 0.4979392892365771, 0.4964789659299034, 0.4125535843389419, 0.4632807893814364, 0.48788433371373685, 0.524270903703291, 0.4807725459463351, 0.5071567641639073, 0.48763129953683043, 0.4439460666437905, 0.4184838780919866, 0.4070488316593886, 0.40792595570819684, 0.4176207722145288, 0.41633807137065254, 0.4515740256082305, 0.4270121550837454, 0.41344369336851133, 0.4060171153396368, 0.4436737835363601, 0.3957720529753715, 0.406675157037292, 0.59564934403946, 0.4132890107886245, 0.4000669697600339, 0.407734531564832, 0.5967825056946215, 0.4012065358736436, 0.47124634324475967, 0.3951771238624739, 0.4268464583612513, 0.36805027213413266, 0.3982792717220339, 0.4161723589888425, 0.3854821210901719, 0.3883038130312343, 0.4093509052647278, 0.5626685948615583, 0.3736588872212451, 0.41766385599864103, 0.609235367103247, 0.40910370244819205, 0.37541549549108216, 0.3512446163338609, 0.34174926313280596, 0.4207088187899596, 0.33269564765311466, 0.4104334532787713, 0.32952275245042983, 0.359681426864942, 0.3654424490557479, 0.35626766033941143, 0.3637755505966197, 0.42707852851247785, 0.505295021813951, 0.36779216341904736, 0.46292024031918116, 0.4980069924579463, 0.47345948714616193, 0.4859666888039404, 0.3998360304486899, 0.4401839963960811, 0.4174434520317542, 0.49885846888343316, 0.5067407274411683, 0.6598664963896226, 0.43978674199267215, 0.41120019331962493, 0.4083885045843393] 
Validation accuracy history = [0.7448210906858246, 0.7809154469519853, 0.8346990669767061, 0.834188756843408, 0.7912532585362594, 0.8072442650794983, 0.8252038245399793, 0.8904330261051655, 0.8346304195622604, 0.8410523494084676, 0.8421853306392829, 0.8556235022842884, 0.8350388698279858, 0.8901684147616228, 0.8970807877679666, 0.9163215147952238, 0.9160788645346959, 0.9129424790541331, 0.9165597128371398, 0.9094774631162484, 0.8706350098053615, 0.9145379389325777, 0.9158006158967813, 0.9153527746597926, 0.8871647511919339, 0.915580420444409, 0.914617982506752, 0.8171082515269518, 0.9062898342808088, 0.9011609750489394, 0.9130411182840665, 0.8172592738022407, 0.9135350239773591, 0.8619704643885294, 0.9138996459543705, 0.9115915688375632, 0.9162356230119865, 0.9162593930959702, 0.9134194028874238, 0.9160356233517329, 0.9160365924239159, 0.9145959573487441, 0.8340600738922755, 0.917123594135046, 0.9161939849456151, 0.8153029415135582, 0.9160901265839736, 0.9159173466265201, 0.9134089770416419, 0.9154329873621464, 0.913909750431776, 0.91299119318525, 0.9146115258336067, 0.9122634117801984, 0.915138874699672, 0.915805279960235, 0.9158360086381435, 0.9150336700181166, 0.914785020550092, 0.9163121677935123, 0.9155378458400567, 0.9153848677873612, 0.9156717238326867, 0.9168936627606551, 0.9145221936206023, 0.9157109638055165, 0.9141028520961603, 0.9159903503954411, 0.9164047434926033, 0.9156994027396043, 0.9161927940944831, 0.9152566651503246, 0.9143699290851752, 0.9114048041403293] 
Validation f1 history = [0.7448210837319493, 0.7809154372662306, 0.8346990582843622, 0.8341887479027112, 0.7912532518307368, 0.8072442648311456, 0.8252038210630417, 0.8904330176611741, 0.8346304106215636, 0.841052341957887, 0.8421853259205818, 0.8556234968205293, 0.8350388675928115, 0.8901684085528055, 0.8970807775855064, 0.9163215105732282, 0.9160788642863432, 0.912942468871673, 0.9165597026546796, 0.9094774648547173, 0.8706350048383077, 0.9145379327237606, 0.9158006196220716, 0.915352770437797, 0.8871647271017233, 0.9155803983410199, 0.9146179623901844, 0.8171082487950723, 0.9062898221115271, 0.9011609688401222, 0.9130411081016063, 0.8172592636197805, 0.9135350197553634, 0.861970458428065, 0.9138996457060178, 0.9115915467341741, 0.9162356108427048, 0.9162593888739745, 0.9134193827708562, 0.9160356111824512, 0.9160365824898083, 0.9145959531267484, 0.8340600711603959, 0.9171235839525859, 0.916193974763155, 0.815302928785483, 0.9160901263356209, 0.9159173304835956, 0.9134089589118958, 0.9154329791665077, 0.9139097481966019, 0.9129911929368972, 0.9146115196247896, 0.9122634055713813, 0.9151388684908549, 0.9158052697777748, 0.9158360064029694, 0.915033649901549, 0.9147850143412749, 0.9163121496637662, 0.9155378436048826, 0.9153848615785439, 0.9156717156370481, 0.916893656551838, 0.9145221774776776, 0.9157109436889489, 0.9141028379400571, 0.9159903481602669, 0.9164047392706076, 0.9156993925571442, 0.9161927898724874, 0.9152566688756149, 0.9143699208895365, 0.9114047959446907] 
--- 
Radius of the CI = 0.10110333084885485 
True classification of the model is likely between 0.8241238509938391 and 1.0263305126915487 
--- 
Test accuracy = 0.9252271818426939 
Confusion matrix (0 | 1) = 
 [[229464  57172]
 [ 51839 448725]] 
--- 
