This file contains information about the lstm model 
Analysis directory = C:\Users\cdetr\Documents\GitHub\nomics\nomics-AI/data/awake_sleep_analysis 
--- 
Segmentation value = 300.0 
Downsampling value = 1.0 
Signal frequency = 1.0 Hz 
Batch size = 8 
Standard scale = 0 
Stateful = 0 
Sliding window = 0 
Center of interest = 10 
Full sequence = 0 
Return sequences = 1 
Data balancing = 1 
--- 
Log time = 14-05-2022 16-43-37 
--- 
Num of epochs = 100, early stop after 91 epochs 
Epochs training computation time history (in sec) = [29.5069899559021, 28.025001287460327, 31.11400008201599, 31.17799949645996, 39.2129864692688, 19.503966569900513, 34.58799958229065, 33.067001819610596, 32.66199994087219, 23.598000526428223, 18.872999906539917, 19.18099594116211, 18.820996522903442, 20.553998947143555, 22.86299967765808, 18.995001316070557, 18.478997707366943, 19.7690007686615, 21.529998302459717, 23.62000012397766, 23.393001317977905, 19.058001279830933, 20.89099907875061, 18.581997871398926, 19.256998538970947, 19.821001768112183, 20.70100164413452, 23.241000652313232, 21.559003114700317, 20.341999292373657, 24.472997665405273, 19.928000688552856, 23.94000005722046, 27.849000692367554, 23.222996711730957, 20.37399959564209, 23.26795768737793, 36.05400109291077, 30.757999658584595, 30.61800217628479, 30.734013080596924, 26.494994401931763, 19.395999431610107, 19.245004653930664, 22.702001571655273, 18.379000425338745, 20.255004405975342, 25.06100058555603, 20.042001247406006, 23.121002435684204, 25.11099910736084, 32.49498915672302, 31.81800079345703, 33.72299909591675, 31.197000980377197, 28.83200979232788, 29.696001529693604, 29.438007593154907, 19.779000282287598, 19.89599847793579, 20.34699845314026, 28.079997062683105, 26.458991765975952, 20.057000637054443, 20.109992265701294, 21.201983213424683, 19.39399814605713, 20.383000135421753, 21.029000520706177, 20.284000396728516, 21.306999921798706, 22.81000065803528, 20.159997940063477, 20.65698504447937, 23.093998193740845, 25.411999940872192, 29.734999656677246, 30.091000080108643, 29.446999549865723, 28.60099697113037, 29.10599708557129, 23.879000663757324, 18.704986333847046, 19.25199818611145, 21.320998430252075, 19.885000467300415, 22.494000673294067, 25.20799970626831, 30.093998908996582, 29.6829993724823, 19.687000274658203] 
Epochs training computation time mean (in sec) = 24.262185112460628 
--- 
Training loss history = [0.6768575310707092, 0.6230512261390686, 0.5505454540252686, 0.4575456976890564, 0.5980770587921143, 0.6722429394721985, 0.6680637001991272, 0.6676406860351562, 0.6607901453971863, 0.6564547419548035, 0.6461546421051025, 0.6600140333175659, 0.6553095579147339, 0.6155915260314941, 0.5321134328842163, 0.4626508951187134, 0.4221084713935852, 0.49891194701194763, 0.6613766551017761, 0.6564710140228271, 0.6443547606468201, 0.615500807762146, 0.5694635510444641, 0.512946605682373, 0.48070067167282104, 0.444638192653656, 0.6088376045227051, 0.6755035519599915, 0.6623016595840454, 0.6572723388671875, 0.6399466395378113, 0.6036297082901001, 0.49769994616508484, 0.455496609210968, 0.4315927028656006, 0.407659113407135, 0.40280023217201233, 0.38963642716407776, 0.3831217586994171, 0.3785025477409363, 0.3732643723487854, 0.3688672184944153, 0.3645714521408081, 0.360586941242218, 0.37712374329566956, 0.36764368414878845, 0.3544631600379944, 0.35412344336509705, 0.3531162738800049, 0.3485003709793091, 0.3508913815021515, 0.3455240726470947, 0.34056276082992554, 0.33979758620262146, 0.3463038206100464, 0.333865225315094, 0.3397677540779114, 0.34145644307136536, 0.34214574098587036, 0.3381451368331909, 0.34658148884773254, 0.3452341854572296, 0.334873765707016, 0.3336997330188751, 0.3362216651439667, 0.334859162569046, 0.33636751770973206, 0.337787002325058, 0.3307192921638489, 0.32855263352394104, 0.3183676600456238, 0.3213403820991516, 0.3253832161426544, 0.31671246886253357, 0.31672966480255127, 0.32159721851348877, 0.32442981004714966, 0.31585076451301575, 0.31290438771247864, 0.30696505308151245, 0.3085457384586334, 0.30533868074417114, 0.30462825298309326, 0.30346381664276123, 0.2987437844276428, 0.30240389704704285, 0.2972297966480255, 0.29922422766685486, 0.2959866523742676, 0.2974863648414612, 0.2910170555114746] 
Training accuracy history = [0.5728370547294617, 0.664609432220459, 0.7394341826438904, 0.7922200560569763, 0.6159104704856873, 0.545598030090332, 0.5688827633857727, 0.555672824382782, 0.582054615020752, 0.5855756998062134, 0.6017251014709473, 0.5700748562812805, 0.5853091478347778, 0.6413496136665344, 0.7327845692634583, 0.7924917936325073, 0.8168609738349915, 0.7381423115730286, 0.5720638036727905, 0.5784298181533813, 0.6096888780593872, 0.6440120935440063, 0.695168673992157, 0.7537376880645752, 0.7789339423179626, 0.8026519417762756, 0.6146133542060852, 0.5530050992965698, 0.5750702619552612, 0.5820637941360474, 0.6172561645507812, 0.6735499501228333, 0.7717460989952087, 0.799750566482544, 0.8107614517211914, 0.8217579126358032, 0.8257634043693542, 0.8309032320976257, 0.8335145115852356, 0.8344348073005676, 0.839150607585907, 0.839919924736023, 0.8427412509918213, 0.8433306813240051, 0.8325206637382507, 0.8416423797607422, 0.8484035730361938, 0.8468281626701355, 0.848977267742157, 0.8500039577484131, 0.8510621190071106, 0.8509977459907532, 0.8528633117675781, 0.8532887101173401, 0.8484232425689697, 0.8534777760505676, 0.8569226861000061, 0.8511789441108704, 0.8487462401390076, 0.8523001074790955, 0.8499304056167603, 0.8514782786369324, 0.8557174801826477, 0.858188271522522, 0.8591098785400391, 0.85963374376297, 0.8563095927238464, 0.8564539551734924, 0.8574976921081543, 0.8601338863372803, 0.8664815425872803, 0.8606931567192078, 0.8601181507110596, 0.8661152720451355, 0.8664802312850952, 0.8622791171073914, 0.8627662062644958, 0.8684272170066833, 0.8673126101493835, 0.8665577173233032, 0.8705106973648071, 0.8702324032783508, 0.8694643378257751, 0.8715360164642334, 0.8725981116294861, 0.8717671036720276, 0.8720743060112, 0.8725416660308838, 0.8748549222946167, 0.8755455017089844, 0.8760430812835693] 
Training f1 history = [0.5726572275161743, 0.6649889349937439, 0.7398306131362915, 0.7918556928634644, 0.6153550148010254, 0.5458228588104248, 0.5686858892440796, 0.5554518103599548, 0.5828539133071899, 0.5848680138587952, 0.6017259955406189, 0.5704678297042847, 0.585482120513916, 0.6410348415374756, 0.7330716252326965, 0.7921507954597473, 0.8165242671966553, 0.7380236983299255, 0.571735680103302, 0.5786031484603882, 0.6095629334449768, 0.6440654397010803, 0.6957372426986694, 0.7542064189910889, 0.7789813280105591, 0.8028587102890015, 0.6134160757064819, 0.5532593131065369, 0.5745338797569275, 0.5817975401878357, 0.6177676916122437, 0.6736422181129456, 0.7714805603027344, 0.7997511029243469, 0.810766339302063, 0.8218569755554199, 0.8254595398902893, 0.8308532238006592, 0.8337913751602173, 0.8345525860786438, 0.8387941718101501, 0.8402099609375, 0.842827558517456, 0.8436101675033569, 0.8320328593254089, 0.8417284488677979, 0.8485881090164185, 0.8470854163169861, 0.8491561412811279, 0.8498204946517944, 0.850455105304718, 0.8511489033699036, 0.8531283140182495, 0.8532758951187134, 0.8478192090988159, 0.8525295853614807, 0.8569989204406738, 0.8514450192451477, 0.8488093018531799, 0.8519898653030396, 0.849949300289154, 0.8510953187942505, 0.8559116125106812, 0.8577479720115662, 0.8593822717666626, 0.8598030209541321, 0.8565584421157837, 0.8565981984138489, 0.8577077388763428, 0.8603214025497437, 0.8662284016609192, 0.860912561416626, 0.8598363995552063, 0.8662694096565247, 0.8667361736297607, 0.8615807294845581, 0.8628131151199341, 0.8686114549636841, 0.8669203519821167, 0.8663065433502197, 0.8707520961761475, 0.8704833984375, 0.8692236542701721, 0.8711357712745667, 0.8728266358375549, 0.8714054226875305, 0.8722648620605469, 0.8727590441703796, 0.8750789761543274, 0.8755455017089844, 0.876264750957489] 
--- 
Validation loss history = [0.6699707508087158, 0.6240103244781494, 0.46884283423423767, 0.40536364912986755, 0.6827477216720581, 0.6802506446838379, 0.6664892435073853, 0.6690453886985779, 0.6611819267272949, 0.6579217910766602, 0.6501461267471313, 0.6555594205856323, 0.6545434594154358, 0.5429580807685852, 0.4479842782020569, 0.4434184730052948, 0.3780944049358368, 0.6693835854530334, 0.6537012457847595, 0.6586133241653442, 0.6306788325309753, 0.5999069213867188, 0.5074331164360046, 0.490860253572464, 0.4698944687843323, 0.401831716299057, 0.6845338344573975, 0.6748132109642029, 0.654811680316925, 0.6512613296508789, 0.6111869215965271, 0.47403186559677124, 0.45318910479545593, 0.3911632299423218, 0.4231679141521454, 0.3416905701160431, 0.38154956698417664, 0.34222841262817383, 0.35921573638916016, 0.3568711280822754, 0.32712385058403015, 0.33190619945526123, 0.32476767897605896, 0.32413405179977417, 0.3377830386161804, 0.34732916951179504, 0.34771862626075745, 0.3165203630924225, 0.3213866055011749, 0.33503445982933044, 0.3457929491996765, 0.3256359100341797, 0.3149893879890442, 0.3140174448490143, 0.3207414448261261, 0.3250690996646881, 0.34075865149497986, 0.3251930773258209, 0.3790183365345001, 0.33613231778144836, 0.3423912525177002, 0.34184640645980835, 0.3140627443790436, 0.35350367426872253, 0.330325722694397, 0.33628925681114197, 0.36496633291244507, 0.3470323979854584, 0.3239429295063019, 0.36465680599212646, 0.30244019627571106, 0.35240694880485535, 0.33762127161026, 0.31667664647102356, 0.38366445899009705, 0.3372056484222412, 0.34131568670272827, 0.3308144807815552, 0.3046242594718933, 0.3258948028087616, 0.3127572238445282, 0.31074756383895874, 0.32960057258605957, 0.3445345461368561, 0.3246082067489624, 0.3229651153087616, 0.3167475163936615, 0.3204427659511566, 0.3285667896270752, 0.3218015134334564, 0.3276340663433075] 
Validation accuracy history = [0.5998468995094299, 0.6913663148880005, 0.7806949615478516, 0.8199411034584045, 0.5278445482254028, 0.5382214188575745, 0.579552412033081, 0.5758068561553955, 0.560636043548584, 0.5612131953239441, 0.61537104845047, 0.6149470210075378, 0.607797384262085, 0.6868786811828613, 0.8147820830345154, 0.8293522000312805, 0.8488103747367859, 0.6118021011352539, 0.5455594658851624, 0.5792579650878906, 0.6544523239135742, 0.6601531505584717, 0.7509893774986267, 0.7655594944953918, 0.7840282917022705, 0.826984703540802, 0.5070553421974182, 0.543674886226654, 0.6284688115119934, 0.6355594992637634, 0.6874558329582214, 0.8025795221328735, 0.8154181241989136, 0.8314840793609619, 0.8159246444702148, 0.8560070395469666, 0.8416136503219604, 0.8678091764450073, 0.8540282845497131, 0.8608598113059998, 0.8624264001846313, 0.8726030588150024, 0.8557832837104797, 0.869316816329956, 0.8523085713386536, 0.8683274388313293, 0.8468315601348877, 0.862897515296936, 0.858339250087738, 0.8653121590614319, 0.8542873859405518, 0.8710954189300537, 0.8748056292533875, 0.8684452176094055, 0.867573618888855, 0.8697526454925537, 0.8657597303390503, 0.8582214117050171, 0.8405182361602783, 0.8570789098739624, 0.8584923148155212, 0.8635218143463135, 0.8653121590614319, 0.8639458417892456, 0.8602473735809326, 0.8656654953956604, 0.8534746766090393, 0.8596702218055725, 0.8664546608924866, 0.8578327298164368, 0.8743816018104553, 0.8674322962760925, 0.8685865998268127, 0.8641578555107117, 0.856113076210022, 0.8537455797195435, 0.8647350072860718, 0.8571024537086487, 0.8743816018104553, 0.8515312075614929, 0.8643227219581604, 0.8624145984649658, 0.8716607689857483, 0.8599411249160767, 0.866442859172821, 0.8687043786048889, 0.8658775091171265, 0.8625441789627075, 0.8671849370002747, 0.8696466684341431, 0.8634157776832581] 
Validation f1 history = [0.601971447467804, 0.6961072683334351, 0.7842320799827576, 0.8228742480278015, 0.530254602432251, 0.5404514074325562, 0.5812627077102661, 0.5716742873191833, 0.5624767541885376, 0.5630438923835754, 0.6157984137535095, 0.6141665577888489, 0.6074341535568237, 0.6914466619491577, 0.8170331716537476, 0.8321990370750427, 0.8513001203536987, 0.6119444370269775, 0.5476619005203247, 0.5818362832069397, 0.6533718705177307, 0.6598995923995972, 0.7548879981040955, 0.7694558501243591, 0.7862152457237244, 0.8297376036643982, 0.5098264217376709, 0.5458294749259949, 0.6291512250900269, 0.6361379623413086, 0.6912615299224854, 0.8059104681015015, 0.8182947635650635, 0.8341588973999023, 0.8187345266342163, 0.8582561612129211, 0.8442091345787048, 0.8700268268585205, 0.8564081788063049, 0.8631789088249207, 0.8646990060806274, 0.8747182488441467, 0.8582097291946411, 0.8714506030082703, 0.8545638918876648, 0.8704783916473389, 0.8493750095367432, 0.8652004599571228, 0.8607213497161865, 0.8675348162651062, 0.8567591905593872, 0.8731982707977295, 0.8768249154090881, 0.8705555200576782, 0.8697376251220703, 0.8719366788864136, 0.8679745197296143, 0.8605671525001526, 0.843151867389679, 0.859367311000824, 0.8607754111289978, 0.8657753467559814, 0.8673417568206787, 0.8662306666374207, 0.8626350164413452, 0.8679396510124207, 0.855979859828949, 0.8619328737258911, 0.8687345385551453, 0.8600693345069885, 0.876465916633606, 0.869656503200531, 0.8707910180091858, 0.866400420665741, 0.8585146069526672, 0.8561494946479797, 0.8669675588607788, 0.8592361211776733, 0.8764466643333435, 0.8532986044883728, 0.8665624856948853, 0.864668071269989, 0.8737922310829163, 0.8622183203697205, 0.8686843514442444, 0.8708679676055908, 0.8681288361549377, 0.8648147583007812, 0.8693750500679016, 0.8718326091766357, 0.8656904697418213] 
--- 
Radius of the CI = 0.025141803943171104 
True classification of the model is likely between 0.8406891539463858 and 0.890972761832728 
--- 
Test accuracy = 0.8658309578895569 
Confusion matrix (0 | 1) = 
 [[92683 17370]
 [11047 90700]] 
--- 
