This file contains information about the lstm model 
Analysis directory = C:\Users\cdetr\Documents\GitHub\nomics\nomics-AI/data/awake_sleep_analysis 
--- 
Segmentation value = 300.0 
Downsampling value = 1.0 
Signal frequency = 1.0 Hz 
Batch size = 32 
Standard scale = 0 
Stateful = 0 
Sliding window = 1 
Center of interest = 60 
Full sequence = 0 
Return sequences = 0 
Data balancing = 1 
--- 
Log time = 14-05-2022 18-20-09 
--- 
Num of epochs = 100, early stop after 66 epochs 
Epochs training computation time history (in sec) = [217.14005208015442, 144.57499527931213, 138.11803364753723, 141.89096689224243, 151.31699991226196, 155.74500060081482, 157.968003988266, 160.55200219154358, 146.79999661445618, 135.7170341014862, 140.5230004787445, 135.62604355812073, 131.3860034942627, 129.80995893478394, 138.16403675079346, 127.92199969291687, 131.6769585609436, 125.31703662872314, 124.64949035644531, 137.61300492286682, 136.17003393173218, 129.6309642791748, 140.4780023097992, 143.29799270629883, 135.96899962425232, 137.13800358772278, 141.6119999885559, 142.67499589920044, 137.44103622436523, 136.28896045684814, 146.14296579360962, 142.5460340976715, 146.28895711898804, 143.15896797180176, 145.4830002784729, 140.14700984954834, 144.55199575424194, 143.68003106117249, 133.45696926116943, 133.3809633255005, 142.30300498008728, 139.31695413589478, 139.4839940071106, 132.58200001716614, 141.8289988040924, 139.46196603775024, 144.4220027923584, 135.59700417518616, 129.53399682044983, 133.07304573059082, 137.4110038280487, 134.06397104263306, 132.71397066116333, 131.4849967956543, 135.80100321769714, 145.21002531051636, 128.142968416214, 126.09702825546265, 138.2979815006256, 132.60200953483582, 125.38196325302124, 133.1040005683899, 140.74899411201477, 142.04800510406494, 147.69700145721436, 150.3229959011078] 
Epochs training computation time mean (in sec) = 139.860293767669 
--- 
Training loss history = [0.6739421486854553, 0.6634207963943481, 0.6608859300613403, 0.6474539637565613, 0.5373541712760925, 0.5390623211860657, 0.4723646640777588, 0.4899962246417999, 0.6732938885688782, 0.659700870513916, 0.652023434638977, 0.6163282990455627, 0.619013249874115, 0.5242925882339478, 0.4559038281440735, 0.5309428572654724, 0.5277761220932007, 0.48082199692726135, 0.521392822265625, 0.5816333293914795, 0.6050234436988831, 0.6004166007041931, 0.6389406323432922, 0.6190025210380554, 0.5666453242301941, 0.5748330354690552, 0.5469478964805603, 0.624067485332489, 0.5552591681480408, 0.5947676301002502, 0.6266301870346069, 0.650805652141571, 0.6340572237968445, 0.4609812796115875, 0.34617188572883606, 0.3063012659549713, 0.29254257678985596, 0.2894042730331421, 0.28071460127830505, 0.2746274769306183, 0.2750265896320343, 0.2661522626876831, 0.2617119550704956, 0.261851042509079, 0.2611537575721741, 0.2755759656429291, 0.2545691132545471, 0.2529999911785126, 0.2534152865409851, 0.2501848042011261, 0.26286694407463074, 0.5248554944992065, 0.6019585728645325, 0.5952605605125427, 0.570758581161499, 0.45455846190452576, 0.35409343242645264, 0.28872954845428467, 0.2865869104862213, 0.2617495357990265, 0.253942608833313, 0.2548452913761139, 0.2738771140575409, 0.2647181451320648, 0.25468775629997253, 0.2519029378890991] 
Training accuracy history = [0.57157963514328, 0.5915415287017822, 0.6009092926979065, 0.618354856967926, 0.7310848236083984, 0.7213364243507385, 0.7809684872627258, 0.7593994736671448, 0.5677310228347778, 0.5996828079223633, 0.6128145456314087, 0.6489320993423462, 0.6519982814788818, 0.7489744424819946, 0.7957285046577454, 0.7322478294372559, 0.7334743142127991, 0.773990273475647, 0.7296680212020874, 0.6677733063697815, 0.6500740051269531, 0.6560795307159424, 0.6183336973190308, 0.6348065137863159, 0.6860647201538086, 0.6888982653617859, 0.7306196093559265, 0.6317614912986755, 0.7195601463317871, 0.6815183162689209, 0.6242757439613342, 0.6012687683105469, 0.6349122524261475, 0.7922605276107788, 0.858934223651886, 0.8738845586776733, 0.8800591826438904, 0.8790653347969055, 0.8827024698257446, 0.8863396048545837, 0.8839289546012878, 0.8875449299812317, 0.8895115256309509, 0.8906745314598083, 0.8896806836128235, 0.8838443756103516, 0.89179527759552, 0.893825352191925, 0.8937407732009888, 0.8937407732009888, 0.8898075819015503, 0.7278494238853455, 0.6764432191848755, 0.6866779327392578, 0.7086487412452698, 0.7887291312217712, 0.8472404479980469, 0.8813491463661194, 0.8814337253570557, 0.8896172642707825, 0.8931698203086853, 0.893677294254303, 0.8850497007369995, 0.8914358019828796, 0.8943328261375427, 0.8953478336334229] 
Training f1 history = [0.5715705156326294, 0.5915396213531494, 0.6009208559989929, 0.618364155292511, 0.7310651540756226, 0.7213228940963745, 0.7809816002845764, 0.7593615651130676, 0.567712664604187, 0.599694550037384, 0.612809956073761, 0.6489473581314087, 0.6520082354545593, 0.7489915490150452, 0.7957348227500916, 0.7322280406951904, 0.7334885597229004, 0.7739797830581665, 0.7296680212020874, 0.6677666306495667, 0.6500647068023682, 0.6560840606689453, 0.6183381676673889, 0.6347893476486206, 0.6860752105712891, 0.6889084577560425, 0.730604887008667, 0.6317740082740784, 0.7195664048194885, 0.6815147399902344, 0.6242696642875671, 0.6012851595878601, 0.6348999738693237, 0.7922624349594116, 0.8589276671409607, 0.8738809823989868, 0.8800646662712097, 0.8790513873100281, 0.882702648639679, 0.8863442540168762, 0.8839338421821594, 0.8875396251678467, 0.8894962072372437, 0.8906639814376831, 0.8896897435188293, 0.8838590383529663, 0.8918041586875916, 0.8938289880752563, 0.8937249183654785, 0.8937444686889648, 0.889806866645813, 0.7278643846511841, 0.6764305233955383, 0.6866883635520935, 0.7086465954780579, 0.7887363433837891, 0.8472403287887573, 0.8813543319702148, 0.8814437985420227, 0.8896214962005615, 0.893163800239563, 0.893680989742279, 0.8850592970848083, 0.8914446234703064, 0.894321858882904, 0.8953512907028198] 
--- 
Validation loss history = [0.6583057045936584, 0.6297659873962402, 0.6471264958381653, 0.6129647493362427, 0.4726424515247345, 0.49908211827278137, 0.4119654595851898, 0.6717509627342224, 0.6553716063499451, 0.6518463492393494, 0.6417916417121887, 0.5057459473609924, 0.5597547292709351, 0.48497793078422546, 0.39682716131210327, 0.4362371563911438, 0.4514929950237274, 0.42753228545188904, 0.44365885853767395, 0.5842894911766052, 0.6005173921585083, 0.6491514444351196, 0.6134821176528931, 0.6129621863365173, 0.5062339901924133, 0.5333849191665649, 0.6221104264259338, 0.5816417932510376, 0.5725091695785522, 0.5532682538032532, 0.6452803015708923, 0.6378056406974792, 0.5778959393501282, 0.3716113567352295, 0.34285956621170044, 0.2886672616004944, 0.2739105522632599, 0.28376108407974243, 0.27532443404197693, 0.2669469118118286, 0.2683957517147064, 0.2709939479827881, 0.2796541750431061, 0.27016255259513855, 0.2738962471485138, 0.2528122365474701, 0.26207488775253296, 0.27081066370010376, 0.27281925082206726, 0.25236135721206665, 0.25919976830482483, 0.5615991950035095, 0.5888314843177795, 0.5756322741508484, 0.521388590335846, 0.35113653540611267, 0.30392900109291077, 0.2784298062324524, 0.270193874835968, 0.25873756408691406, 0.2557327151298523, 0.25991809368133545, 0.2666251063346863, 0.26803359389305115, 0.270597368478775, 0.2571790814399719] 
Validation accuracy history = [0.5952426195144653, 0.6433872580528259, 0.6106564998626709, 0.6778306365013123, 0.7944814562797546, 0.7505233287811279, 0.8199809789657593, 0.5826831459999084, 0.6057088375091553, 0.6150333285331726, 0.6357754468917847, 0.7522359490394592, 0.7170314192771912, 0.7872502207756042, 0.824548065662384, 0.808372974395752, 0.8007611632347107, 0.8097050189971924, 0.8091341853141785, 0.6667935252189636, 0.6426260471343994, 0.6226450800895691, 0.6422454714775085, 0.6601331830024719, 0.7389153242111206, 0.7411988377571106, 0.6216936111450195, 0.6793529987335205, 0.7086583971977234, 0.7337773442268372, 0.6142721176147461, 0.6312083601951599, 0.6978116035461426, 0.8471931219100952, 0.866222620010376, 0.8835394978523254, 0.8888677358627319, 0.8839200735092163, 0.8848715424537659, 0.8877259492874146, 0.8903900980949402, 0.8903900980949402, 0.8879162669181824, 0.8882968425750732, 0.8903900980949402, 0.8888677358627319, 0.8938153982162476, 0.8871551156044006, 0.8856327533721924, 0.8953377604484558, 0.8919124603271484, 0.7124643325805664, 0.705042839050293, 0.7061845660209656, 0.7427211999893188, 0.857849657535553, 0.8728829622268677, 0.8882968425750732, 0.8879162669181824, 0.8949571847915649, 0.8947668671607971, 0.8913415670394897, 0.8882968425750732, 0.8938153982162476, 0.8801141977310181, 0.8951475024223328] 
Validation f1 history = [0.5951297879219055, 0.6423701047897339, 0.610470712184906, 0.6766504049301147, 0.7934252023696899, 0.7503516674041748, 0.8194803595542908, 0.5826297998428345, 0.606222927570343, 0.615503191947937, 0.6354707479476929, 0.7513797879219055, 0.7156655788421631, 0.7855518460273743, 0.8233494758605957, 0.8079273700714111, 0.7989988327026367, 0.808576762676239, 0.8086849451065063, 0.6670183539390564, 0.6422889232635498, 0.622402548789978, 0.6425865292549133, 0.6597131490707397, 0.7374458312988281, 0.7410714030265808, 0.6214555501937866, 0.6788419485092163, 0.707332193851471, 0.7323322296142578, 0.6140692234039307, 0.6309252381324768, 0.6972131729125977, 0.8465636968612671, 0.8655031323432922, 0.882737934589386, 0.8880410194396973, 0.8831167221069336, 0.884063720703125, 0.8869046568870544, 0.8895561695098877, 0.8895561695098877, 0.8870940208435059, 0.8874728083610535, 0.8895561695098877, 0.8880410194396973, 0.8936417102813721, 0.8870128989219666, 0.8854977488517761, 0.8944804072380066, 0.8910713195800781, 0.7117964625358582, 0.7044101357460022, 0.7062228918075562, 0.7419100999832153, 0.8571698069572449, 0.872131884098053, 0.8874728083610535, 0.8870940208435059, 0.894101619720459, 0.8939121961593628, 0.8911795616149902, 0.8874728083610535, 0.8936417102813721, 0.8806817531585693, 0.8949674367904663] 
--- 
Radius of the CI = 0.005241560859523638 
True classification of the model is likely between 0.8897877455522195 and 0.9002708672712668 
--- 
Test accuracy = 0.8950293064117432 
Confusion matrix (0 | 1) = 
 [[5822  766]
 [ 613 5936]] 
--- 
