This file contains information about the lstm model 
Analysis directory = C:\Users\cdetr\Documents\GitHub\nomics\nomics-AI/data/task1/analysis 
--- 
Segmentation value = 120.0 
Downsampling value = 1.0 
Signal frequency = 1.0 Hz 
Batch size = 32 
Sliding window = 0 
Center of interest = 60 
Data balancing = 1 
--- 
Log time = 23-06-2022 20-21-06 
--- 
Num of epochs = 100, early stop after 46 epochs 
Epochs training computation time history (in sec) = [16.375000476837158, 12.760000467300415, 12.551000833511353, 12.422999382019043, 12.493000030517578, 12.016001462936401, 12.320006847381592, 12.324995040893555, 12.183000087738037, 12.213000297546387, 12.21399998664856, 12.178000926971436, 12.193000555038452, 12.398000478744507, 12.346000671386719, 12.405999422073364, 12.365986585617065, 12.898996591567993, 12.80300235748291, 12.676998376846313, 12.499998807907104, 12.639995574951172, 12.363999605178833, 12.344015836715698, 11.86799669265747, 12.425002098083496, 12.900002241134644, 12.344001054763794, 12.813998460769653, 12.693997859954834, 12.826000213623047, 12.814000368118286, 12.966001510620117, 13.141002178192139, 12.542000532150269, 12.422000408172607, 12.308000564575195, 12.844001770019531, 13.37399959564209, 12.777013778686523, 11.929999113082886, 12.19100832939148, 12.071547031402588, 12.401000738143921, 12.345038652420044, 12.34601616859436] 
Epochs training computation time mean (in sec) = 12.572405001391536 
--- 
Training loss history = [0.10805495828390121, 0.06503254920244217, 0.04874502867460251, 0.04204573482275009, 0.03493303433060646, 0.03205220401287079, 0.03470432385802269, 0.026809021830558777, 0.024937031790614128, 0.026104014366865158, 0.022329064086079597, 0.02320115454494953, 0.021627146750688553, 0.020354123786091805, 0.022148296236991882, 0.01947157084941864, 0.020077096298336983, 0.021624477580189705, 0.019345976412296295, 0.01900142803788185, 0.01879183202981949, 0.01655520498752594, 0.017454499378800392, 0.017847932875156403, 0.018914636224508286, 0.015106990933418274, 0.018586374819278717, 0.01640351302921772, 0.015258276835083961, 0.016132518649101257, 0.016543805599212646, 0.01738659478724003, 0.015382478013634682, 0.01556459628045559, 0.016153577715158463, 0.01673872023820877, 0.01674303598701954, 0.01303516048938036, 0.016659053042531013, 0.015939433127641678, 0.013700015842914581, 0.014483153820037842, 0.015053133480250835, 0.014521917328238487, 0.014563924632966518, 0.01273963414132595] 
Training accuracy history = [0.9577152729034424, 0.9754027724266052, 0.9788951873779297, 0.9831386804580688, 0.9872695207595825, 0.9888467192649841, 0.9887716174125671, 0.990837037563324, 0.9921138882637024, 0.9917758703231812, 0.993841290473938, 0.993315577507019, 0.9937286376953125, 0.9941041469573975, 0.9931277632713318, 0.9941792488098145, 0.9945172667503357, 0.9940290451049805, 0.9944797158241272, 0.9948552250862122, 0.9943670630455017, 0.9944046139717102, 0.9947801232337952, 0.9947801232337952, 0.9948176741600037, 0.9961320161819458, 0.9949303269386292, 0.9955687522888184, 0.9960569143295288, 0.9955312013626099, 0.9954560995101929, 0.9949678778648376, 0.9956814050674438, 0.9955687522888184, 0.9954936504364014, 0.9949678778648376, 0.9951931834220886, 0.9958691596984863, 0.9950805306434631, 0.9946674704551697, 0.9958316087722778, 0.9960569143295288, 0.9957565069198608, 0.9957565069198608, 0.9959067106246948, 0.996470034122467] 
Training f1 history = [0.9577581286430359, 0.9754276871681213, 0.978916585445404, 0.9831557869911194, 0.987282395362854, 0.9888580441474915, 0.9887830018997192, 0.9908463358879089, 0.9921218752861023, 0.9915816187858582, 0.9938475489616394, 0.9933223128318787, 0.9937350153923035, 0.9941101670265198, 0.9931347370147705, 0.9941851496696472, 0.9945228099822998, 0.9940351247787476, 0.9944853186607361, 0.9948604702949524, 0.9943727254867554, 0.9944102764129639, 0.9947854280471802, 0.9947854280471802, 0.9946203231811523, 0.996135950088501, 0.9949354529380798, 0.9955732226371765, 0.9960609078407288, 0.9955357313156128, 0.9954606890678406, 0.9949730038642883, 0.9956857562065125, 0.9955732226371765, 0.9954981803894043, 0.9949730038642883, 0.9951980710029602, 0.9958733320236206, 0.9950855374336243, 0.9946728944778442, 0.9958358407020569, 0.9960609078407288, 0.9957607984542847, 0.9957607984542847, 0.9959108829498291, 0.9964736104011536] 
--- 
Validation loss history = [0.046468786895275116, 0.0396224670112133, 0.02762361615896225, 0.021074188873171806, 0.023067854344844818, 0.019735261797904968, 0.017427168786525726, 0.02170168235898018, 0.024663999676704407, 0.013722613453865051, 0.017280355095863342, 0.013185841031372547, 0.0143712367862463, 0.011802048422396183, 0.016654690727591515, 0.017540043219923973, 0.019672323018312454, 0.015229109674692154, 0.011934882961213589, 0.012620622292160988, 0.034091588109731674, 0.015250771306455135, 0.015163418836891651, 0.011117063462734222, 0.012614348903298378, 0.00879766047000885, 0.009538507089018822, 0.010343458503484726, 0.016045719385147095, 0.012714775279164314, 0.011776650324463844, 0.00925810169428587, 0.011680861935019493, 0.06287188082933426, 0.011328655295073986, 0.011095150373876095, 0.00914096087217331, 0.020852722227573395, 0.009451325051486492, 0.01149249542504549, 0.014318613335490227, 0.010142014361917973, 0.010445833206176758, 0.008269811980426311, 0.008499649353325367, 0.00808938592672348] 
Validation accuracy history = [0.9803987741470337, 0.9810746908187866, 0.9935789108276367, 0.9935789108276367, 0.9918891787528992, 0.9932409524917603, 0.9915512204170227, 0.9915512204170227, 0.9898614287376404, 0.9972963929176331, 0.9952686429023743, 0.9942548274993896, 0.9952686429023743, 0.9969584345817566, 0.9945927858352661, 0.9952686429023743, 0.9925650358200073, 0.9942548274993896, 0.9966204762458801, 0.9969584345817566, 0.9918891787528992, 0.9952686429023743, 0.9959445595741272, 0.9972963929176331, 0.9962825179100037, 0.997972309589386, 0.997972309589386, 0.9976343512535095, 0.9945927858352661, 0.9972963929176331, 0.9966204762458801, 0.9972963929176331, 0.9972963929176331, 0.9942548274993896, 0.9969584345817566, 0.9972963929176331, 0.9969584345817566, 0.9939168691635132, 0.9972963929176331, 0.9959445595741272, 0.9952686429023743, 0.9972963929176331, 0.9972963929176331, 0.9983102679252625, 0.9972963929176331, 0.9986481666564941] 
Validation f1 history = [0.9805107712745667, 0.9811828136444092, 0.9936155676841736, 0.9936155676841736, 0.9919354915618896, 0.9932795763015747, 0.991599440574646, 0.991599440574646, 0.9899193644523621, 0.9973118305206299, 0.9952957034111023, 0.9942876100540161, 0.9952957034111023, 0.9969757795333862, 0.9946236610412598, 0.9952957034111023, 0.9926075339317322, 0.9942876100540161, 0.9966397881507874, 0.9969757795333862, 0.9919354915618896, 0.9952957034111023, 0.9959677457809448, 0.9973118305206299, 0.9963037371635437, 0.9979838728904724, 0.9979838728904724, 0.9976478219032288, 0.9946236610412598, 0.9973118305206299, 0.9966397881507874, 0.9973118305206299, 0.9973118305206299, 0.9942876100540161, 0.9969757795333862, 0.9973118305206299, 0.9969757795333862, 0.9939516186714172, 0.9973118305206299, 0.9959677457809448, 0.9952957034111023, 0.9973118305206299, 0.9973118305206299, 0.9983198642730713, 0.9973118305206299, 0.9986559152603149] 
--- 
Radius of the CI = 0.0015185505463801972 
True classification of the model is likely between 0.9940207570479191 and 0.9970578581406795 
--- 
Test accuracy = 0.9955393075942993 
Confusion matrix (0 | 1) = 
 [[3675   15]
 [  18 3690]] 
--- 
