This file contains information about the lstm model 
Analysis directory = C:\Users\cdetr\Documents\GitHub\nomics\jawac_processing_nomics/data/valid_invalid_analysis 
--- 
Segmentation value = 120.0 
Downsampling value = 1.0 
Signal frequency = 1.0 Hz 
Batch size = 16 
Standard scale = 0 
Stateful = 0 
Sliding window = 0 
Center of interest = 10 
Full sequence = 0 
Return sequences = 0 
Data balancing = 0 
--- 
Log time = 18-04-2022 08-48-45 
--- 
Num of epochs = 100, early stop after 51 epochs 
Epochs training computation time history (in sec) = [20.25999164581299, 17.385003566741943, 17.78499960899353, 17.448997974395752, 17.263000965118408, 17.24800205230713, 17.739999532699585, 17.633999347686768, 18.070999145507812, 18.15399932861328, 18.089001178741455, 17.420001745224, 16.794001579284668, 17.19100046157837, 18.094999313354492, 17.872998476028442, 17.902002096176147, 17.562000036239624, 17.283000230789185, 17.6270010471344, 17.972989082336426, 18.100982427597046, 18.128995180130005, 17.56799817085266, 17.19500231742859, 17.729997873306274, 17.975996494293213, 17.57799744606018, 17.808990240097046, 17.84499979019165, 18.243997812271118, 18.58700156211853, 18.214998483657837, 18.37900137901306, 18.22799825668335, 17.976999044418335, 18.634998083114624, 19.067006826400757, 17.995959997177124, 17.680001258850098, 17.443000555038452, 17.36599850654602, 18.11500382423401, 17.427000522613525, 18.287992477416992, 18.46800136566162, 18.827996492385864, 18.869995594024658, 18.575002908706665, 18.47399878501892, 17.98898458480835] 
Epochs training computation time mean (in sec) = 17.952546797546685 
--- 
Training loss history = [0.10151299089193344, 0.06875275075435638, 0.054220374673604965, 0.04835336282849312, 0.040282223373651505, 0.03487667068839073, 0.02882184088230133, 0.02868213877081871, 0.02554025687277317, 0.02659483812749386, 0.02677025832235813, 0.024367358535528183, 0.023122837767004967, 0.022758005186915398, 0.02218036726117134, 0.024728987365961075, 0.02546829916536808, 0.022237202152609825, 0.021956145763397217, 0.018866006284952164, 0.02187741920351982, 0.018641391769051552, 0.020368222147226334, 0.019411003217101097, 0.01915079541504383, 0.019393721595406532, 0.017341045662760735, 0.020427437499165535, 0.019580768421292305, 0.018976163119077682, 0.018984738737344742, 0.01916934922337532, 0.019330855458974838, 0.02241203561425209, 0.017452025786042213, 0.018197406083345413, 0.018322451040148735, 0.017680872231721878, 0.01479920744895935, 0.01632564701139927, 0.017683643847703934, 0.014638470485806465, 0.016964683309197426, 0.017465515062212944, 0.016031591221690178, 0.015497601591050625, 0.015072855167090893, 0.01753365993499756, 0.016230814158916473, 0.01554691232740879, 0.016871009021997452] 
Training accuracy history = [0.9623016119003296, 0.9720155596733093, 0.9791666865348816, 0.9821841716766357, 0.9851190447807312, 0.9876405596733093, 0.9906994104385376, 0.9906580448150635, 0.9916087985038757, 0.9914434552192688, 0.9915261268615723, 0.9924355149269104, 0.9928488731384277, 0.9928902387619019, 0.9933449029922485, 0.9927248954772949, 0.991815447807312, 0.9929729104042053, 0.9933449029922485, 0.9941303133964539, 0.9936755895614624, 0.9937582612037659, 0.9936755895614624, 0.9938822984695435, 0.9940476417541504, 0.9941716194152832, 0.9942129850387573, 0.99379962682724, 0.9938409328460693, 0.9939649701118469, 0.994667649269104, 0.9939649701118469, 0.9942129850387573, 0.9928075671195984, 0.9941303133964539, 0.9937169551849365, 0.9940476417541504, 0.9944196343421936, 0.9954943656921387, 0.9949156641960144, 0.9954943656921387, 0.9953290224075317, 0.9951636791229248, 0.9948329925537109, 0.9952050447463989, 0.9954116940498352, 0.9954116940498352, 0.9948743581771851, 0.9948743581771851, 0.9956597089767456, 0.9949156641960144] 
Training f1 history = [0.9623016119003296, 0.9720155596733093, 0.9791666865348816, 0.9821841716766357, 0.9851190447807312, 0.9876405596733093, 0.9906994104385376, 0.9906580448150635, 0.9916087985038757, 0.9914434552192688, 0.9915261268615723, 0.9924355149269104, 0.9928488731384277, 0.9928902387619019, 0.9933449029922485, 0.9927248954772949, 0.991815447807312, 0.9929729104042053, 0.9933449029922485, 0.9941303133964539, 0.9936755895614624, 0.9937582612037659, 0.9936755895614624, 0.9938822984695435, 0.9940476417541504, 0.9941716194152832, 0.9942129850387573, 0.99379962682724, 0.9938409328460693, 0.9939649701118469, 0.994667649269104, 0.9939649701118469, 0.9942129850387573, 0.9928075671195984, 0.9941303133964539, 0.9937169551849365, 0.9940476417541504, 0.9944196343421936, 0.9954943656921387, 0.9949156641960144, 0.9954943656921387, 0.9953290224075317, 0.9951636791229248, 0.9948329925537109, 0.9952050447463989, 0.9954116940498352, 0.9954116940498352, 0.9948743581771851, 0.9948743581771851, 0.9956597089767456, 0.9949156641960144] 
--- 
Validation loss history = [0.05668548122048378, 0.05715007334947586, 0.036962419748306274, 0.03154261037707329, 0.03253251314163208, 0.02582227624952793, 0.019502518698573112, 0.023343654349446297, 0.02584201470017433, 0.021561486646533012, 0.01792111061513424, 0.01712409034371376, 0.017520347610116005, 0.01887901872396469, 0.022959504276514053, 0.05277041718363762, 0.017948439344763756, 0.018655162304639816, 0.01700579933822155, 0.017175208777189255, 0.016528988257050514, 0.01809232495725155, 0.01891590841114521, 0.022712625563144684, 0.01718924008309841, 0.01578042283654213, 0.023814482614398003, 0.017561588436365128, 0.022601598873734474, 0.019571607932448387, 0.014051169157028198, 0.025398725643754005, 0.018391842022538185, 0.01698916405439377, 0.018110595643520355, 0.016620509326457977, 0.02035159058868885, 0.02263643592596054, 0.021629242226481438, 0.018466969951987267, 0.01674158312380314, 0.021024147048592567, 0.018698675557971, 0.01935325190424919, 0.021074026823043823, 0.025441164150834084, 0.026147058233618736, 0.021205076947808266, 0.026321878656744957, 0.02015002816915512, 0.01478003989905119] 
Validation accuracy history = [0.9780505895614624, 0.976190447807312, 0.9810267686843872, 0.9899553656578064, 0.9895833134651184, 0.992559552192688, 0.9940476417541504, 0.9914434552192688, 0.9873511791229248, 0.9929315447807312, 0.9944196343421936, 0.9929315447807312, 0.9944196343421936, 0.9933035969734192, 0.9944196343421936, 0.9862351417541504, 0.9929315447807312, 0.9936755895614624, 0.9955357313156128, 0.9951636791229248, 0.9944196343421936, 0.9947916865348816, 0.9929315447807312, 0.9899553656578064, 0.9951636791229248, 0.9947916865348816, 0.9936755895614624, 0.9947916865348816, 0.9933035969734192, 0.9929315447807312, 0.995907723903656, 0.9933035969734192, 0.9951636791229248, 0.9944196343421936, 0.9951636791229248, 0.9936755895614624, 0.9944196343421936, 0.9947916865348816, 0.9944196343421936, 0.9940476417541504, 0.9955357313156128, 0.9947916865348816, 0.9955357313156128, 0.9955357313156128, 0.9947916865348816, 0.9940476417541504, 0.9936755895614624, 0.9940476417541504, 0.992559552192688, 0.9936755895614624, 0.995907723903656] 
Validation f1 history = [0.9780505895614624, 0.976190447807312, 0.9810267686843872, 0.9899553656578064, 0.9895833134651184, 0.992559552192688, 0.9940476417541504, 0.9914434552192688, 0.9873511791229248, 0.9929315447807312, 0.9944196343421936, 0.9929315447807312, 0.9944196343421936, 0.9933035969734192, 0.9944196343421936, 0.9862351417541504, 0.9929315447807312, 0.9936755895614624, 0.9955357313156128, 0.9951636791229248, 0.9944196343421936, 0.9947916865348816, 0.9929315447807312, 0.9899553656578064, 0.9951636791229248, 0.9947916865348816, 0.9936755895614624, 0.9947916865348816, 0.9933035969734192, 0.9929315447807312, 0.995907723903656, 0.9933035969734192, 0.9951636791229248, 0.9944196343421936, 0.9951636791229248, 0.9936755895614624, 0.9944196343421936, 0.9947916865348816, 0.9944196343421936, 0.9940476417541504, 0.9955357313156128, 0.9947916865348816, 0.9955357313156128, 0.9955357313156128, 0.9947916865348816, 0.9940476417541504, 0.9936755895614624, 0.9940476417541504, 0.992559552192688, 0.9936755895614624, 0.995907723903656] 
--- 
Radius of the CI = 0.0017210205882154362 
True classification of the model is likely between 0.9930706659466662 and 0.996512707123097 
--- 
Test accuracy = 0.9947916865348816 
Confusion matrix (0 | 1) = 
 [[3057   29]
 [   6 3628]] 
--- 
