This file contains information about the lstm model 
--- 
Num of classes = 2 
Segmentation value = 1.0 
Downsampling value = 1.0 
Signal resolution = 1.0 
--- 
Is balanced = unbalanced 
Model type = binary 
--- 
Num of epochs = 50 
Epochs training computation time (in sec) = [26.66932487487793, 24.83960795402527, 25.58449125289917, 25.638434886932373, 26.67302107810974, 26.578105688095093, 25.749089002609253, 26.46676278114319, 25.132444381713867, 25.66150426864624, 29.565852165222168, 27.437363386154175, 28.179115533828735, 28.21326231956482, 28.6774480342865, 29.318932056427002, 31.951743364334106, 31.223299503326416, 30.524012804031372, 31.547781705856323, 29.927854537963867, 28.656205654144287, 29.446880102157593, 29.725571393966675, 29.78571581840515, 29.354971885681152, 30.81318998336792, 29.905354976654053, 29.52498722076416, 30.648167610168457, 30.45028042793274, 30.76602602005005, 28.856778144836426, 30.610387086868286, 30.269797801971436, 30.921535968780518, 30.853503465652466, 29.914339303970337, 30.623666524887085, 31.458659172058105, 30.20944046974182, 30.257535934448242, 30.436020851135254, 31.24207830429077, 30.075294017791748, 30.75124430656433, 31.737026929855347, 30.608042240142822, 30.76296043395996, 31.70974349975586] 
Epochs training computation time mean (in sec) = 29.318697142601014 
--- 
Training accuracy history = [0.9681100249290466, 0.9746825695037842, 0.9762073755264282, 0.9778110980987549, 0.9783368706703186, 0.9806504249572754, 0.9770223498344421, 0.978126585483551, 0.978915274143219, 0.9784420728683472, 0.9812288284301758, 0.9813339710235596, 0.9825959205627441, 0.9831216931343079, 0.9820175170898438, 0.9820700883865356, 0.9835160374641418, 0.9826222062110901, 0.9837000966072083, 0.9836475253105164, 0.9859610199928284, 0.9878013730049133, 0.9878802299499512, 0.9885112047195435, 0.9893524646759033, 0.9893787503242493, 0.9856192469596863, 0.9867760539054871, 0.9911139011383057, 0.9908773303031921, 0.99053555727005, 0.9911664724349976, 0.9918237328529358, 0.992901623249054, 0.9924284219741821, 0.9927439093589783, 0.9926650524139404, 0.9925598502159119, 0.9914293885231018, 0.9896416664123535, 0.9886163473129272, 0.9922969937324524, 0.9910876154899597, 0.9911927580833435, 0.992875337600708, 0.992875337600708, 0.9915345311164856, 0.9919026494026184, 0.9864605665206909, 0.9915871620178223] 
Training f1 score history = [0.9680521488189697, 0.9743682146072388, 0.9763864278793335, 0.9776943922042847, 0.9783881306648254, 0.9805532693862915, 0.9771586060523987, 0.9780462384223938, 0.9788724780082703, 0.978527843952179, 0.9813677072525024, 0.9814528226852417, 0.982621431350708, 0.9831286072731018, 0.9819707870483398, 0.9820185899734497, 0.9834494590759277, 0.9825841784477234, 0.9836259484291077, 0.9837167859077454, 0.9859638810157776, 0.9878145456314087, 0.987866997718811, 0.9885387420654297, 0.9893810153007507, 0.9893926978111267, 0.9855508208274841, 0.9867911338806152, 0.9911027550697327, 0.9908398985862732, 0.9905253052711487, 0.9911561012268066, 0.991798996925354, 0.9928903579711914, 0.9924185276031494, 0.9927447438240051, 0.9926658272743225, 0.9925490617752075, 0.9914189577102661, 0.9896345138549805, 0.988618016242981, 0.9923121333122253, 0.9911152720451355, 0.9912078380584717, 0.9928644895553589, 0.9928365349769592, 0.9915366172790527, 0.9919041395187378, 0.9864632487297058, 0.9915895462036133] 
Training loss history = [0.09459668397903442, 0.06664212048053741, 0.05847116932272911, 0.047035399824380875, 0.04899446293711662, 0.04663882404565811, 0.0467391274869442, 0.044742174446582794, 0.04853186756372452, 0.04823244363069534, 0.04087512940168381, 0.04120034724473953, 0.03825844079256058, 0.03663218766450882, 0.047253552824258804, 0.03871690854430199, 0.037318456918001175, 0.03738348186016083, 0.036876875907182693, 0.03509100154042244, 0.0337044782936573, 0.03257161006331444, 0.031176377087831497, 0.030827311798930168, 0.0286114402115345, 0.028558677062392235, 0.03152819350361824, 0.031313586980104446, 0.025200866162776947, 0.024341857060790062, 0.025795239955186844, 0.02518133446574211, 0.022708741948008537, 0.021368345245718956, 0.02139052376151085, 0.020977577194571495, 0.020788686349987984, 0.022589273750782013, 0.02382362075150013, 0.02790202759206295, 0.026247331872582436, 0.022268353030085564, 0.024834655225276947, 0.025922561064362526, 0.019193030893802643, 0.019454309716820717, 0.023332370445132256, 0.023100784048438072, 0.02898320183157921, 0.02261749655008316] 
--- 
Validation accuracy history = [0.9817837476730347, 0.9768157005310059, 0.9808374643325806, 0.9779985547065735, 0.9787083268165588, 0.9796546101570129, 0.9813106060028076, 0.9832032322883606, 0.9808374643325806, 0.9832032322883606, 0.9850957989692688, 0.9841495156288147, 0.9839129447937012, 0.9810740351676941, 0.9865152835845947, 0.9794180393218994, 0.9836763739585876, 0.9872249960899353, 0.9822569489479065, 0.9905370473861694, 0.9829666614532471, 0.9867518544197083, 0.9822569489479065, 0.990773618221283, 0.9924296140670776, 0.9829666614532471, 0.9884078502655029, 0.9910101890563965, 0.9905370473861694, 0.9940856695175171, 0.99124675989151, 0.99124675989151, 0.9929027557373047, 0.990773618221283, 0.9891175627708435, 0.9947953820228577, 0.9929027557373047, 0.9940856695175171, 0.99124675989151, 0.9895907044410706, 0.9900638461112976, 0.9938490390777588, 0.9931393265724182, 0.9933758974075317, 0.9950319528579712, 0.9903004765510559, 0.990773618221283, 0.9881712794303894, 0.9815471768379211, 0.9926661849021912] 
Validation f1 score history = [0.9819079041481018, 0.9769737124443054, 0.9808559417724609, 0.9782750606536865, 0.9789652228355408, 0.9813780784606934, 0.9814379811286926, 0.9833176732063293, 0.9811055064201355, 0.9834294319152832, 0.9849511384963989, 0.9842575192451477, 0.9841344356536865, 0.981203019618988, 0.9866071343421936, 0.9794461727142334, 0.9837875962257385, 0.9873120188713074, 0.9822583794593811, 0.9906014800071716, 0.9830827116966248, 0.9868420958518982, 0.982377827167511, 0.9908364415168762, 0.9924812316894531, 0.9830827116966248, 0.9870395660400391, 0.9909483194351196, 0.9906014800071716, 0.9941259622573853, 0.9913063645362854, 0.9911870956420898, 0.9929511547088623, 0.9908364415168762, 0.9891917109489441, 0.994830846786499, 0.9929511547088623, 0.9941259622573853, 0.9913063645362854, 0.9896616339683533, 0.9901315569877625, 0.9938910007476807, 0.9931861162185669, 0.9934210777282715, 0.9950658082962036, 0.990366518497467, 0.9908364415168762, 0.9882518649101257, 0.9816729426383972, 0.9927161931991577] 
Validation loss history = [0.04843292012810707, 0.07800936698913574, 0.04767373204231262, 0.03923662379384041, 0.040971752256155014, 0.049898628145456314, 0.04109925031661987, 0.03828895464539528, 0.04437009617686272, 0.03703242912888527, 0.040210310369729996, 0.03306999430060387, 0.03391243517398834, 0.037060271948575974, 0.0370851568877697, 0.041515421122312546, 0.04047767445445061, 0.030645951628684998, 0.043546926230192184, 0.028943829238414764, 0.038243282586336136, 0.026957102119922638, 0.033057644963264465, 0.026784582063555717, 0.019723227247595787, 0.03649617359042168, 0.030483486130833626, 0.025998607277870178, 0.020501689985394478, 0.01740466058254242, 0.025347920134663582, 0.020695315673947334, 0.021153172478079796, 0.0200546495616436, 0.019963815808296204, 0.016983959823846817, 0.016083545982837677, 0.018570104613900185, 0.024457281455397606, 0.030698586255311966, 0.02622201479971409, 0.01615573838353157, 0.018763484433293343, 0.020295169204473495, 0.01472125668078661, 0.01894393377006054, 0.03203023597598076, 0.03084423579275608, 0.03192511945962906, 0.01957002840936184] 
--- 
Radius of the CI = 0.0015247491267979345 
True classification of the model is likely between 0.9920394989582241 and 0.9950889972118199 
Lower bound model classification accuracy = 0.9920395433438427 
Upper bound model classification accuracy = 0.9950889821151767 
--- 
Test accuracy = 0.993564248085022 
Confusion matrix (invalid | valid) = 
 [[4774   32]
 [  36 5724]] 
--- 
