This file contains information about the lstm model 
Analysis directory = /home/ckemdetry/Documents/Nomics/thesis_nomics/data/awake_sleep_analysis 
--- 
Segmentation value = 1.0 
Downsampling value = 1.0 
Signal frequency = 1.0 Hz 
Batch size = 32 
Standard scale = 0 
Stateful = 0 
Sliding window = 1 
Data balancing = 0 
--- 
Log time = 28-01-2022 12-34-53 
--- 
Num of epochs = 50 
Epochs training computation time history (in sec) = [85.60512018203735, 83.58160853385925, 86.73388004302979, 84.25619769096375, 89.63507747650146, 88.24814558029175, 86.10347533226013, 85.56332802772522, 90.80225324630737, 89.64867520332336, 86.34007930755615, 87.58174276351929, 87.80109667778015, 89.79551839828491, 86.82940697669983, 87.57598209381104, 91.8454852104187, 89.32356429100037, 89.27302622795105, 88.50742101669312, 86.77566957473755, 88.9913387298584, 89.12420725822449, 85.10601234436035, 94.08403515815735, 89.76210498809814, 91.40150475502014, 84.21092176437378, 88.99952578544617, 91.72758936882019, 90.07315063476562, 85.34828639030457, 86.75223350524902, 90.86899280548096, 88.14071345329285, 91.07782244682312, 89.0464026927948, 89.24340772628784, 90.87676811218262, 106.45424604415894, 106.21850538253784, 103.63877701759338, 104.3889434337616, 101.5059187412262, 106.31258654594421, 104.77495431900024, 105.13741564750671, 107.04145646095276, 100.9038417339325, 101.1330451965332] 
Epochs training computation time mean (in sec) = 91.88342924594879 
--- 
Training accuracy history = [0.7727210521697998, 0.7984616756439209, 0.8069606423377991, 0.8071891069412231, 0.8239128589630127, 0.8392201662063599, 0.8538115620613098, 0.8469728231430054, 0.8474297523498535, 0.8259538412094116, 0.8535830974578857, 0.8603609800338745, 0.8656461834907532, 0.8717843294143677, 0.8775569200515747, 0.873657763004303, 0.8793085217475891, 0.8848069310188293, 0.890823245048523, 0.8938694596290588, 0.8949052095413208, 0.8982712626457214, 0.9016678333282471, 0.9029472470283508, 0.9040895700454712, 0.9061610102653503, 0.9032518267631531, 0.9033432602882385, 0.9030842781066895, 0.9066635966300964, 0.9065265655517578, 0.9047445058822632, 0.9075317978858948, 0.9026273488998413, 0.9080496430397034, 0.9096032381057739, 0.9103038907051086, 0.8462265133857727, 0.8198156952857971, 0.8537049889564514, 0.8930469751358032, 0.9016525745391846, 0.9041809439659119, 0.9056279063224792, 0.9071510434150696, 0.9092985987663269, 0.9092376828193665, 0.9101058840751648, 0.9091615080833435, 0.9112329483032227] 
Training loss history = [0.5025745034217834, 0.4466971158981323, 0.4381375014781952, 0.43193164467811584, 0.4026319682598114, 0.3905884921550751, 0.37930992245674133, 0.3880332112312317, 0.3821474015712738, 0.4083302319049835, 0.3678349256515503, 0.3588235378265381, 0.3446752727031708, 0.3341940641403198, 0.32244983315467834, 0.3217853307723999, 0.3109578788280487, 0.293538361787796, 0.2829560339450836, 0.2724713087081909, 0.26815396547317505, 0.25986433029174805, 0.25335344672203064, 0.2501019239425659, 0.2474440038204193, 0.2423364222049713, 0.2505975067615509, 0.24990572035312653, 0.250832736492157, 0.240957111120224, 0.23943325877189636, 0.243875652551651, 0.23860175907611847, 0.2509956955909729, 0.2371516227722168, 0.23363563418388367, 0.23112592101097107, 0.3653319776058197, 0.41816917061805725, 0.36179208755493164, 0.2659546136856079, 0.2427259087562561, 0.23888030648231506, 0.2341921478509903, 0.23015208542346954, 0.22629468142986298, 0.22542668879032135, 0.22762832045555115, 0.2275107055902481, 0.22250592708587646] 
--- 
Validation accuracy history = [0.7709389925003052, 0.8270047903060913, 0.8481151461601257, 0.8412611484527588, 0.851953387260437, 0.8527758717536926, 0.8555175065994263, 0.8548320531845093, 0.8577107787132263, 0.8460589647293091, 0.8630568981170654, 0.8671693205833435, 0.8684030175209045, 0.8747087121009827, 0.8825222849845886, 0.8847155570983887, 0.8662097454071045, 0.8915695548057556, 0.8940370082855225, 0.8973269462585449, 0.901713490486145, 0.9000685214996338, 0.9067854881286621, 0.901439368724823, 0.9058259129524231, 0.9077450037002563, 0.9065113067626953, 0.9113091230392456, 0.9023988842964172, 0.9034955501556396, 0.9071967005729675, 0.909527063369751, 0.9119945168495178, 0.909252941608429, 0.91267991065979, 0.9102124571800232, 0.911720335483551, 0.8065798282623291, 0.8387936949729919, 0.8834818601608276, 0.901713490486145, 0.9067854881286621, 0.909527063369751, 0.9041809439659119, 0.9118574261665344, 0.9108978509902954, 0.9108978509902954, 0.911446213722229, 0.9128170013427734, 0.9111720323562622] 
Validation loss history = [0.47501853108406067, 0.4154970645904541, 0.38243362307548523, 0.39590758085250854, 0.3701286315917969, 0.36028921604156494, 0.3493611216545105, 0.3564300835132599, 0.3380280137062073, 0.36579325795173645, 0.33279144763946533, 0.33446717262268066, 0.3262815773487091, 0.30702170729637146, 0.2902311384677887, 0.28510427474975586, 0.32475459575653076, 0.2648738622665405, 0.26262786984443665, 0.254589706659317, 0.24248665571212769, 0.24578747153282166, 0.23661978542804718, 0.25270208716392517, 0.2357858121395111, 0.2317882627248764, 0.23337547481060028, 0.22435878217220306, 0.24979297816753387, 0.25008466839790344, 0.23250199854373932, 0.22935810685157776, 0.22488431632518768, 0.22686831653118134, 0.22023262083530426, 0.22263355553150177, 0.21641473472118378, 0.436053067445755, 0.37095731496810913, 0.28726500272750854, 0.24288389086723328, 0.2250702977180481, 0.21784397959709167, 0.23046313226222992, 0.21410968899726868, 0.22107502818107605, 0.2236897051334381, 0.2206220179796219, 0.21325211226940155, 0.21612349152565002] 
--- 
Radius of the CI = 0.004963393751811613 
True classification of the model is likely between 0.9042334598858837 and 0.914160247389507 
--- 
Test accuracy = 0.9091968536376953 
Confusion matrix (invalid | valid) = 
 [[2263  887]
 [ 282 9442]] 
--- 
