This file contains information about the lstm model 
Analysis directory = C:\Users\cdetr\Documents\GitHub\nomics\jawac_processing_nomics/data/awake_sleep_analysis_update 
--- 
Segmentation value = 180.0 
Downsampling value = 1.0 
Signal frequency = 1.0 Hz 
Batch size = 16 
Standard scale = 0 
Stateful = 0 
Sliding window = 1 
Center of interest = 90 
Full sequence = 0 
Return sequences = 0 
Data balancing = 1 
--- 
Log time = 20-04-2022 11-54-35 
--- 
Num of epochs = 100, early stop after 70 epochs 
Epochs training computation time history (in sec) = [90.59899878501892, 92.42596960067749, 87.77499961853027, 86.99300122261047, 83.26299977302551, 81.63000130653381, 80.04699897766113, 81.0419991016388, 83.74900722503662, 86.44500064849854, 87.64999866485596, 81.81299901008606, 78.70500087738037, 82.49099969863892, 86.09099054336548, 84.16400051116943, 78.23699998855591, 89.44900035858154, 93.90400052070618, 94.52800011634827, 91.57199883460999, 99.00200033187866, 97.09700131416321, 95.50800156593323, 97.2420015335083, 102.07599782943726, 110.20099925994873, 106.701016664505, 95.81498527526855, 99.80899715423584, 93.71700096130371, 108.76253151893616, 111.17299890518188, 101.09500646591187, 106.8451521396637, 112.5499939918518, 109.0956494808197, 117.42399859428406, 108.14899897575378, 103.08100008964539, 114.30201601982117, 100.712970495224, 100.3739902973175, 96.97399878501892, 96.98899912834167, 93.84699821472168, 95.49699878692627, 105.12300109863281, 106.13699960708618, 105.11500144004822, 106.73400473594666, 107.90299701690674, 109.59600138664246, 101.57799935340881, 113.92100071907043, 85.64199566841125, 76.43099904060364, 79.24100399017334, 77.9110004901886, 78.12999987602234, 77.38498902320862, 80.28199696540833, 79.31299209594727, 77.26800084114075, 88.37900137901306, 104.46199941635132, 111.83300375938416, 98.19173216819763, 103.94260811805725, 101.28666424751282] 
Epochs training computation time mean (in sec) = 95.03453230857849 
--- 
Training loss history = [0.6807045936584473, 0.670200765132904, 0.6445213556289673, 0.5221648216247559, 0.4524450898170471, 0.39766329526901245, 0.37055978178977966, 0.34540462493896484, 0.34479421377182007, 0.3418912887573242, 0.34107357263565063, 0.3201521933078766, 0.3157114088535309, 0.3168371617794037, 0.3141632080078125, 0.43434539437294006, 0.44273504614830017, 0.4172089397907257, 0.32519686222076416, 0.31506624817848206, 0.30885049700737, 0.31015974283218384, 0.37385013699531555, 0.4093845784664154, 0.3962263762950897, 0.3841187059879303, 0.3747120201587677, 0.44607847929000854, 0.5076320171356201, 0.4267938733100891, 0.367150217294693, 0.36659014225006104, 0.33140504360198975, 0.30970537662506104, 0.323309063911438, 0.3050922453403473, 0.3002402186393738, 0.2984457314014435, 0.2979804277420044, 0.2937348484992981, 0.29299333691596985, 0.2873249650001526, 0.2859126329421997, 0.2855933606624603, 0.28162893652915955, 0.28094977140426636, 0.2777273952960968, 0.276679128408432, 0.3011631965637207, 0.27717161178588867, 0.279153972864151, 0.2745002508163452, 0.27173078060150146, 0.27758899331092834, 0.27838295698165894, 0.2692790627479553, 0.265053927898407, 0.2687613368034363, 0.2723003923892975, 0.2719482183456421, 0.27355626225471497, 0.2761438190937042, 0.2759447395801544, 0.27641624212265015, 0.2736230492591858, 0.27401110529899597, 0.27723440527915955, 0.27120035886764526, 0.273581326007843, 0.2804029583930969] 
Training accuracy history = [0.5389493107795715, 0.5740782022476196, 0.6260105967521667, 0.7501981258392334, 0.8041279315948486, 0.8331378102302551, 0.8458831310272217, 0.8527630567550659, 0.8533654808998108, 0.852953314781189, 0.8544751405715942, 0.8623695969581604, 0.8633524775505066, 0.8652230501174927, 0.863067090511322, 0.8060936331748962, 0.7836467027664185, 0.8062521815299988, 0.8616086840629578, 0.8662692904472351, 0.8666497468948364, 0.8671570420265198, 0.8333914875984192, 0.8220411539077759, 0.8264797925949097, 0.8311721086502075, 0.8372911214828491, 0.7960115671157837, 0.7477568984031677, 0.8058083057403564, 0.8382740020751953, 0.8295551538467407, 0.8548555970191956, 0.8653815388679504, 0.8615769743919373, 0.8708030581474304, 0.8711201548576355, 0.8714689016342163, 0.8725785613059998, 0.8759075403213501, 0.875241756439209, 0.8761295080184937, 0.8757490515708923, 0.8765416145324707, 0.8769537806510925, 0.878126859664917, 0.88072669506073, 0.8794901967048645, 0.871088445186615, 0.8799974918365479, 0.8801876902580261, 0.8820265531539917, 0.8823752999305725, 0.8819948434829712, 0.8805681467056274, 0.8806315660476685, 0.8838971257209778, 0.8833898901939392, 0.8822168111801147, 0.8813924789428711, 0.8803462386131287, 0.8787292838096619, 0.8803145289421082, 0.880599856376648, 0.8801242709159851, 0.8813290596008301, 0.8776196241378784, 0.8840556740760803, 0.88072669506073, 0.8772708773612976] 
Training f1 history = [0.5388310551643372, 0.5740871429443359, 0.6260712146759033, 0.750215470790863, 0.8041961789131165, 0.8331263065338135, 0.8458671569824219, 0.8527446985244751, 0.8533468842506409, 0.8529348373413086, 0.8544561862945557, 0.8624175190925598, 0.8634000420570374, 0.8652700185775757, 0.8631147742271423, 0.8059520721435547, 0.7836523652076721, 0.8063196539878845, 0.8615174889564514, 0.8663158416748047, 0.8666962385177612, 0.8672033548355103, 0.8334495425224304, 0.8220334649085999, 0.8264705538749695, 0.8312309980392456, 0.8373478055000305, 0.7960129380226135, 0.7478447556495667, 0.8057364821434021, 0.8382605910301208, 0.8295449018478394, 0.8548364639282227, 0.8653587698936462, 0.8616252541542053, 0.8707784414291382, 0.8710256218910217, 0.8715136647224426, 0.8726229667663574, 0.8758811354637146, 0.875215470790863, 0.876172661781311, 0.8757923245429993, 0.8765149116516113, 0.8769270181655884, 0.8780996799468994, 0.8807682394981384, 0.8795322179794312, 0.8710635900497437, 0.8800392746925354, 0.8802294731140137, 0.8820676803588867, 0.8823466300964355, 0.882036030292511, 0.8806098103523254, 0.8806034922599792, 0.8839375972747803, 0.883430540561676, 0.8821881413459778, 0.8814338445663452, 0.8803879022598267, 0.8787715435028076, 0.8803562521934509, 0.8805717825889587, 0.8800963759422302, 0.8813704252243042, 0.8775925636291504, 0.884096086025238, 0.880698561668396, 0.8772439360618591] 
--- 
Validation loss history = [0.6792492270469666, 0.6511095762252808, 0.5770922303199768, 0.47069448232650757, 0.3700293302536011, 0.3578945994377136, 0.3472011983394623, 0.31585365533828735, 0.2995319962501526, 0.3124464452266693, 0.29159480333328247, 0.30479517579078674, 0.2837398946285248, 0.3047727942466736, 0.3048604428768158, 0.45820385217666626, 0.4647093117237091, 0.3276170492172241, 0.292402058839798, 0.291165292263031, 0.30406704545021057, 0.2815670967102051, 0.3902534544467926, 0.3798033595085144, 0.37039780616760254, 0.3500717878341675, 0.3649762272834778, 0.5579792261123657, 0.42070630192756653, 0.38366445899009705, 0.3279508650302887, 0.3495250642299652, 0.2888588011264801, 0.283420205116272, 0.3002864420413971, 0.28526771068573, 0.27574607729911804, 0.2828231751918793, 0.2964722514152527, 0.30591246485710144, 0.27162498235702515, 0.27835237979888916, 0.2702515125274658, 0.27590641379356384, 0.27406615018844604, 0.2665429711341858, 0.2731066346168518, 0.2635926902294159, 0.277452677488327, 0.26096460223197937, 0.27215850353240967, 0.2678889334201813, 0.27651360630989075, 0.26558956503868103, 0.2688484489917755, 0.2654144763946533, 0.26521795988082886, 0.26842162013053894, 0.2738683223724365, 0.27207639813423157, 0.27097415924072266, 0.27301421761512756, 0.2668091058731079, 0.29419249296188354, 0.26878026127815247, 0.2967267334461212, 0.27605441212654114, 0.27059778571128845, 0.3084479570388794, 0.27820253372192383] 
Validation accuracy history = [0.5221112966537476, 0.6002852916717529, 0.7184022665023804, 0.7883024215698242, 0.838231086730957, 0.8573466539382935, 0.8587731719017029, 0.8624821901321411, 0.8747503757476807, 0.86533522605896, 0.8750356435775757, 0.8690442442893982, 0.8681883215904236, 0.8667617440223694, 0.869614839553833, 0.7900142669677734, 0.7757489085197449, 0.8567760586738586, 0.873894453048706, 0.8733237981796265, 0.873894453048706, 0.873894453048706, 0.8293865919113159, 0.8330955505371094, 0.8388017416000366, 0.8467903137207031, 0.8410841822624207, 0.7072753310203552, 0.8088445067405701, 0.8299571871757507, 0.8519258499145508, 0.8319543600082397, 0.869614839553833, 0.8747503757476807, 0.8758915662765503, 0.8730385303497314, 0.8804565072059631, 0.8770328164100647, 0.8758915662765503, 0.8770328164100647, 0.8813124299049377, 0.8784593343734741, 0.8801711797714233, 0.8781740665435791, 0.881027102470398, 0.8838801980018616, 0.8847361207008362, 0.8867332339286804, 0.8776034116744995, 0.8844507932662964, 0.8767474889755249, 0.8841654658317566, 0.8824536204338074, 0.8864479064941406, 0.8835948705673218, 0.885306715965271, 0.8778887391090393, 0.8804565072059631, 0.8781740665435791, 0.8793152570724487, 0.883024275302887, 0.8733237981796265, 0.8807417750358582, 0.8767474889755249, 0.8807417750358582, 0.8624821901321411, 0.8784593343734741, 0.873894453048706, 0.8624821901321411, 0.8733237981796265] 
Validation f1 history = [0.5241476893424988, 0.6019885540008545, 0.7153408527374268, 0.7849431037902832, 0.8389204144477844, 0.8579545617103577, 0.859375, 0.863068163394928, 0.8752840757369995, 0.8659090995788574, 0.8755682110786438, 0.8653408885002136, 0.8644886612892151, 0.863068163394928, 0.8701704740524292, 0.7866476774215698, 0.7724431157112122, 0.8531249761581421, 0.8744317889213562, 0.8696022629737854, 0.8744317889213562, 0.8744317889213562, 0.8301136493682861, 0.8338068127632141, 0.8394885659217834, 0.8474431037902832, 0.8417612910270691, 0.704261302947998, 0.8096590042114258, 0.8264203667640686, 0.8482953906059265, 0.8326703906059265, 0.8701704740524292, 0.8752840161323547, 0.8764204382896423, 0.8735795617103577, 0.8809658885002136, 0.8775568008422852, 0.8764204382896423, 0.8775568008422852, 0.8818181753158569, 0.8747158646583557, 0.8764204382896423, 0.8744317889213562, 0.8815340995788574, 0.8843749761581421, 0.8852272629737854, 0.8872159123420715, 0.8738636374473572, 0.8849431872367859, 0.8772727251052856, 0.8803977370262146, 0.8786931037902832, 0.886931836605072, 0.879829466342926, 0.8815340399742126, 0.8784090280532837, 0.8767045736312866, 0.8744317889213562, 0.8798295259475708, 0.879261314868927, 0.8696022629737854, 0.8769885897636414, 0.8730113506317139, 0.8812500238418579, 0.8588067889213562, 0.8747159242630005, 0.8701704740524292, 0.8588067293167114, 0.8696022033691406] 
--- 
Radius of the CI = 0.006769427983196085 
True classification of the model is likely between 0.8746503498869821 and 0.8881892058533744 
--- 
Test accuracy = 0.8814197778701782 
Confusion matrix (0 | 1) = 
 [[3941  464]
 [ 575 3782]] 
--- 
