This file contains information about the lstm model 
Analysis directory = C:\Users\cdetr\Documents\GitHub\nomics\nomics-AI/data/awake_sleep_analysis 
--- 
Segmentation value = 120.0 
Downsampling value = 1.0 
Signal frequency = 1.0 Hz 
Batch size = 32 
Standard scale = 0 
Stateful = 0 
Sliding window = 1 
Center of interest = 20 
Full sequence = 0 
Return sequences = 0 
Data balancing = 1 
--- 
Log time = 15-05-2022 14-49-15 
--- 
Num of epochs = 100, early stop after 83 epochs 
Epochs training computation time history (in sec) = [58.18899941444397, 54.882999897003174, 55.38400149345398, 53.07600259780884, 53.1829993724823, 56.14399719238281, 58.0819993019104, 57.072999000549316, 56.02399921417236, 55.839998722076416, 56.341997385025024, 54.29400014877319, 54.82599997520447, 56.42799735069275, 56.16799807548523, 54.9300000667572, 56.02500104904175, 55.98799109458923, 56.03100609779358, 58.57500219345093, 55.679999113082886, 55.22001051902771, 52.429999589920044, 56.66399908065796, 55.66800022125244, 54.773003578186035, 56.484999656677246, 56.56000018119812, 53.04700303077698, 56.76599836349487, 55.21899938583374, 56.515997648239136, 54.60299801826477, 51.12600016593933, 52.80299997329712, 56.176000356674194, 57.066999673843384, 59.56299924850464, 54.919999837875366, 54.607001543045044, 55.12000608444214, 55.52799987792969, 54.52099967002869, 56.67099928855896, 55.96500062942505, 55.45598888397217, 54.83400321006775, 53.660998582839966, 58.934998989105225, 57.082998752593994, 55.200000047683716, 55.67699885368347, 55.52299952507019, 57.059000730514526, 53.75399994850159, 56.40999984741211, 55.095999240875244, 54.968000411987305, 55.93699765205383, 56.19499945640564, 56.28599953651428, 55.83599901199341, 53.88700032234192, 55.543999671936035, 55.89500069618225, 55.28099822998047, 54.241997480392456, 54.63199782371521, 55.5639967918396, 57.08200120925903, 55.59800148010254, 53.395999908447266, 54.305999994277954, 58.47499895095825, 55.43500018119812, 53.90899872779846, 54.41599893569946, 55.920998096466064, 55.39099907875061, 56.806997299194336, 54.55900001525879, 54.47799777984619, 53.732999086380005] 
Epochs training computation time mean (in sec) = 55.51378275687436 
--- 
Training loss history = [0.5647709369659424, 0.3645029366016388, 0.34237733483314514, 0.3330283761024475, 0.32418379187583923, 0.3177453577518463, 0.29209110140800476, 0.26915407180786133, 0.2613065838813782, 0.2538716197013855, 0.25889474153518677, 0.24969741702079773, 0.24218983948230743, 0.23511722683906555, 0.23105545341968536, 0.22493819892406464, 0.2185724526643753, 0.2131500393152237, 0.2104506641626358, 0.20708253979682922, 0.20686188340187073, 0.19758084416389465, 0.21369226276874542, 0.217183917760849, 0.2022220343351364, 0.1924019604921341, 0.18716169893741608, 0.18149738013744354, 0.17796668410301208, 0.17471826076507568, 0.24276988208293915, 0.18786421418190002, 0.1713230460882187, 0.16907520592212677, 0.16308631002902985, 0.16046491265296936, 0.1570059359073639, 0.1591767817735672, 0.1487535834312439, 0.14490924775600433, 0.15353193879127502, 0.14097565412521362, 0.14193575084209442, 0.13735951483249664, 0.13532836735248566, 0.13005203008651733, 0.12855882942676544, 0.16546286642551422, 0.47452911734580994, 0.47704020142555237, 0.4399765133857727, 0.3761090040206909, 0.28567612171173096, 0.19872689247131348, 0.14931997656822205, 0.1334817111492157, 0.12807348370552063, 0.12282495200634003, 0.11973722279071808, 0.11768653243780136, 0.13768304884433746, 0.12310469150543213, 0.1155136451125145, 0.10983391106128693, 0.11710576713085175, 0.10950689762830734, 0.10483589768409729, 0.10100144147872925, 0.13979355990886688, 0.5485131144523621, 0.565695583820343, 0.5818564891815186, 0.5565120577812195, 0.561892032623291, 0.5462588667869568, 0.5410913825035095, 0.5369336605072021, 0.5504970550537109, 0.5433341264724731, 0.5258294343948364, 0.494272917509079, 0.46786609292030334, 0.4772202968597412] 
Training accuracy history = [0.6882762908935547, 0.8437262177467346, 0.8520419597625732, 0.8551753163337708, 0.859076201915741, 0.8615617752075195, 0.8755456805229187, 0.8871778845787048, 0.8909519910812378, 0.8948457837104797, 0.8921278715133667, 0.8955287933349609, 0.8981903791427612, 0.9020067453384399, 0.9040980339050293, 0.9067032933235168, 0.9088649749755859, 0.9105689525604248, 0.9121250510215759, 0.9136389493942261, 0.9133079648017883, 0.918152391910553, 0.9100901484489441, 0.908667802810669, 0.9159977436065674, 0.9204126000404358, 0.9221799969673157, 0.9253837466239929, 0.9261301159858704, 0.9279326796531677, 0.8950992822647095, 0.9222996830940247, 0.9299042224884033, 0.9302140474319458, 0.9335023164749146, 0.933903694152832, 0.9356850981712341, 0.9353189468383789, 0.9394170045852661, 0.9415223002433777, 0.937135636806488, 0.9421419501304626, 0.9423179626464844, 0.9443951845169067, 0.9448105692863464, 0.9478594660758972, 0.9485565423965454, 0.9302563071250916, 0.7818617224693298, 0.7763906717300415, 0.8027390241622925, 0.8386846780776978, 0.8794324994087219, 0.9179904460906982, 0.9390508532524109, 0.9456555247306824, 0.9484861493110657, 0.95064777135849, 0.9525278210639954, 0.953654408454895, 0.9454795122146606, 0.9510068893432617, 0.9543303847312927, 0.9563089609146118, 0.9532389640808105, 0.9568229913711548, 0.9586185216903687, 0.959907054901123, 0.9388889074325562, 0.7184199690818787, 0.7043374180793762, 0.693705141544342, 0.7215180993080139, 0.7132164239883423, 0.7309181690216064, 0.7326362729072571, 0.7375087738037109, 0.7268975973129272, 0.7344036102294922, 0.749577522277832, 0.7707787752151489, 0.7896775007247925, 0.7847415804862976] 
Training f1 history = [0.6882883906364441, 0.8437076807022095, 0.8520218133926392, 0.8552038669586182, 0.8591039180755615, 0.8615397810935974, 0.8755208849906921, 0.887200117111206, 0.8909734487533569, 0.8948664665222168, 0.8921491503715515, 0.8955000638961792, 0.8982104063034058, 0.9019768238067627, 0.9040675759315491, 0.9066724181175232, 0.9088828563690186, 0.9105373024940491, 0.9121423959732056, 0.9136559367179871, 0.9133250117301941, 0.9181684851646423, 0.9100092649459839, 0.9086857438087463, 0.9160142540931702, 0.9204283356666565, 0.922195315361023, 0.9253984689712524, 0.9261446595191956, 0.9279468655586243, 0.8951199650764465, 0.9222657084465027, 0.9299180507659912, 0.9301784038543701, 0.9335154294967651, 0.9339166879653931, 0.9356977939605713, 0.9353317022323608, 0.9394289255142212, 0.9415338635444641, 0.9371480345726013, 0.9421533346176147, 0.9423293471336365, 0.9444060921669006, 0.9448214769363403, 0.9478697180747986, 0.9485666751861572, 0.9301714897155762, 0.7818553447723389, 0.7764346599578857, 0.8027285933494568, 0.838716447353363, 0.8794561624526978, 0.9180065989494324, 0.9390628337860107, 0.9456662535667419, 0.9484961628913879, 0.9506575465202332, 0.9525371789932251, 0.9536635279655457, 0.945440948009491, 0.9510165452957153, 0.9543393850326538, 0.9563176035881042, 0.9531989097595215, 0.9568315148353577, 0.9586266875267029, 0.9599149823188782, 0.9388023614883423, 0.7183768153190613, 0.7042970657348633, 0.6936668753623962, 0.7215729355812073, 0.7132236361503601, 0.730872631072998, 0.7325903177261353, 0.7375112175941467, 0.7269514203071594, 0.7344558835029602, 0.7495775818824768, 0.7707746028900146, 0.7896696329116821, 0.7847839593887329] 
--- 
Validation loss history = [0.3907492756843567, 0.3406149744987488, 0.34049373865127563, 0.3300827741622925, 0.3141818642616272, 0.3068980276584625, 0.27254992723464966, 0.2825964689254761, 0.25821059942245483, 0.2569482922554016, 0.2502472400665283, 0.23451653122901917, 0.24543730914592743, 0.24165743589401245, 0.22071468830108643, 0.2190990447998047, 0.2196623682975769, 0.21211376786231995, 0.2130630612373352, 0.20570914447307587, 0.21100465953350067, 0.20121128857135773, 0.2675682604312897, 0.20865289866924286, 0.21560999751091003, 0.1902732402086258, 0.19463464617729187, 0.19784057140350342, 0.19582630693912506, 0.1889258623123169, 0.22991032898426056, 0.19345420598983765, 0.20629918575286865, 0.19059650599956512, 0.18308721482753754, 0.18014995753765106, 0.1963125616312027, 0.1726931780576706, 0.17056237161159515, 0.1753932535648346, 0.18094846606254578, 0.16499336063861847, 0.17083020508289337, 0.17037713527679443, 0.16472400724887848, 0.15297074615955353, 0.1570315808057785, 0.4334518015384674, 0.4588952958583832, 0.44492635130882263, 0.38920193910598755, 0.3214901089668274, 0.22952520847320557, 0.18608908355236053, 0.15703324973583221, 0.15582814812660217, 0.1608772724866867, 0.1585981845855713, 0.15251697599887848, 0.1589229255914688, 0.16452190279960632, 0.1539248526096344, 0.14489078521728516, 0.14399543404579163, 0.16256079077720642, 0.15253378450870514, 0.16329067945480347, 0.14646030962467194, 0.547203779220581, 0.5279472470283508, 0.5522677302360535, 0.5623275637626648, 0.5517538189888, 0.5295258164405823, 0.5366171598434448, 0.500589907169342, 0.5056328177452087, 0.5142520070075989, 0.5062847137451172, 0.4886147677898407, 0.44384533166885376, 0.4468318521976471, 0.45577386021614075] 
Validation accuracy history = [0.8297953009605408, 0.8529244065284729, 0.8438628911972046, 0.8527976870536804, 0.8591343760490417, 0.8609086871147156, 0.8851783871650696, 0.881376326084137, 0.891261637210846, 0.8935428857803345, 0.8967745900154114, 0.9014004468917847, 0.8946834802627563, 0.8998162150382996, 0.9088143706321716, 0.9114758372306824, 0.9062163233757019, 0.9110322594642639, 0.9093213081359863, 0.9152778387069702, 0.9148343205451965, 0.91736900806427, 0.8836575746536255, 0.914644181728363, 0.9099550247192383, 0.9228186011314392, 0.919460117816925, 0.9180026650428772, 0.922121524810791, 0.9218047261238098, 0.9062796831130981, 0.9216145873069763, 0.9167352914810181, 0.9235156178474426, 0.9273176789283752, 0.9261770248413086, 0.9202204942703247, 0.9321335554122925, 0.9323870539665222, 0.9278879761695862, 0.9320701956748962, 0.9359356164932251, 0.9337811470031738, 0.9324504137039185, 0.9323870539665222, 0.9409416317939758, 0.9383435845375061, 0.8019770383834839, 0.7865787744522095, 0.7929155230522156, 0.8286547064781189, 0.8624294996261597, 0.9054559469223022, 0.9245928525924683, 0.9361256957054138, 0.9396743178367615, 0.9398643970489502, 0.9375831484794617, 0.9410683512687683, 0.9390406012535095, 0.9357455372810364, 0.9422723650932312, 0.946074366569519, 0.946391224861145, 0.9354286789894104, 0.9430327415466309, 0.9375831484794617, 0.9446803331375122, 0.7175083756446838, 0.7375958561897278, 0.725365936756134, 0.7252392172813416, 0.7173816561698914, 0.7469108700752258, 0.7237184047698975, 0.7602179646492004, 0.7596476674079895, 0.7498257160186768, 0.7589506506919861, 0.7758697271347046, 0.7962740063667297, 0.8018503189086914, 0.7982383966445923] 
Validation f1 history = [0.8300860524177551, 0.8528339266777039, 0.8437878489494324, 0.8527073860168457, 0.8590332865715027, 0.860804557800293, 0.8853744268417358, 0.8815788626670837, 0.8911057114601135, 0.8933830261230469, 0.8966093063354492, 0.9012271165847778, 0.8945216536521912, 0.8999873399734497, 0.908628523349762, 0.911285400390625, 0.9060348868370056, 0.9108425974845886, 0.9094762206077576, 0.9154225587844849, 0.9149796962738037, 0.9171684384346008, 0.8838562369346619, 0.9147899746894836, 0.909767210483551, 0.9226087927818298, 0.9192560315132141, 0.9181427359580994, 0.9222545623779297, 0.9219382405281067, 0.9064397215843201, 0.9217484593391418, 0.9168775081634521, 0.9236462712287903, 0.9274417757987976, 0.9263031482696533, 0.920356810092926, 0.9322494864463806, 0.9325025081634521, 0.9280111193656921, 0.9321862459182739, 0.9360450506210327, 0.9338942170143127, 0.9325658082962036, 0.9325025081634521, 0.9410424828529358, 0.9384488463401794, 0.8023152351379395, 0.786943256855011, 0.793269157409668, 0.8289473056793213, 0.8626644015312195, 0.9056174159049988, 0.9247216582298279, 0.9362348318099976, 0.9397773146629333, 0.9399670958518982, 0.9376897811889648, 0.941169023513794, 0.9391447305679321, 0.9358552694320679, 0.9423709511756897, 0.9461665153503418, 0.94648277759552, 0.9355388879776001, 0.9431300163269043, 0.9376897811889648, 0.9447748064994812, 0.7176492214202881, 0.7380439639091492, 0.7258349657058716, 0.7253668308258057, 0.7171811461448669, 0.7473430633544922, 0.7238485813140869, 0.7606274485588074, 0.7597165107727051, 0.7502529621124268, 0.7593622803688049, 0.7762524485588074, 0.7966219186782837, 0.8021886944770813, 0.7982413172721863] 
--- 
Radius of the CI = 0.0023083851842172183 
True classification of the model is likely between 0.9395942522974723 and 0.9442110226659066 
--- 
Test accuracy = 0.9419026374816895 
Confusion matrix (0 | 1) = 
 [[18803   978]
 [ 1314 18356]] 
--- 
