This file contains information about the lstm model 
--- 
Segmentation value = 1.0 
Downsampling value = 1.0 
Signal resolution = 1.0 Hz 
Batch size = 32 
Standard scale = 0 
Stateful = 0 
--- 
Is balanced = unbalanced 
--- 
Num of epochs = 100 
Epochs training computation time (in sec) = [19.865618228912354, 18.041245222091675, 17.64422607421875, 17.860486030578613, 18.84453511238098, 18.085055112838745, 18.34500217437744, 18.391662120819092, 18.566750288009644, 18.548110723495483, 18.9306218624115, 18.61677098274231, 18.63155484199524, 18.89371681213379, 18.635981798171997, 18.91970682144165, 19.464818000793457, 19.44183611869812, 18.937997102737427, 19.482599020004272, 19.431421279907227, 19.455046892166138, 20.029510974884033, 19.839477062225342, 19.56267809867859, 19.460372924804688, 19.99825620651245, 19.815781831741333, 19.490779161453247, 20.045265913009644, 20.055422067642212, 19.523793697357178, 19.992440223693848, 20.1005699634552, 19.81709098815918, 19.70870280265808, 20.147098302841187, 20.395055770874023, 20.124642848968506, 20.08285403251648, 20.170679092407227, 20.066423892974854, 19.578204870224, 20.062379121780396, 20.075980186462402, 20.164031982421875, 20.126533031463623, 20.135159969329834, 20.15039086341858, 20.335256814956665, 20.16534399986267, 20.123029232025146, 20.147101879119873, 20.48464012145996, 20.231680154800415, 20.083805084228516, 20.206751108169556, 20.375306129455566, 20.124449014663696, 20.103487968444824, 20.150651216506958, 20.191410064697266, 20.14723491668701, 20.076545000076294, 20.13556718826294, 20.105151891708374, 20.27572798728943, 20.43480920791626, 20.178826093673706, 20.135450839996338, 20.78229522705078, 20.83130192756653, 20.303414821624756, 20.14736008644104, 20.43853187561035, 20.123395204544067, 20.088656187057495, 20.076575994491577, 20.115376949310303, 20.539075136184692, 20.299968004226685, 20.17976188659668, 20.0960431098938, 19.696990966796875, 20.063955783843994, 20.12476086616516, 20.4581401348114, 20.246928930282593, 20.00106167793274, 19.70477318763733, 20.20561981201172, 20.26341199874878, 20.088188886642456, 20.141942024230957, 20.058107137680054, 19.780606985092163, 19.88843011856079, 20.101640939712524, 20.12610912322998, 19.65308904647827] 
Epochs training computation time mean (in sec) = 19.805920784473418 
--- 
Training accuracy history = [0.9640452861785889, 0.9702993035316467, 0.9724597334861755, 0.9742791056632996, 0.9765304923057556, 0.9771218299865723, 0.9810561537742615, 0.9786682724952698, 0.9794414639472961, 0.9797143340110779, 0.9814427495002747, 0.979214072227478, 0.980487585067749, 0.980328381061554, 0.9828526973724365, 0.9795551896095276, 0.9803056716918945, 0.9803511500358582, 0.9821249842643738, 0.981692910194397, 0.9836031794548035, 0.9831483960151672, 0.9858546257019043, 0.987492024898529, 0.9866505861282349, 0.9856954216957092, 0.9877194762229919, 0.9861047863960266, 0.983580470085144, 0.9789411425590515, 0.9805103540420532, 0.9798508286476135, 0.9844446182250977, 0.9882879853248596, 0.9824888706207275, 0.9870144724845886, 0.9879696369171143, 0.9813290238380432, 0.9867188334465027, 0.9832393527030945, 0.9836486577987671, 0.9838306307792664, 0.9845356345176697, 0.9846038222312927, 0.9846038222312927, 0.9905849099159241, 0.9861730337142944, 0.985763669013977, 0.9842627048492432, 0.9840125441551208, 0.9848994612693787, 0.9867188334465027, 0.9881060719490051, 0.9865596294403076, 0.9886291027069092, 0.9883334636688232, 0.9894933104515076, 0.9888110756874084, 0.9827617406845093, 0.9832393527030945, 0.9841262698173523, 0.987037181854248, 0.9867870211601257, 0.9879013895988464, 0.985604465007782, 0.9871281981468201, 0.9897434711456299, 0.9858546257019043, 0.9871736764907837, 0.9906986355781555, 0.9909487962722778, 0.9916765093803406, 0.9896752238273621, 0.9874465465545654, 0.9892204403877258, 0.9902210235595703, 0.9872646331787109, 0.9899253845214844, 0.9876285195350647, 0.9876512289047241, 0.9880605936050415, 0.9887883067131042, 0.9901073575019836, 0.9906303882598877, 0.9888565540313721, 0.9910852313041687, 0.9876739978790283, 0.9882879853248596, 0.9897207021713257, 0.9892886281013489, 0.9877421855926514, 0.9859455823898315, 0.9881060719490051, 0.9891749024391174, 0.9906303882598877, 0.9904711842536926, 0.9881515502929688, 0.9893341064453125, 0.9909942746162415, 0.9912444353103638] 
Training loss history = [0.11163485795259476, 0.08174042403697968, 0.070653535425663, 0.06505395472049713, 0.05863214284181595, 0.05669110640883446, 0.0529041513800621, 0.060930293053388596, 0.05419972911477089, 0.053575776517391205, 0.04961994290351868, 0.05406457185745239, 0.05109003931283951, 0.05301313474774361, 0.047669827938079834, 0.05180112645030022, 0.04997829720377922, 0.049743495881557465, 0.0483214445412159, 0.04802776500582695, 0.049385253340005875, 0.047348033636808395, 0.04264426231384277, 0.03984961658716202, 0.04048851877450943, 0.04302654042840004, 0.038760893046855927, 0.042090076953172684, 0.04698750376701355, 0.05481799691915512, 0.05053338780999184, 0.05275154858827591, 0.044315412640571594, 0.03863901644945145, 0.04511737450957298, 0.040200524032115936, 0.03837420418858528, 0.04611227661371231, 0.03922973573207855, 0.04400085657835007, 0.04418475180864334, 0.0430544912815094, 0.04150298982858658, 0.041709478944540024, 0.04410171881318092, 0.032729100435972214, 0.040951017290353775, 0.04039399325847626, 0.04130399227142334, 0.04082394763827324, 0.041579894721508026, 0.03921905532479286, 0.03644995763897896, 0.03950914740562439, 0.03504485636949539, 0.035718075931072235, 0.033195629715919495, 0.036470428109169006, 0.04426726698875427, 0.040836166590452194, 0.04324670135974884, 0.03788824379444122, 0.03724982962012291, 0.03619709983468056, 0.03938201442360878, 0.03696172684431076, 0.032653164118528366, 0.03849770501255989, 0.03702584654092789, 0.03070659190416336, 0.03170525282621384, 0.028348764404654503, 0.032782722264528275, 0.037866055965423584, 0.034745726734399796, 0.032093919813632965, 0.0362669937312603, 0.03152722492814064, 0.03508324921131134, 0.03606926649808884, 0.03510897979140282, 0.03483888879418373, 0.03166979178786278, 0.030071256682276726, 0.033976711332798004, 0.029841208830475807, 0.03581706061959267, 0.03523619845509529, 0.0326138474047184, 0.03414357453584671, 0.03604719415307045, 0.03821181133389473, 0.03504395857453346, 0.03594686836004257, 0.02959088608622551, 0.030912168323993683, 0.034261319786310196, 0.03434756398200989, 0.0319090373814106, 0.027835851535201073] 
--- 
Validation accuracy history = [0.9717783331871033, 0.9806700944900513, 0.9774484634399414, 0.9740979671478271, 0.9813144207000732, 0.9751288890838623, 0.9842783212661743, 0.9851804375648499, 0.9826030731201172, 0.9849227070808411, 0.9854381680488586, 0.9817010164260864, 0.981572151184082, 0.9850515723228455, 0.9823453426361084, 0.9844072461128235, 0.9850515723228455, 0.9837628602981567, 0.9896907210350037, 0.9831185340881348, 0.977963924407959, 0.9869845509529114, 0.9918814301490784, 0.9903350472450256, 0.9881443381309509, 0.9899484515190125, 0.9903350472450256, 0.9887886643409729, 0.9881443381309509, 0.9801546335220337, 0.9859536290168762, 0.9841494560241699, 0.991752564907074, 0.9889175295829773, 0.9845361113548279, 0.9798969030380249, 0.986855685710907, 0.9853093028068542, 0.9920102953910828, 0.9854381680488586, 0.9859536290168762, 0.9844072461128235, 0.9827319383621216, 0.9854381680488586, 0.9948453903198242, 0.9929123520851135, 0.9840205907821655, 0.991752564907074, 0.9778350591659546, 0.9872422814369202, 0.9873711466789246, 0.9914948344230652, 0.9902061820030212, 0.9885309338569641, 0.9909793734550476, 0.9916236996650696, 0.99046391248703, 0.9850515723228455, 0.986855685710907, 0.9829896688461304, 0.9912371039390564, 0.9832473993301392, 0.9918814301490784, 0.9932989478111267, 0.982860803604126, 0.9836339950561523, 0.9899484515190125, 0.9913659691810608, 0.9931700825691223, 0.9916236996650696, 0.9934278130531311, 0.9909793734550476, 0.9913659691810608, 0.991108238697052, 0.9918814301490784, 0.9894329905509949, 0.9900773167610168, 0.9934278130531311, 0.9876288771629333, 0.9819587469100952, 0.9810566902160645, 0.992396891117096, 0.991108238697052, 0.9935566782951355, 0.9902061820030212, 0.9927834868431091, 0.9929123520851135, 0.9934278130531311, 0.9899484515190125, 0.9850515723228455, 0.9863402247428894, 0.9898195862770081, 0.9912371039390564, 0.9914948344230652, 0.9936855435371399, 0.9925257563591003, 0.9916236996650696, 0.9934278130531311, 0.9913659691810608, 0.9936855435371399] 
Validation loss history = [0.06815533339977264, 0.055410753935575485, 0.05441535264253616, 0.051790036261081696, 0.04826352000236511, 0.05221708491444588, 0.038260798901319504, 0.045458193868398666, 0.04010051488876343, 0.03841249644756317, 0.04053609073162079, 0.04192478582262993, 0.04028113931417465, 0.04126596823334694, 0.04172457754611969, 0.0390024371445179, 0.040433865040540695, 0.03690300136804581, 0.03841045871376991, 0.037567462772130966, 0.046738799661397934, 0.03564087301492691, 0.026355601847171783, 0.030533159151673317, 0.03146393969655037, 0.033639758825302124, 0.03336039558053017, 0.035017021000385284, 0.04173554107546806, 0.04055158421397209, 0.03759553283452988, 0.0450337678194046, 0.028011566027998924, 0.028781335800886154, 0.03739815950393677, 0.053521666675806046, 0.03765108808875084, 0.03706883266568184, 0.027392379939556122, 0.036282431334257126, 0.034883275628089905, 0.03682120144367218, 0.03542366251349449, 0.034396857023239136, 0.026525476947426796, 0.022976763546466827, 0.03658376261591911, 0.025468938052654266, 0.03641197830438614, 0.03558199852705002, 0.03451633080840111, 0.0339403934776783, 0.034194186329841614, 0.03223784267902374, 0.029473520815372467, 0.03495968133211136, 0.028931671753525734, 0.0511491484940052, 0.03613526001572609, 0.03730747103691101, 0.027797499671578407, 0.03818874433636665, 0.027161406353116035, 0.028180330991744995, 0.0353359617292881, 0.03855384513735771, 0.02487778291106224, 0.026547875255346298, 0.02631615288555622, 0.025570541620254517, 0.024230876937508583, 0.0397053025662899, 0.024750856682658195, 0.031368568539619446, 0.024472936987876892, 0.029033536091446877, 0.027566367760300636, 0.02488153800368309, 0.0334993340075016, 0.039145272225141525, 0.03394904360175133, 0.02409234084188938, 0.0265935268253088, 0.02398427203297615, 0.027301650494337082, 0.022061849012970924, 0.029876859858632088, 0.02295408770442009, 0.03495248407125473, 0.037208300083875656, 0.0359480120241642, 0.031181588768959045, 0.0278298482298851, 0.025399375706911087, 0.022582996636629105, 0.02545851282775402, 0.03035857528448105, 0.02418031543493271, 0.024565309286117554, 0.024274611845612526] 
--- 
Radius of the CI = 0.0018143994697466606 
True classification of the model is likely between 0.9902994887939557 and 0.9939282877334491 
Lower bound model classification accuracy = 0.9902995465582908 
Upper bound model classification accuracy = 0.9939282738141079 
--- 
Test accuracy = 0.9921138882637024 
Confusion matrix (invalid | valid) = 
 [[4439   37]
 [  35 4619]] 
--- 
