This file contains information about the lstm model 
Analysis directory = C:\Users\cdetr\Documents\GitHub\nomics\nomics-AI/data/awake_sleep_analysis 
--- 
Segmentation value = 120.0 
Downsampling value = 1.0 
Signal frequency = 1.0 Hz 
Batch size = 32 
Standard scale = 0 
Stateful = 0 
Sliding window = 1 
Center of interest = 60 
Full sequence = 0 
Return sequences = 0 
Data balancing = 1 
--- 
Log time = 15-05-2022 12-17-25 
--- 
Num of epochs = 100, early stop after 56 epochs 
Epochs training computation time history (in sec) = [27.937015771865845, 19.87600088119507, 21.111998558044434, 21.174001216888428, 21.190000295639038, 21.576997756958008, 21.50499987602234, 21.626001358032227, 20.562999725341797, 21.351000785827637, 21.522002458572388, 21.666992664337158, 21.00499987602234, 21.308998584747314, 21.25499987602234, 22.005002737045288, 21.772990465164185, 21.19499683380127, 20.31600022315979, 20.806000232696533, 19.75100088119507, 20.303995847702026, 19.934998273849487, 20.996999740600586, 21.761996746063232, 21.59199857711792, 22.041998863220215, 21.771000146865845, 20.632999658584595, 21.26099967956543, 19.905998945236206, 19.03399920463562, 19.06800079345703, 20.732001543045044, 20.833996772766113, 21.785006999969482, 20.525997161865234, 21.549999475479126, 21.6209979057312, 20.910998821258545, 21.241000652313232, 22.147000789642334, 22.249996185302734, 21.059999227523804, 20.890000104904175, 21.229999542236328, 22.109001874923706, 21.085999250411987, 20.46399712562561, 21.25000262260437, 21.066998958587646, 21.095999240875244, 20.585001945495605, 20.13400173187256, 20.005995273590088, 21.22399878501892] 
Epochs training computation time mean (in sec) = 21.153892491544998 
--- 
Training loss history = [0.6647732853889465, 0.548805832862854, 0.5413180589675903, 0.48586878180503845, 0.414244681596756, 0.3812725245952606, 0.36364325881004333, 0.35407212376594543, 0.3471411168575287, 0.33997106552124023, 0.3361773192882538, 0.3319852352142334, 0.3416091501712799, 0.33539655804634094, 0.3225274384021759, 0.30411186814308167, 0.28888118267059326, 0.31483739614486694, 0.28547805547714233, 0.27754348516464233, 0.27384334802627563, 0.27062809467315674, 0.2651996314525604, 0.2618516683578491, 0.2604871988296509, 0.2627912163734436, 0.2557727098464966, 0.24798764288425446, 0.2452094703912735, 0.24635103344917297, 0.23892083764076233, 0.23857173323631287, 0.23582303524017334, 0.2319614440202713, 0.2266840934753418, 0.2260095775127411, 0.22564469277858734, 0.21912789344787598, 0.21544450521469116, 0.21469907462596893, 0.21213416755199432, 0.2077452838420868, 0.20693643391132355, 0.20245718955993652, 0.2000301480293274, 0.19475793838500977, 0.195448637008667, 0.1912631094455719, 0.18802131712436676, 0.2738617956638336, 0.30401477217674255, 0.31117990612983704, 0.27417588233947754, 0.27862241864204407, 0.26017048954963684, 0.23482294380664825] 
Training accuracy history = [0.5849248170852661, 0.7195158004760742, 0.7248605489730835, 0.7650625109672546, 0.8170102834701538, 0.8302983045578003, 0.8393822908401489, 0.8454030752182007, 0.8487409353256226, 0.8488042950630188, 0.8516985177993774, 0.8541490435600281, 0.85074782371521, 0.8519520163536072, 0.8582896590232849, 0.869929850101471, 0.8786547183990479, 0.8646062016487122, 0.8793518543243408, 0.8834291100502014, 0.8843163847923279, 0.886365532875061, 0.8888161182403564, 0.8894921541213989, 0.8914568424224854, 0.8897033929824829, 0.8934637308120728, 0.8968438506126404, 0.8959354162216187, 0.8972452282905579, 0.9006252884864807, 0.9002239108085632, 0.9009210467338562, 0.9029068946838379, 0.9050405621528625, 0.906202495098114, 0.905061662197113, 0.9090332984924316, 0.9100050926208496, 0.9092022776603699, 0.9110402464866638, 0.91325843334198, 0.9138287901878357, 0.9156244993209839, 0.9160258769989014, 0.9184341430664062, 0.9195115566253662, 0.9189834594726562, 0.9208847284317017, 0.8769646883010864, 0.8601064682006836, 0.8653878569602966, 0.8823939561843872, 0.880006730556488, 0.8900625109672546, 0.9023787379264832] 
Training f1 history = [0.5848183631896973, 0.719657838344574, 0.7249365448951721, 0.7650548219680786, 0.8170396089553833, 0.8302575349807739, 0.8394635915756226, 0.8454180955886841, 0.8487541675567627, 0.8486274480819702, 0.851646900177002, 0.8541595339775085, 0.8506966829299927, 0.8519635796546936, 0.858234703540802, 0.8699957132339478, 0.8785894513130188, 0.8646113872528076, 0.8794130086898804, 0.8834247589111328, 0.8843115568161011, 0.8864231705665588, 0.8888723850250244, 0.889484703540802, 0.8915117383003235, 0.8896958827972412, 0.893454372882843, 0.8968327641487122, 0.8959881067276001, 0.897297203540802, 0.9006755948066711, 0.9002111554145813, 0.9009078741073608, 0.9029560089111328, 0.9050886631011963, 0.9062499403953552, 0.9050463438034058, 0.909015953540802, 0.9099873304367065, 0.9091848731040955, 0.9110091924667358, 0.9133023023605347, 0.9138723611831665, 0.9156038165092468, 0.9159417152404785, 0.9184755086898804, 0.9195522665977478, 0.9190244674682617, 0.920924723148346, 0.8770269155502319, 0.8601139187812805, 0.8654559850692749, 0.882453441619873, 0.8800041675567627, 0.8899915814399719, 0.9023647904396057] 
--- 
Validation loss history = [0.6426780819892883, 0.4495963752269745, 0.45046600699424744, 0.4139207899570465, 0.38508734107017517, 0.3596692681312561, 0.3471781015396118, 0.3546820282936096, 0.33645641803741455, 0.34653401374816895, 0.3258170485496521, 0.33073025941848755, 0.3241494596004486, 0.32355308532714844, 0.31552690267562866, 0.2850286662578583, 0.2788490355014801, 0.2963421046733856, 0.27826449275016785, 0.29567232728004456, 0.285113662481308, 0.2919340431690216, 0.2787715792655945, 0.2808681130409241, 0.2625386416912079, 0.25616204738616943, 0.2609461545944214, 0.2633538544178009, 0.261451780796051, 0.2630499601364136, 0.26105448603630066, 0.2746284604072571, 0.2512470781803131, 0.260129451751709, 0.250059574842453, 0.2409786581993103, 0.2424432635307312, 0.24641892313957214, 0.24548855423927307, 0.2633746266365051, 0.25105881690979004, 0.24871529638767242, 0.256952702999115, 0.24430252611637115, 0.25544407963752747, 0.2459392547607422, 0.24195607006549835, 0.24723535776138306, 0.24817195534706116, 0.3400024175643921, 0.3935278058052063, 0.2877597212791443, 0.28266996145248413, 0.28630056977272034, 0.25779232382774353, 0.2553267776966095] 
Validation accuracy history = [0.605133056640625, 0.8003802299499512, 0.7942965626716614, 0.8218631148338318, 0.831939160823822, 0.8442965745925903, 0.8549429774284363, 0.8501901030540466, 0.8629277348518372, 0.8526616096496582, 0.8623574376106262, 0.8671102523803711, 0.865779459476471, 0.8661596775054932, 0.8716729879379272, 0.8826996088027954, 0.8853611946105957, 0.8832699656486511, 0.8846007585525513, 0.8838403224945068, 0.8885931372642517, 0.8880228400230408, 0.8880228400230408, 0.8817490339279175, 0.8958175182342529, 0.8988593220710754, 0.8961977362632751, 0.8973383903503418, 0.8958175182342529, 0.8941064476966858, 0.9043726325035095, 0.8880228400230408, 0.9049429893493652, 0.8996197581291199, 0.9003802537918091, 0.9053232073783875, 0.9022813439369202, 0.9047528505325317, 0.9053232073783875, 0.8942965865135193, 0.9011406898498535, 0.9070342183113098, 0.8946768045425415, 0.9089353680610657, 0.8999999761581421, 0.9020912647247314, 0.905133068561554, 0.9043726325035095, 0.9110265970230103, 0.8306083679199219, 0.811977207660675, 0.8830798268318176, 0.884220540523529, 0.8806083798408508, 0.897718608379364, 0.8971483111381531] 
Validation f1 history = [0.6053661108016968, 0.7998736500740051, 0.7938130497932434, 0.8209594488143921, 0.831628680229187, 0.8442549109458923, 0.8548609614372253, 0.8504418730735779, 0.8628155589103699, 0.8525882363319397, 0.8622473478317261, 0.8672979474067688, 0.8659721612930298, 0.8663509488105774, 0.8718433976173401, 0.8828282356262207, 0.8854798078536987, 0.8833963871002197, 0.8847221732139587, 0.8842803239822388, 0.8886994123458862, 0.8881312608718872, 0.8881312608718872, 0.8821969032287598, 0.8958963751792908, 0.8989267945289612, 0.8962752819061279, 0.8974115252494812, 0.8958963751792908, 0.8945074677467346, 0.90473473072052, 0.888131320476532, 0.9053030014038086, 0.8996843099594116, 0.9004419445991516, 0.9053661227226257, 0.9026514887809753, 0.9051136374473572, 0.9053661823272705, 0.8943813443183899, 0.9015151262283325, 0.9073862433433533, 0.8950756788253784, 0.9092801809310913, 0.9000630974769592, 0.9024620056152344, 0.9054924249649048, 0.90473473072052, 0.9113636612892151, 0.8309342861175537, 0.8120579719543457, 0.8835227489471436, 0.8846589922904968, 0.8807448744773865, 0.8981059789657593, 0.8975377678871155] 
--- 
Radius of the CI = 0.005034443476811541 
True classification of the model is likely between 0.8989959987610424 and 0.9090648857146656 
--- 
Test accuracy = 0.904030442237854 
Confusion matrix (0 | 1) = 
 [[6209  428]
 [ 834 5679]] 
--- 
