This file contains information about the lstm model 
Analysis directory = C:\Users\cdetr\Documents\GitHub\nomics\jawac_processing_nomics/data/awake_sleep_analysis_update 
--- 
Segmentation value = 180.0 
Downsampling value = 1.0 
Signal frequency = 1.0 Hz 
Batch size = 2 
Standard scale = 0 
Stateful = 0 
Sliding window = 0 
Center of interest = 10 
Full sequence = 0 
Return sequences = 1 
Data balancing = 1 
--- 
Log time = 19-04-2022 21-24-13 
--- 
Num of epochs = 100, early stop after 52 epochs 
Epochs training computation time history (in sec) = [107.3499984741211, 80.06900024414062, 65.3530023097992, 64.64099860191345, 59.11599802970886, 60.21900296211243, 63.99499583244324, 65.8140013217926, 67.27999901771545, 69.04599976539612, 65.55400848388672, 63.308998107910156, 66.81599497795105, 63.6290009021759, 67.75858998298645, 67.49463319778442, 67.09099698066711, 67.33800029754639, 64.77100157737732, 61.78099989891052, 62.90099906921387, 61.08800411224365, 60.50699996948242, 63.23900127410889, 63.79999852180481, 62.2080020904541, 61.11899662017822, 60.96299886703491, 59.76899862289429, 58.66300058364868, 59.77299976348877, 60.89600110054016, 60.94300127029419, 59.18300247192383, 60.00101399421692, 58.96999788284302, 59.25899696350098, 60.29499697685242, 59.84199857711792, 58.79200100898743, 59.58399748802185, 59.44400334358215, 60.64299726486206, 60.43600130081177, 60.92499876022339, 60.15599989891052, 58.407997608184814, 60.81299877166748, 71.05999946594238, 57.24999737739563, 55.16700053215027, 56.1150004863739] 
Epochs training computation time mean (in sec) = 63.28148505779413 
--- 
Training loss history = [0.6941477656364441, 0.6774566173553467, 0.675879180431366, 0.6732845902442932, 0.6716458201408386, 0.6038733720779419, 0.4789881408214569, 0.4418523609638214, 0.4234481751918793, 0.4177444875240326, 0.3934881091117859, 0.387613981962204, 0.3817666172981262, 0.37475037574768066, 0.37096452713012695, 0.3664858639240265, 0.3593870997428894, 0.3571608364582062, 0.34870246052742004, 0.34999576210975647, 0.3384934961795807, 0.3321668207645416, 0.3315044641494751, 0.32980161905288696, 0.3201025128364563, 0.324050635099411, 0.32070392370224, 0.31165647506713867, 0.3126528859138489, 0.3054412305355072, 0.3043006956577301, 0.3010139763355255, 0.30112767219543457, 0.3018069267272949, 0.2869952321052551, 0.28589576482772827, 0.28530818223953247, 0.28769657015800476, 0.2759004235267639, 0.27498120069503784, 0.26802778244018555, 0.2643270194530487, 0.2661214768886566, 0.25280022621154785, 0.25543850660324097, 0.2560945153236389, 0.2889144718647003, 0.288625031709671, 0.2738233804702759, 0.2522996962070465, 0.31334081292152405, 0.2825944423675537] 
Training accuracy history = [0.5175333619117737, 0.5620630383491516, 0.5832520127296448, 0.5563737154006958, 0.5769124031066895, 0.683349072933197, 0.7837162017822266, 0.8056066632270813, 0.8109223246574402, 0.8206815719604492, 0.8277096152305603, 0.8300671577453613, 0.832349956035614, 0.8362166881561279, 0.8364500403404236, 0.8415231108665466, 0.8429405093193054, 0.8439357280731201, 0.8479689359664917, 0.8478994369506836, 0.8536372780799866, 0.8558859825134277, 0.8580127358436584, 0.8585227727890015, 0.8627291321754456, 0.8593632578849792, 0.8630700707435608, 0.865296483039856, 0.8645582795143127, 0.8684643507003784, 0.8692811727523804, 0.8714801073074341, 0.8705517649650574, 0.8697702884674072, 0.8759617805480957, 0.8756273984909058, 0.8777698874473572, 0.8758385181427002, 0.8824285864830017, 0.8815016150474548, 0.8837909698486328, 0.8886449933052063, 0.8862507343292236, 0.8917918801307678, 0.889482855796814, 0.8904321789741516, 0.8740696907043457, 0.875101625919342, 0.8814216256141663, 0.8921079039573669, 0.8632391691207886, 0.8774539232254028] 
Training f1 history = [0.5176473259925842, 0.5619367957115173, 0.5833492279052734, 0.5562478303909302, 0.57701176404953, 0.6834070086479187, 0.7837638854980469, 0.8056477308273315, 0.8109529614448547, 0.8207228183746338, 0.8277453184127808, 0.8301048874855042, 0.8322624564170837, 0.836241602897644, 0.8364760875701904, 0.8415572047233582, 0.8429720401763916, 0.8439701199531555, 0.8480015397071838, 0.84791100025177, 0.8536685109138489, 0.8559166193008423, 0.858017086982727, 0.8585522174835205, 0.8627551198005676, 0.859163224697113, 0.8630924820899963, 0.8653244376182556, 0.8645845055580139, 0.8683808445930481, 0.8693030476570129, 0.8715059757232666, 0.8705764412879944, 0.8696638941764832, 0.8759169578552246, 0.8756362795829773, 0.8777951002120972, 0.8758247494697571, 0.8824522495269775, 0.8815231919288635, 0.8836957216262817, 0.8886680603027344, 0.8862737417221069, 0.8917927145957947, 0.8895053267478943, 0.8904067277908325, 0.8740922808647156, 0.8751261234283447, 0.8814324736595154, 0.8921275734901428, 0.863265335559845, 0.877479076385498] 
--- 
Validation loss history = [0.6784981489181519, 0.6518370509147644, 0.6749986410140991, 0.6803028583526611, 0.6371293663978577, 0.5142485499382019, 0.42169880867004395, 0.46075329184532166, 0.4115869402885437, 0.3851282298564911, 0.35623815655708313, 0.37362009286880493, 0.3427828848361969, 0.34196773171424866, 0.32856568694114685, 0.3257557153701782, 0.3319436311721802, 0.3377242386341095, 0.3386022448539734, 0.33005577325820923, 0.3177165985107422, 0.32721537351608276, 0.33059820532798767, 0.33981576561927795, 0.3412896692752838, 0.3200681209564209, 0.33511805534362793, 0.31139054894447327, 0.3092815577983856, 0.32288363575935364, 0.31716611981391907, 0.30779561400413513, 0.3132100999355316, 0.3113660514354706, 0.3168509006500244, 0.3230668902397156, 0.32480889558792114, 0.32347482442855835, 0.32484570145606995, 0.3452087640762329, 0.3445870578289032, 0.31959468126296997, 0.3233213722705841, 0.3265284597873688, 0.3433712124824524, 0.328768789768219, 0.3333395719528198, 0.3221489191055298, 0.3346918523311615, 0.352944940328598, 0.3653142750263214, 0.3460024297237396] 
Validation accuracy history = [0.5695211291313171, 0.6546944975852966, 0.5251474380493164, 0.5569356083869934, 0.6291342377662659, 0.7865298390388489, 0.8343477249145508, 0.7696390748023987, 0.8493748307228088, 0.8497523069381714, 0.8539749979972839, 0.8439608216285706, 0.8584689497947693, 0.8629629611968994, 0.8626208901405334, 0.8635762929916382, 0.8576197028160095, 0.8683533668518066, 0.8584336042404175, 0.8692734241485596, 0.8682590126991272, 0.8620193600654602, 0.8681528568267822, 0.8689549565315247, 0.8660533428192139, 0.8729299306869507, 0.8728119730949402, 0.8714319467544556, 0.875843346118927, 0.8725407123565674, 0.8728001713752747, 0.8736258745193481, 0.8703703880310059, 0.8695211410522461, 0.8674569725990295, 0.8627034425735474, 0.864213228225708, 0.8678461909294128, 0.8613116145133972, 0.8615475296974182, 0.8655461072921753, 0.8636942505836487, 0.867681086063385, 0.8651922345161438, 0.8617362380027771, 0.8653455972671509, 0.864791214466095, 0.8636234998703003, 0.8666194677352905, 0.8633875846862793, 0.8533616662025452, 0.8556027412414551] 
Validation f1 history = [0.5683144927024841, 0.6554262042045593, 0.5261533856391907, 0.555755615234375, 0.6289899349212646, 0.7864411473274231, 0.8338630795478821, 0.769939124584198, 0.8495764136314392, 0.8500592112541199, 0.854284405708313, 0.8442914485931396, 0.858663022518158, 0.8631709218025208, 0.8629003763198853, 0.8638654351234436, 0.857850968837738, 0.8685270547866821, 0.8587336540222168, 0.86945641040802, 0.868538498878479, 0.8623001575469971, 0.8684087991714478, 0.869209349155426, 0.8663138151168823, 0.8731640577316284, 0.8730700612068176, 0.871692955493927, 0.8760948181152344, 0.8727989792823792, 0.8730581998825073, 0.8738939762115479, 0.8706335425376892, 0.8697624206542969, 0.8677259087562561, 0.8629592657089233, 0.864501416683197, 0.8681027889251709, 0.8615938425064087, 0.8618288040161133, 0.8658194541931152, 0.8639715313911438, 0.867914617061615, 0.8654664754867554, 0.8620177507400513, 0.8655959963798523, 0.8650778532028198, 0.8638890981674194, 0.8668907284736633, 0.8636536598205566, 0.8536607027053833, 0.8550140857696533] 
--- 
Radius of the CI = 0.01882547137473513 
True classification of the model is likely between 0.8571082949903162 and 0.8947592377397864 
--- 
Test accuracy = 0.8759337663650513 
Confusion matrix (0 | 1) = 
 [[94854 12579]
 [13731 90876]] 
--- 
