This file contains information about the resnet model 
Analysis directory = C:\Users\cdetr\Documents\GitHub\nomics\nomics-AI/data/task2/tfe/without_oe/analysis_backup 
--- 
Segmentation value = 300.0 
Downsampling value = 1.0 
Signal frequency = 1.0 Hz 
Batch size = 32 
Standard scale = 0 
Stateful = 0 
Sliding window = 1 
Center of interest = 180 
Full sequence = 0 
Return sequences = 0 
Data balancing = 1 
--- 
Log time = 16-06-2022 15-28-27 
--- 
Num of epochs = 100, early stop after 54 epochs 
Epochs training computation time history (in sec) = [37.20399856567383, 32.82699990272522, 52.54664587974548, 44.704668045043945, 34.74066710472107, 33.314995527267456, 35.67599821090698, 35.24358606338501, 38.52400088310242, 39.349998235702515, 28.27501893043518, 34.32399892807007, 33.96800208091736, 34.27600026130676, 33.24200201034546, 33.80600070953369, 35.50200009346008, 33.75499749183655, 34.95000219345093, 36.98300004005432, 35.197001218795776, 36.128998041152954, 37.90000128746033, 38.54400062561035, 35.3289999961853, 35.027000188827515, 34.361000537872314, 34.71799850463867, 26.62899947166443, 52.67300081253052, 35.80900001525879, 36.21499300003052, 32.90499997138977, 19.797999620437622, 33.53700089454651, 36.86799955368042, 34.54299759864807, 33.13100028038025, 31.258997917175293, 34.49600028991699, 31.616000175476074, 29.955989599227905, 32.64900088310242, 34.6610050201416, 36.36718153953552, 29.62833881378174, 19.612488746643066, 18.955782175064087, 33.25123143196106, 32.40803837776184, 33.035614013671875, 31.910414457321167, 35.69482111930847, 36.853129863739014] 
Epochs training computation time mean (in sec) = 34.349622355567085 
--- 
Training loss history = [0.3731921315193176, 0.3230649530887604, 0.3045995831489563, 0.29616522789001465, 0.2914729714393616, 0.3008459508419037, 0.28681260347366333, 0.28367429971694946, 0.2862296402454376, 0.2854721248149872, 0.2817697525024414, 0.28370949625968933, 0.27924278378486633, 0.27574828267097473, 0.2739129364490509, 0.26959410309791565, 0.2670248746871948, 0.2582378089427948, 0.24114637076854706, 0.22990527749061584, 0.22290557622909546, 0.21785838901996613, 0.21347671747207642, 0.20723478496074677, 0.20214523375034332, 0.19998128712177277, 0.19778461754322052, 0.19732540845870972, 0.19130223989486694, 0.1851321905851364, 0.18616335093975067, 0.18616189062595367, 0.17937177419662476, 0.1772996187210083, 0.17638951539993286, 0.17401519417762756, 0.17128945887088776, 0.16423390805721283, 0.1676117330789566, 0.1589541882276535, 0.15802280604839325, 0.15582309663295746, 0.15049892663955688, 0.1454302966594696, 0.14613258838653564, 0.141525998711586, 0.1390325427055359, 0.1332855522632599, 0.13040965795516968, 0.1293698251247406, 0.12796396017074585, 0.11720661073923111, 0.11169552057981491, 0.1064155101776123] 
Training accuracy history = [0.8313120603561401, 0.8577603101730347, 0.8671139478683472, 0.8738227486610413, 0.8773061633110046, 0.8705973625183105, 0.8760805130004883, 0.8798864483833313, 0.8757579922676086, 0.8782737851142883, 0.877112627029419, 0.876274049282074, 0.8776931762695312, 0.8805315494537354, 0.8817571997642517, 0.8847245573997498, 0.8858211636543274, 0.8918204307556152, 0.9014320969581604, 0.9051090478897095, 0.9074313044548035, 0.9121403694152832, 0.9131724834442139, 0.916010856628418, 0.9216229915618896, 0.921235978603363, 0.9223971366882324, 0.9215584993362427, 0.9240097999572754, 0.9272996783256531, 0.9285898804664612, 0.9264611005783081, 0.9297509789466858, 0.9298155307769775, 0.9321377873420715, 0.9307831525802612, 0.9323958158493042, 0.9362017512321472, 0.9339439868927002, 0.9369113445281982, 0.9389756321907043, 0.939298152923584, 0.9405882954597473, 0.9446523189544678, 0.9428460597991943, 0.9455553889274597, 0.9449748396873474, 0.9469745755195618, 0.9507805705070496, 0.9499419331550598, 0.9496839046478271, 0.9552960991859436, 0.9573603272438049, 0.9621984362602234] 
Training f1 history = [0.8312591314315796, 0.8579251766204834, 0.867102324962616, 0.8737204670906067, 0.8773655295372009, 0.8706645369529724, 0.8761413097381592, 0.8797772526741028, 0.8757362961769104, 0.8784148693084717, 0.8770065903663635, 0.8764174580574036, 0.8778349757194519, 0.8805044293403625, 0.8818113803863525, 0.8845268487930298, 0.8856222033500671, 0.8918629288673401, 0.9013806581497192, 0.9048876762390137, 0.9072900414466858, 0.9121593236923218, 0.9131074547767639, 0.9159424901008606, 0.9215481877326965, 0.9211616516113281, 0.9224870800971985, 0.9214837551116943, 0.92384934425354, 0.9273011684417725, 0.928424060344696, 0.9264635443687439, 0.929749608039856, 0.929896891117096, 0.9321336150169373, 0.9307805299758911, 0.932391345500946, 0.9361928701400757, 0.9340206384658813, 0.9368188381195068, 0.9389635324478149, 0.9392856955528259, 0.9406571984291077, 0.9447165131568909, 0.9428294897079468, 0.9456185698509216, 0.9450386762619019, 0.9469532370567322, 0.9507547616958618, 0.949999988079071, 0.9496594071388245, 0.9553479552268982, 0.9574097990989685, 0.9622422456741333] 
--- 
Validation loss history = [0.522401750087738, 0.3729901909828186, 0.5699504613876343, 0.5670416951179504, 0.7259957194328308, 0.36679065227508545, 0.3625696003437042, 0.513958215713501, 0.5014024376869202, 0.8043171167373657, 0.38751789927482605, 0.579547107219696, 0.4328148663043976, 0.3057996332645416, 0.3154287040233612, 0.3307102620601654, 0.31334608793258667, 0.292066752910614, 0.24723570048809052, 0.26062971353530884, 0.25621864199638367, 0.23678933084011078, 0.3916582465171814, 0.23299065232276917, 0.24738475680351257, 0.22842781245708466, 0.23201744258403778, 0.23867683112621307, 0.26138967275619507, 0.26703816652297974, 0.234002023935318, 0.23567694425582886, 0.26967036724090576, 0.23013454675674438, 0.25439074635505676, 0.21204721927642822, 0.26879116892814636, 0.24197567999362946, 0.21696262061595917, 0.27582693099975586, 0.28437668085098267, 0.40547433495521545, 0.21473363041877747, 0.20939654111862183, 0.22677788138389587, 0.24473823606967926, 0.22787964344024658, 0.22993111610412598, 0.2902739346027374, 0.2119884341955185, 0.253836452960968, 0.25121697783470154, 0.21242299675941467, 0.2621581554412842] 
Validation accuracy history = [0.7806152105331421, 0.8311085104942322, 0.8078932166099548, 0.7829367518424988, 0.746953010559082, 0.8403946757316589, 0.8444573283195496, 0.7991874814033508, 0.7899013161659241, 0.7086477279663086, 0.8427162170410156, 0.7196750044822693, 0.8247243165969849, 0.872896134853363, 0.8612884283065796, 0.8630295991897583, 0.8676726818084717, 0.8705745935440063, 0.899013340473175, 0.9024956226348877, 0.8961114287376404, 0.9059779644012451, 0.8578061461448669, 0.9175856113433838, 0.9042367935180664, 0.9094602465629578, 0.9042367935180664, 0.9059779644012451, 0.9042367935180664, 0.9053975343704224, 0.9036564230918884, 0.9059779644012451, 0.890887975692749, 0.9059779644012451, 0.8972722291946411, 0.9135228991508484, 0.8850841522216797, 0.9048171639442444, 0.9199071526527405, 0.8937898874282837, 0.8786999583244324, 0.8299477696418762, 0.9199071526527405, 0.9164248108863831, 0.9199071526527405, 0.9042367935180664, 0.9123621582984924, 0.9071387052536011, 0.8769587874412537, 0.9239698052406311, 0.890887975692749, 0.9112014174461365, 0.9280325174331665, 0.9112014174461365] 
Validation f1 history = [0.7802854180335999, 0.8309541344642639, 0.80748450756073, 0.7826002836227417, 0.7466134428977966, 0.8401062488555908, 0.8442643284797668, 0.798803985118866, 0.7896518707275391, 0.7084190249443054, 0.842528223991394, 0.7194144129753113, 0.8242669105529785, 0.8728351593017578, 0.8611539006233215, 0.8626757264137268, 0.8676268458366394, 0.8703060150146484, 0.898769736289978, 0.9023491144180298, 0.8958761692047119, 0.9060356616973877, 0.8576816916465759, 0.9175025224685669, 0.9040852189064026, 0.9095078706741333, 0.9041923880577087, 0.9058212637901306, 0.9040851593017578, 0.9054569005966187, 0.9037208557128906, 0.9058213233947754, 0.8905606269836426, 0.9059284925460815, 0.8971408009529114, 0.913558840751648, 0.884880781173706, 0.9045566916465759, 0.9197101593017578, 0.8934541344642639, 0.8786221742630005, 0.8295824527740479, 0.9198173880577087, 0.916238009929657, 0.9197101593017578, 0.9040852189064026, 0.9122942686080933, 0.9069787263870239, 0.8765645623207092, 0.9237611293792725, 0.8905606269836426, 0.9111368656158447, 0.9279192686080933, 0.9111368656158447] 
--- 
Radius of the CI = 0.0074961299012206795 
True classification of the model is likely between 0.9249394422461487 and 0.9399317020485901 
--- 
Test accuracy = 0.9324355721473694 
Confusion matrix (0 | 1) = 
 [[2057   97]
 [ 194 1959]] 
--- 
