This file contains information about the resnet model 
Analysis directory = C:\Users\cdetr\Documents\GitHub\nomics\nomics-AI/data/task2/tfe/without_oe/analysis_backup 
--- 
Segmentation value = 180.0 
Downsampling value = 1.0 
Signal frequency = 1.0 Hz 
Batch size = 32 
Standard scale = 0 
Stateful = 0 
Sliding window = 0 
Center of interest = 10 
Full sequence = 0 
Return sequences = 0 
Data balancing = 1 
--- 
Log time = 14-06-2022 13-28-18 
--- 
Num of epochs = 100, early stop after 67 epochs 
Epochs training computation time history (in sec) = [14.864960670471191, 8.237136840820312, 7.9306371212005615, 8.37965178489685, 8.371602773666382, 8.048896551132202, 8.409031629562378, 8.48494267463684, 8.33023190498352, 8.584778308868408, 10.370020627975464, 9.343964099884033, 8.97403359413147, 8.890039443969727, 8.647951126098633, 8.846201658248901, 8.47481369972229, 8.559115886688232, 8.843963623046875, 8.302967548370361, 8.781041622161865, 9.141957759857178, 8.547982931137085, 8.367135047912598, 8.55682897567749, 8.548030376434326, 8.365096807479858, 8.494973182678223, 8.606936693191528, 9.005213022232056, 8.22177243232727, 8.391294717788696, 8.299744606018066, 8.349294662475586, 8.25973391532898, 8.381974935531616, 8.267417907714844, 8.331648349761963, 8.482254028320312, 8.399468421936035, 8.686523199081421, 8.391505241394043, 8.73892617225647, 8.403149604797363, 8.420830249786377, 8.233366250991821, 8.659495830535889, 9.194097518920898, 8.320878982543945, 8.368758916854858, 8.424096584320068, 8.479854583740234, 8.578051090240479, 8.830551147460938, 8.76309847831726, 8.245265483856201, 8.356717824935913, 7.953115463256836, 8.21205472946167, 8.308972597122192, 8.611905097961426, 10.050509691238403, 8.848813533782959, 8.893132448196411, 8.943883180618286, 9.404021978378296, 9.314983367919922] 
Epochs training computation time mean (in sec) = 8.691511958392699 
--- 
Training loss history = [0.4454461634159088, 0.372469037771225, 0.36246371269226074, 0.3503791391849518, 0.3507435917854309, 0.350561261177063, 0.3393723964691162, 0.3423898220062256, 0.3461383879184723, 0.3369614779949188, 0.3373641073703766, 0.33189672231674194, 0.3271561563014984, 0.32679739594459534, 0.3083135783672333, 0.2981373071670532, 0.2866208553314209, 0.2769399881362915, 0.2731782793998718, 0.271513432264328, 0.2670099139213562, 0.26766276359558105, 0.2619553804397583, 0.2574535310268402, 0.26164326071739197, 0.2561036944389343, 0.2555086314678192, 0.25737977027893066, 0.24992398917675018, 0.24761465191841125, 0.24299907684326172, 0.24702276289463043, 0.23907776176929474, 0.23937344551086426, 0.23487189412117004, 0.2325337529182434, 0.23404347896575928, 0.2289590835571289, 0.22779999673366547, 0.22311709821224213, 0.22287757694721222, 0.218457892537117, 0.21488478779792786, 0.21251805126667023, 0.21051020920276642, 0.2072232961654663, 0.20412766933441162, 0.20529711246490479, 0.2015618234872818, 0.19297513365745544, 0.18788504600524902, 0.18591992557048798, 0.1817384511232376, 0.17612114548683167, 0.17628318071365356, 0.16957063972949982, 0.16492879390716553, 0.16401255130767822, 0.16080062091350555, 0.1529960185289383, 0.1448977142572403, 0.14427566528320312, 0.13913916051387787, 0.14279958605766296, 0.13064533472061157, 0.12130426615476608, 0.12061470746994019] 
Training accuracy history = [0.7975662350654602, 0.8337558507919312, 0.842502236366272, 0.8489035367965698, 0.8431993722915649, 0.8451007604598999, 0.8541006445884705, 0.8471922874450684, 0.8475725650787354, 0.8530865907669067, 0.851248562335968, 0.8554316163063049, 0.8554316163063049, 0.8580301403999329, 0.8692483305931091, 0.873367965221405, 0.8785650730133057, 0.8849664330482483, 0.8864241242408752, 0.8894029855728149, 0.889022707939148, 0.8885790109634399, 0.8916846513748169, 0.8922550678253174, 0.8905438184738159, 0.8934592604637146, 0.8956775069236755, 0.8935859799385071, 0.8980859518051147, 0.89700847864151, 0.8999873399734497, 0.8965648412704468, 0.8995436429977417, 0.9010647535324097, 0.9034731984138489, 0.9071491956710815, 0.9039168357849121, 0.9082266688346863, 0.9068956971168518, 0.9081632494926453, 0.9075294733047485, 0.9109519720077515, 0.9108251929283142, 0.9132969975471497, 0.9156420230865479, 0.9151983857154846, 0.9178603291511536, 0.918430745601654, 0.9193814396858215, 0.9212194085121155, 0.9238179922103882, 0.9285714030265808, 0.9281911253929138, 0.9299657940864563, 0.9304727911949158, 0.9321840405464172, 0.9351629018783569, 0.9366840124130249, 0.9359234571456909, 0.9402965903282166, 0.943909227848053, 0.942388117313385, 0.9458106160163879, 0.9458106160163879, 0.9481556415557861, 0.9522119164466858, 0.9539865851402283] 
Training f1 history = [0.7970014810562134, 0.8321735262870789, 0.8418521881103516, 0.8491902351379395, 0.8425480127334595, 0.8444457650184631, 0.8534286022186279, 0.8465333580970764, 0.8469129800796509, 0.852416455745697, 0.8505819439888, 0.8547570109367371, 0.8557059168815613, 0.8573506474494934, 0.8694964051246643, 0.8726593255996704, 0.8768976926803589, 0.885184645652771, 0.8866395950317383, 0.8896127939224243, 0.8882843255996704, 0.8887904286384583, 0.8918901085853577, 0.8924594521522522, 0.8898025751113892, 0.8927124738693237, 0.8949265480041504, 0.8918901681900024, 0.8973304629325867, 0.8972039222717285, 0.9001771211624146, 0.8967610597610474, 0.8987853527069092, 0.9012525081634521, 0.9036563038825989, 0.9073253273963928, 0.90409916639328, 0.9084007740020752, 0.9070723056793213, 0.9083375334739685, 0.9058071970939636, 0.9111209511756897, 0.9100455045700073, 0.9125126004219055, 0.9139043092727661, 0.9153593182563782, 0.917067289352417, 0.9176366329193115, 0.9176365733146667, 0.9213688373565674, 0.9239625334739685, 0.9268091320991516, 0.9283274412155151, 0.9291498064994812, 0.9296557903289795, 0.9323127269744873, 0.9352859258651733, 0.9358552694320679, 0.9341471791267395, 0.9404098987579346, 0.944015622138977, 0.9424974322319031, 0.9440156817436218, 0.9459134340286255, 0.9482540488243103, 0.9523026347160339, 0.953125] 
--- 
Validation loss history = [0.3818452060222626, 0.5201701521873474, 0.5271479487419128, 0.6003211140632629, 0.3808089792728424, 0.34676602482795715, 0.5502094626426697, 0.4412075877189636, 0.3648940324783325, 0.4557282626628876, 0.4733285903930664, 0.4812133014202118, 0.33102771639823914, 0.3568989336490631, 0.3121891915798187, 0.2912418246269226, 0.27432507276535034, 0.3223211169242859, 0.4979087710380554, 0.2543032169342041, 0.24701468646526337, 0.2779494524002075, 0.3375207483768463, 0.3356325030326843, 0.2561109960079193, 0.25675177574157715, 0.26885703206062317, 0.33614176511764526, 0.25497812032699585, 0.25379911065101624, 0.2380802482366562, 0.26549404859542847, 0.2626945972442627, 0.24871493875980377, 0.24859179556369781, 0.23255816102027893, 0.2788863182067871, 0.2381296306848526, 0.30016064643859863, 0.29625508189201355, 0.2889463007450104, 0.24836792051792145, 0.2325575202703476, 0.2675854563713074, 0.2367139458656311, 0.32783982157707214, 0.22975638508796692, 0.28784677386283875, 0.2351728230714798, 0.4933098256587982, 0.2993747889995575, 0.24962261319160461, 0.2381516993045807, 0.3329372704029083, 0.49797874689102173, 0.25626736879348755, 0.2703378200531006, 0.2429603934288025, 0.2481181025505066, 0.24692803621292114, 0.25732624530792236, 0.2479298859834671, 0.2960001528263092, 0.2869989573955536, 0.2642921507358551, 0.36441904306411743, 0.2603737711906433] 
Validation accuracy history = [0.8335233926773071, 0.7822120785713196, 0.7594070434570312, 0.7514253258705139, 0.8204104900360107, 0.8426454067230225, 0.7651083469390869, 0.8010262250900269, 0.8318129777908325, 0.7867730855941772, 0.781641960144043, 0.7765108346939087, 0.8500570058822632, 0.8432155251502991, 0.851767361164093, 0.8722919225692749, 0.8899657726287842, 0.8648802638053894, 0.809008002281189, 0.8911060690879822, 0.8962371945381165, 0.8785632848739624, 0.8705815076828003, 0.8568985462188721, 0.8899657726287842, 0.8916761875152588, 0.8825541734695435, 0.8511972427368164, 0.8985176682472229, 0.8979475498199463, 0.8973774313926697, 0.8922463059425354, 0.8865450620651245, 0.8956670761108398, 0.8945267796516418, 0.902508556842804, 0.8882554173469543, 0.9002280235290527, 0.8688711524009705, 0.8586089015007019, 0.8671607971191406, 0.9030786752700806, 0.9047890305519104, 0.8950968980789185, 0.8985176682472229, 0.8574686646461487, 0.9076396822929382, 0.8734321594238281, 0.9002280235290527, 0.8112884759902954, 0.8677309155464172, 0.8933865427970886, 0.9059293270111084, 0.8437856435775757, 0.8221208453178406, 0.8916761875152588, 0.8996579051017761, 0.9007982015609741, 0.8922463059425354, 0.9002280235290527, 0.9059293270111084, 0.906499445438385, 0.9002280235290527, 0.8899657726287842, 0.9093500375747681, 0.8597491383552551, 0.9122006893157959] 
Validation f1 history = [0.8338285684585571, 0.7825611233711243, 0.7598338723182678, 0.7517481446266174, 0.8207604289054871, 0.8429195284843445, 0.7655156850814819, 0.8014422059059143, 0.8321240544319153, 0.7871065735816956, 0.7819929718971252, 0.7768793106079102, 0.8503058552742004, 0.8434876799583435, 0.8518792986869812, 0.8724649548530579, 0.8899475336074829, 0.8648163676261902, 0.8093968033790588, 0.8912149667739868, 0.896197497844696, 0.8785838484764099, 0.8704981803894043, 0.8571240305900574, 0.8899475336074829, 0.8916520476341248, 0.8825611472129822, 0.8514422178268433, 0.8986013531684875, 0.8980331420898438, 0.8973339200019836, 0.8922203183174133, 0.8866695165634155, 0.8957604169845581, 0.8944929838180542, 0.9024475812911987, 0.888505220413208, 0.9003058671951294, 0.8690558671951294, 0.858828604221344, 0.8674824833869934, 0.903015673160553, 0.9047202467918396, 0.895061194896698, 0.8986014127731323, 0.8575611710548401, 0.907823383808136, 0.8737325668334961, 0.9003059267997742, 0.8116695284843445, 0.8680506348609924, 0.8936188220977783, 0.9059876799583435, 0.8441870212554932, 0.8224649429321289, 0.8919143080711365, 0.8997377753257751, 0.901005208492279, 0.892482578754425, 0.9003059267997742, 0.9059876799583435, 0.9066870212554932, 0.9003058671951294, 0.890078604221344, 0.9093968272209167, 0.8600960969924927, 0.9122377634048462] 
--- 
Radius of the CI = 0.008948608681249637 
True classification of the model is likely between 0.889317825988245 and 0.9072150433507442 
--- 
Test accuracy = 0.8982664346694946 
Confusion matrix (0 | 1) = 
 [[2026  159]
 [ 287 1912]] 
--- 
