This file contains information about the lstm model 
Analysis directory = C:\Users\cdetr\Documents\GitHub\nomics\jawac_processing_nomics/data/awake_sleep_analysis 
--- 
Segmentation value = 180.0 
Downsampling value = 1.0 
Signal frequency = 1.0 Hz 
Batch size = 32 
Standard scale = 0 
Stateful = 0 
Sliding window = 1 
Center of interest = 60 
Full sequence = 0 
Return sequences = 1 
Data balancing = 1 
--- 
Log time = 06-04-2022 16-21-28 
--- 
Num of epochs = 100, early stop after 43 epochs 
Epochs training computation time history (in sec) = [25.166845321655273, 20.67683434486389, 20.623295783996582, 20.183700799942017, 20.853798389434814, 20.775838613510132, 20.598456144332886, 20.58092737197876, 20.42397928237915, 21.083495378494263, 20.06563401222229, 20.863471746444702, 21.59228253364563, 21.688070058822632, 21.255919456481934, 21.56999373435974, 21.8140230178833, 22.401127099990845, 21.622257232666016, 21.211111783981323, 21.00572443008423, 21.305975675582886, 22.160391807556152, 21.46258234977722, 21.489793300628662, 20.745513200759888, 20.85705256462097, 21.332048892974854, 22.552754402160645, 21.1501681804657, 21.023083448410034, 20.84329891204834, 21.313652515411377, 21.607259273529053, 21.166645288467407, 21.150787353515625, 20.515132904052734, 21.307355165481567, 21.78807258605957, 21.930213689804077, 21.872889280319214, 20.97098684310913, 20.042855978012085] 
Epochs training computation time mean (in sec) = 21.270820933719015 
--- 
Training loss history = [0.6549477577209473, 0.621432363986969, 0.5855284929275513, 0.519364058971405, 0.4236796498298645, 0.4038423001766205, 0.39792510867118835, 0.3888265788555145, 0.3864016830921173, 0.3806919753551483, 0.3778281807899475, 0.3724402189254761, 0.3701907694339752, 0.36419427394866943, 0.35210907459259033, 0.338320255279541, 0.3309546709060669, 0.32715022563934326, 0.3214222192764282, 0.31713995337486267, 0.31397169828414917, 0.3109549880027771, 0.30784159898757935, 0.302338182926178, 0.2997465133666992, 0.2971591353416443, 0.29131993651390076, 0.2879084646701813, 0.2840447723865509, 0.28003713488578796, 0.2796613276004791, 0.27201834321022034, 0.2673358917236328, 0.26331549882888794, 0.2575119435787201, 0.2523876130580902, 0.24988141655921936, 0.24238350987434387, 0.23827920854091644, 0.22648929059505463, 0.22633855044841766, 0.22195598483085632, 0.21376074850559235] 
Training accuracy history = [0.6013032793998718, 0.6558887362480164, 0.6869835257530212, 0.7463902235031128, 0.803808331489563, 0.8164084553718567, 0.8196457028388977, 0.8237892389297485, 0.8256735801696777, 0.8294418454170227, 0.8299917578697205, 0.8315622806549072, 0.8338871002197266, 0.8368488550186157, 0.8423423171043396, 0.8484074473381042, 0.8529013991355896, 0.8540047407150269, 0.8573490381240845, 0.858092725276947, 0.8602518439292908, 0.8608735799789429, 0.8630931377410889, 0.8653451204299927, 0.8660873770713806, 0.8683873414993286, 0.8703172206878662, 0.8720527291297913, 0.8735182285308838, 0.8754294514656067, 0.8750210404396057, 0.8791839480400085, 0.8814583420753479, 0.8828420639038086, 0.8865371346473694, 0.8876519203186035, 0.8893736004829407, 0.8934021592140198, 0.8950613737106323, 0.9006414413452148, 0.9000403881072998, 0.9029421210289001, 0.9063102602958679] 
Training f1 history = [0.6013278961181641, 0.6558741927146912, 0.6869640350341797, 0.7464043498039246, 0.803816020488739, 0.8163993954658508, 0.8196374177932739, 0.8237920999526978, 0.8256690502166748, 0.8294419050216675, 0.8299988508224487, 0.8315621614456177, 0.8338711261749268, 0.8368632793426514, 0.8423029184341431, 0.8484068512916565, 0.8529084920883179, 0.8540219068527222, 0.8573573231697083, 0.858091413974762, 0.8602579832077026, 0.860876202583313, 0.8630610108375549, 0.8653441071510315, 0.8660783171653748, 0.8683913350105286, 0.87030029296875, 0.8720569014549255, 0.8735302090644836, 0.8754339814186096, 0.8750019669532776, 0.8791874647140503, 0.8814677596092224, 0.8828466534614563, 0.886520266532898, 0.8876510858535767, 0.8893747329711914, 0.8934163451194763, 0.8950372338294983, 0.900647759437561, 0.9000446200370789, 0.9029417634010315, 0.9063229560852051] 
--- 
Validation loss history = [0.6545994281768799, 0.6061787605285645, 0.6063393950462341, 0.43757304549217224, 0.4057668447494507, 0.40818172693252563, 0.40669944882392883, 0.39384353160858154, 0.3887407183647156, 0.38112062215805054, 0.3817286789417267, 0.3789430558681488, 0.37325918674468994, 0.3685213029384613, 0.34606462717056274, 0.33996066451072693, 0.32791176438331604, 0.3391937017440796, 0.3321327567100525, 0.3203367292881012, 0.32548508048057556, 0.31818345189094543, 0.3204336166381836, 0.32985445857048035, 0.3423169255256653, 0.3148910701274872, 0.31093111634254456, 0.3138805627822876, 0.32365748286247253, 0.32776162028312683, 0.3120392858982086, 0.32602405548095703, 0.30434146523475647, 0.31045329570770264, 0.321973592042923, 0.3215128183364868, 0.3168652057647705, 0.34019219875335693, 0.31811824440956116, 0.317938894033432, 0.33027252554893494, 0.3196326196193695, 0.3613588213920593] 
Validation accuracy history = [0.6058103442192078, 0.6806487441062927, 0.6724272966384888, 0.7910763025283813, 0.8097563982009888, 0.8131400942802429, 0.8079946637153625, 0.8205443620681763, 0.820712149143219, 0.8242170214653015, 0.8249409794807434, 0.8255437612533569, 0.8288994431495667, 0.8338988423347473, 0.8438137173652649, 0.8457307815551758, 0.8487074375152588, 0.8481202125549316, 0.845382809638977, 0.8552572727203369, 0.8493102192878723, 0.8570563197135925, 0.8555648922920227, 0.8556177020072937, 0.8486825823783875, 0.8558103442192078, 0.8624969124794006, 0.8558973670005798, 0.8550925850868225, 0.856633722782135, 0.857742965221405, 0.8594301342964172, 0.8661105036735535, 0.8598402738571167, 0.8613659143447876, 0.8598589301109314, 0.8583115935325623, 0.856602668762207, 0.8601789474487305, 0.8593617677688599, 0.8610800504684448, 0.8544183373451233, 0.8595016002655029] 
Validation f1 history = [0.6059125661849976, 0.680512547492981, 0.6724308133125305, 0.7909318208694458, 0.8096982836723328, 0.8130282759666443, 0.8079076409339905, 0.8203704953193665, 0.8205025792121887, 0.824160635471344, 0.8248547911643982, 0.8254141211509705, 0.8287950754165649, 0.8338084816932678, 0.8437142372131348, 0.8456159830093384, 0.8486092686653137, 0.8480445742607117, 0.8452631831169128, 0.8551653623580933, 0.8492202758789062, 0.8569656610488892, 0.8554964661598206, 0.8555381894111633, 0.8486617207527161, 0.8557220101356506, 0.8623723387718201, 0.855785071849823, 0.8549918532371521, 0.8565439581871033, 0.8576406240463257, 0.8593212962150574, 0.8659748435020447, 0.8597057461738586, 0.8612194657325745, 0.859746515750885, 0.8581777215003967, 0.8565210103988647, 0.8600727915763855, 0.8592420816421509, 0.8609538078308105, 0.8542966842651367, 0.8593974709510803] 
--- 
Radius of the CI = 0.012164466678459794 
True classification of the model is likely between 0.8462128707772897 and 0.8705418041342093 
--- 
Test accuracy = 0.8583773374557495 
Confusion matrix (0 | 1) = 
 [[251627  39317]
 [ 41136 236000]] 
--- 
