This file contains information about the lstm model 
Analysis directory = C:\Users\cdetr\Documents\GitHub\nomics\nomics-AI/data/task2/tfe/without_oe/analysis 
--- 
Segmentation value = 180.0 
Downsampling value = 1.0 
Signal frequency = 1.0 Hz 
Batch size = 32 
Standard scale = 0 
Stateful = 0 
Sliding window = 1 
Center of interest = 60 
Full sequence = 0 
Return sequences = 0 
Data balancing = 1 
--- 
Log time = 13-06-2022 13-50-24 
--- 
Num of epochs = 100, early stop after 62 epochs 
Epochs training computation time history (in sec) = [27.185031175613403, 23.357043981552124, 24.227904796600342, 24.270222425460815, 23.789849758148193, 23.113370895385742, 23.884041786193848, 23.10315489768982, 23.248571157455444, 23.67957329750061, 24.12924838066101, 24.340542316436768, 24.384984970092773, 24.856929540634155, 23.375797271728516, 23.234999656677246, 23.640997886657715, 23.772998094558716, 23.43599772453308, 24.383999824523926, 24.683001041412354, 24.90299940109253, 23.910999536514282, 24.138999938964844, 22.421005249023438, 23.669000387191772, 25.13700032234192, 25.746999502182007, 23.292000770568848, 23.946000814437866, 24.425999641418457, 23.533000230789185, 23.638001441955566, 24.922001123428345, 24.628997564315796, 23.965002298355103, 23.4290030002594, 23.746999740600586, 24.92799973487854, 25.06599736213684, 25.449003219604492, 23.464998483657837, 22.72799849510193, 23.113998651504517, 22.810001850128174, 22.791999340057373, 22.07300305366516, 22.833999156951904, 22.987998723983765, 22.8940007686615, 22.091001510620117, 22.152998685836792, 22.905999183654785, 22.632000207901, 22.50499963760376, 22.25200080871582, 23.213999032974243, 24.141000509262085, 24.140000104904175, 24.301997900009155, 23.45199966430664, 23.58100152015686] 
Epochs training computation time mean (in sec) = 23.742939829826355 
--- 
Training loss history = [0.66861492395401, 0.6556415557861328, 0.6566543579101562, 0.6684276461601257, 0.6360567808151245, 0.5481906533241272, 0.4477650821208954, 0.3792495131492615, 0.355869859457016, 0.33373716473579407, 0.3234233558177948, 0.3185409903526306, 0.32135841250419617, 0.30700746178627014, 0.3035188913345337, 0.3000045120716095, 0.29805824160575867, 0.29636770486831665, 0.29275786876678467, 0.2859753668308258, 0.2857612669467926, 0.28413864970207214, 0.2836623191833496, 0.30076533555984497, 0.2823212444782257, 0.278705894947052, 0.2757633626461029, 0.2692350149154663, 0.26627397537231445, 0.2645561397075653, 0.26153331995010376, 0.26168882846832275, 0.2580098807811737, 0.25082316994667053, 0.24830028414726257, 0.2499869465827942, 0.24475595355033875, 0.24098382890224457, 0.24137859046459198, 0.2345486730337143, 0.23864366114139557, 0.23280903697013855, 0.22742529213428497, 0.22667346894741058, 0.22132451832294464, 0.24325357377529144, 0.23764510452747345, 0.21590569615364075, 0.20992469787597656, 0.2066403180360794, 0.20832182466983795, 0.204759418964386, 0.20500701665878296, 0.29308000206947327, 0.587961733341217, 0.533048152923584, 0.5203746557235718, 0.5172893404960632, 0.472434937953949, 0.392277330160141, 0.4158121645450592, 0.38591164350509644] 
Training accuracy history = [0.5887120962142944, 0.6167481541633606, 0.6168400049209595, 0.5981263518333435, 0.6398705244064331, 0.7306835651397705, 0.8009459972381592, 0.8372712731361389, 0.8472365736961365, 0.8599343299865723, 0.8626667857170105, 0.8651925325393677, 0.8635392785072327, 0.8692337870597839, 0.8708869814872742, 0.8715988397598267, 0.8736653327941895, 0.8745378851890564, 0.8752956390380859, 0.8783265352249146, 0.8788087368011475, 0.879038393497467, 0.879612386226654, 0.8715069890022278, 0.880094587802887, 0.8818167448043823, 0.8820692896842957, 0.8858809471130371, 0.8867764472961426, 0.8879704475402832, 0.8893940448760986, 0.8892103433609009, 0.890381395816803, 0.8934811949729919, 0.8963973522186279, 0.8932056427001953, 0.8978898525238037, 0.8990838527679443, 0.8985327482223511, 0.9018622040748596, 0.900668203830719, 0.904204249382019, 0.9055819511413574, 0.9044108986854553, 0.9061330556869507, 0.899543046951294, 0.8997267484664917, 0.9096461534500122, 0.9127459526062012, 0.913182258605957, 0.9121949076652527, 0.9141466617584229, 0.9149273037910461, 0.8621845841407776, 0.6884342432022095, 0.7415673732757568, 0.7426465749740601, 0.7467337250709534, 0.7847121953964233, 0.8286147117614746, 0.8155725598335266, 0.8348602652549744] 
Training f1 history = [0.588714063167572, 0.6167495250701904, 0.6168391108512878, 0.5981273651123047, 0.6398727893829346, 0.7306874394416809, 0.800946831703186, 0.8372703790664673, 0.8472363352775574, 0.8599337935447693, 0.8626668453216553, 0.8651925921440125, 0.8635364174842834, 0.8692359924316406, 0.8708869218826294, 0.8715980052947998, 0.8736644983291626, 0.8745385408401489, 0.875294029712677, 0.8783285617828369, 0.878807783126831, 0.8790388107299805, 0.8796136379241943, 0.8715091347694397, 0.8800957202911377, 0.8818172216415405, 0.8820703625679016, 0.8858789801597595, 0.886777400970459, 0.8879706859588623, 0.889394223690033, 0.8892112970352173, 0.890380859375, 0.8934828639030457, 0.8963967561721802, 0.8932050466537476, 0.8978913426399231, 0.8990830779075623, 0.8985334634780884, 0.901863694190979, 0.9006667137145996, 0.9042026996612549, 0.90558260679245, 0.9044107794761658, 0.9061328768730164, 0.8995437622070312, 0.8997282385826111, 0.9096444845199585, 0.9127442240715027, 0.9131826162338257, 0.912193238735199, 0.9141440987586975, 0.9149285554885864, 0.8621787428855896, 0.6884346604347229, 0.7415680289268494, 0.7426472306251526, 0.746733546257019, 0.7847133278846741, 0.8286148905754089, 0.8155730366706848, 0.8348603248596191] 
--- 
Validation loss history = [0.6571846604347229, 0.6304685473442078, 0.6860929131507874, 0.6538674235343933, 0.5934057831764221, 0.4401661157608032, 0.4050549566745758, 0.3426514267921448, 0.32795125246047974, 0.308741956949234, 0.31224870681762695, 0.3004467785358429, 0.32018083333969116, 0.32049351930618286, 0.3191829025745392, 0.29927438497543335, 0.3119373619556427, 0.2906164228916168, 0.29187262058258057, 0.2881599962711334, 0.3101688623428345, 0.29187870025634766, 0.302457332611084, 0.30270805954933167, 0.2958313822746277, 0.2968910336494446, 0.2872617542743683, 0.28243255615234375, 0.2917008697986603, 0.27552855014801025, 0.27966922521591187, 0.28082549571990967, 0.28180956840515137, 0.27124905586242676, 0.26918861269950867, 0.27620068192481995, 0.26554638147354126, 0.2658882439136505, 0.27001333236694336, 0.2673182487487793, 0.26144692301750183, 0.2665996849536896, 0.2686271071434021, 0.26849332451820374, 0.2609703242778778, 0.2709547281265259, 0.26090916991233826, 0.2602179944515228, 0.2621873617172241, 0.2652549743652344, 0.26138120889663696, 0.2577076852321625, 0.2570169270038605, 0.6257008910179138, 0.536771833896637, 0.5010310411453247, 0.4835200905799866, 0.5052450895309448, 0.4070115387439728, 0.3503139615058899, 0.4116155803203583, 0.36402592062950134] 
Validation accuracy history = [0.6088034510612488, 0.6398016214370728, 0.5678859353065491, 0.5970242023468018, 0.6877453923225403, 0.8078115582466125, 0.8210374116897583, 0.8522421717643738, 0.8557553291320801, 0.8671212792396545, 0.8543087244033813, 0.8681545853614807, 0.8640214800834656, 0.8582351803779602, 0.8693944811820984, 0.8712543845176697, 0.870014488697052, 0.8741475343704224, 0.8710477352142334, 0.8791072368621826, 0.8625749349594116, 0.8743541836738586, 0.8671212792396545, 0.8708410859107971, 0.8646414279937744, 0.8669146299362183, 0.8780739903450012, 0.8760074377059937, 0.8720809817314148, 0.8795205354690552, 0.8809671401977539, 0.8848935961723328, 0.8741475343704224, 0.8857201933860779, 0.8879933953285217, 0.8813804388046265, 0.8886133432388306, 0.8904732465744019, 0.8879933953285217, 0.8917131423950195, 0.8904732465744019, 0.8879933953285217, 0.8877867460250854, 0.8884066939353943, 0.889853298664093, 0.8896466493606567, 0.8919197916984558, 0.8966728448867798, 0.8908865451812744, 0.891299843788147, 0.8927464485168457, 0.8937796950340271, 0.8931597471237183, 0.6253358125686646, 0.7396156191825867, 0.7571812272071838, 0.7753667831420898, 0.7563546299934387, 0.8200041055679321, 0.8458359241485596, 0.8152511119842529, 0.8410828709602356] 
Validation f1 history = [0.610079824924469, 0.6401844024658203, 0.5693725943565369, 0.598361074924469, 0.6871474981307983, 0.8073307871818542, 0.8212229013442993, 0.852267324924469, 0.8557623624801636, 0.8670699596405029, 0.8543232083320618, 0.8680979013442993, 0.863986074924469, 0.8582294583320618, 0.8693314790725708, 0.8719159960746765, 0.8706824779510498, 0.8747944235801697, 0.8717104196548462, 0.8789942860603333, 0.8625469207763672, 0.8742656707763672, 0.8678041696548462, 0.8715049624443054, 0.865337073802948, 0.8675985932350159, 0.8779664039611816, 0.8766446113586426, 0.8720041513442993, 0.8801398277282715, 0.8815789222717285, 0.8854851722717285, 0.8747943043708801, 0.8855733275413513, 0.8885689973831177, 0.8812559247016907, 0.8891858458518982, 0.8910360932350159, 0.8885690569877625, 0.8922696113586426, 0.8910362124443054, 0.8878347277641296, 0.8883634805679321, 0.8889802694320679, 0.8904193043708801, 0.8902137875556946, 0.8924753069877625, 0.8972039222717285, 0.8914473652839661, 0.8918585777282715, 0.8932976722717285, 0.8943256735801697, 0.8937088847160339, 0.6257929801940918, 0.7394853830337524, 0.7576949596405029, 0.7757870554924011, 0.7576068639755249, 0.8201949596405029, 0.8458939790725708, 0.8154663443565369, 0.8418996334075928] 
--- 
Radius of the CI = 0.005460227242355868 
True classification of the model is likely between 0.889646386393661 and 0.9005668408783727 
--- 
Test accuracy = 0.8951066136360168 
Confusion matrix (0 | 1) = 
 [[5422  551]
 [ 718 5407]] 
--- 
