This file contains information about the lstm model 
Analysis directory = C:\Users\cdetr\Documents\GitHub\nomics\jawac_processing_nomics/data/valid_invalid_analysis 
--- 
Segmentation value = 180.0 
Downsampling value = 1.0 
Signal frequency = 1.0 Hz 
Batch size = 8 
Standard scale = 0 
Stateful = 0 
Sliding window = 0 
Center of interest = 10 
Full sequence = 0 
Return sequences = 0 
Data balancing = 0 
--- 
Log time = 18-04-2022 09-17-00 
--- 
Num of epochs = 100, early stop after 76 epochs 
Epochs training computation time history (in sec) = [37.571001052856445, 32.74799919128418, 34.413002014160156, 33.809000730514526, 34.996012926101685, 33.956000089645386, 34.658995628356934, 34.79699397087097, 35.331998109817505, 34.19899797439575, 34.86500263214111, 35.37499976158142, 35.6159987449646, 35.35600662231445, 34.72199082374573, 33.51799821853638, 34.62300133705139, 34.43799877166748, 34.93600273132324, 36.48599553108215, 36.612000703811646, 36.10199809074402, 36.80499744415283, 35.13800621032715, 33.17599630355835, 33.27199959754944, 32.916998863220215, 33.69500112533569, 34.51599955558777, 34.732001543045044, 35.68400478363037, 35.37999081611633, 33.94300174713135, 38.00999450683594, 38.05002760887146, 38.04199957847595, 36.58600211143494, 36.20600128173828, 35.00000023841858, 35.316999435424805, 34.12500476837158, 35.14599585533142, 35.81200170516968, 36.19400095939636, 35.728002071380615, 36.20700192451477, 37.1440007686615, 37.019999265670776, 37.33499884605408, 38.05700063705444, 38.70500135421753, 39.01200032234192, 38.620001792907715, 37.769997358322144, 38.90099906921387, 37.18499708175659, 37.12899851799011, 37.29900050163269, 35.10000133514404, 33.8459997177124, 34.06001329421997, 36.37000060081482, 36.17400050163269, 37.032002687454224, 35.70599818229675, 35.60299849510193, 34.98901343345642, 35.36500024795532, 34.12900137901306, 35.00100016593933, 35.76100015640259, 35.439032554626465, 33.1200008392334, 32.28800010681152, 32.7339985370636, 35.62900185585022] 
Epochs training computation time mean (in sec) = 35.543856385507084 
--- 
Training loss history = [0.12842977046966553, 0.08285501599311829, 0.06616176664829254, 0.05982450768351555, 0.051499903202056885, 0.04735639691352844, 0.05429382249712944, 0.03991548344492912, 0.03389608860015869, 0.0278914887458086, 0.030234890058636665, 0.03299296274781227, 0.030136682093143463, 0.028859153389930725, 0.026992157101631165, 0.02724442258477211, 0.026524391025304794, 0.025065740570425987, 0.04153108969330788, 0.03398163616657257, 0.029883693903684616, 0.02944103628396988, 0.02394944801926613, 0.025771796703338623, 0.02842106483876705, 0.0241558700799942, 0.020867500454187393, 0.023167120292782784, 0.025159405544400215, 0.02396881952881813, 0.021753843873739243, 0.02702297456562519, 0.022841284051537514, 0.02285587415099144, 0.0228355024009943, 0.02371297962963581, 0.025268755853176117, 0.024472692981362343, 0.02191007509827614, 0.024813411757349968, 0.019138989970088005, 0.024190612137317657, 0.02036365121603012, 0.020478814840316772, 0.018766244873404503, 0.019403645768761635, 0.017841408029198647, 0.021173598244786263, 0.01582956127822399, 0.02290516346693039, 0.0189522635191679, 0.016770506277680397, 0.015976831316947937, 0.019881989806890488, 0.016721533611416817, 0.01550719141960144, 0.01861829124391079, 0.01786804385483265, 0.016378629952669144, 0.01785999722778797, 0.02234303392469883, 0.02348831109702587, 0.018834661692380905, 0.01652415469288826, 0.016924886032938957, 0.019069010391831398, 0.024343807250261307, 0.018245849758386612, 0.01686309650540352, 0.01627790369093418, 0.022212142124772072, 0.02051779441535473, 0.017376966774463654, 0.020247139036655426, 0.02134040929377079, 0.02743000164628029] 
Training accuracy history = [0.9561762809753418, 0.9669149518013, 0.9725015759468079, 0.97746741771698, 0.9790192246437073, 0.9818745851516724, 0.9819987416267395, 0.9878336191177368, 0.9896337389945984, 0.9916821718215942, 0.9900062084197998, 0.9898820519447327, 0.9907510876655579, 0.9916201233863831, 0.9925512075424194, 0.9920546412467957, 0.9920546412467957, 0.9931719303131104, 0.9877715706825256, 0.9904407262802124, 0.9911234974861145, 0.9918683767318726, 0.9931719303131104, 0.9921787977218628, 0.9912476539611816, 0.9918683767318726, 0.9934202432632446, 0.9923028945922852, 0.9916821718215942, 0.992985725402832, 0.9936685562133789, 0.992240846157074, 0.9927374124526978, 0.9932960867881775, 0.9933581352233887, 0.9926753640174866, 0.9926132559776306, 0.9916821718215942, 0.9932960867881775, 0.9927374124526978, 0.9950962066650391, 0.9942271709442139, 0.9945996403694153, 0.9932960867881775, 0.994351327419281, 0.9946616888046265, 0.9950341582298279, 0.9945375323295593, 0.9952203631401062, 0.9930477738380432, 0.994351327419281, 0.9946616888046265, 0.9949720501899719, 0.994351327419281, 0.9950341582298279, 0.9948478937149048, 0.9945996403694153, 0.9935443997383118, 0.9945996403694153, 0.994413435459137, 0.9932340383529663, 0.9933581352233887, 0.9945375323295593, 0.9950341582298279, 0.9950341582298279, 0.9947237968444824, 0.9937926530838013, 0.9949100017547607, 0.9954686760902405, 0.9950962066650391, 0.9942271709442139, 0.994413435459137, 0.995158314704895, 0.9942271709442139, 0.9926132559776306, 0.9913097620010376] 
Training f1 history = [0.9561817049980164, 0.9669190645217896, 0.9725049734115601, 0.9774702191352844, 0.9790218472480774, 0.9818768501281738, 0.982001006603241, 0.987835168838501, 0.9896350502967834, 0.9916832447052002, 0.9900074601173401, 0.989883303642273, 0.9907522201538086, 0.9916211366653442, 0.9925521612167358, 0.9920555949211121, 0.9920555949211121, 0.9931727647781372, 0.987773060798645, 0.9904419183731079, 0.9911246299743652, 0.9918693900108337, 0.9931727647781372, 0.9921797513961792, 0.9912487864494324, 0.9918693900108337, 0.9934210777282715, 0.9923038482666016, 0.9916625618934631, 0.9929866194725037, 0.993669331073761, 0.9922417998313904, 0.9927383065223694, 0.9932969212532043, 0.9933589696884155, 0.9926762580871582, 0.992614209651947, 0.9916832447052002, 0.9932969212532043, 0.9927383065223694, 0.9950968027114868, 0.9942278861999512, 0.9946002960205078, 0.9932969212532043, 0.9943520426750183, 0.994662344455719, 0.9950347542762756, 0.9945382475852966, 0.9952002763748169, 0.9930486679077148, 0.9943520426750183, 0.994662344455719, 0.9949727058410645, 0.9943520426750183, 0.9950347542762756, 0.9948485493659973, 0.9946002960205078, 0.9935451745986938, 0.9946002960205078, 0.9944140911102295, 0.9932141900062561, 0.9933589696884155, 0.9945382475852966, 0.9950347542762756, 0.9950347542762756, 0.994724452495575, 0.9937934279441833, 0.9949105978012085, 0.9954692125320435, 0.9950968027114868, 0.9942278861999512, 0.9944140911102295, 0.9951589107513428, 0.9942278861999512, 0.992614209651947, 0.9913108348846436] 
--- 
Validation loss history = [0.07976226508617401, 0.07679318636655807, 0.05015679448843002, 0.06781665235757828, 0.05098745599389076, 0.06451636552810669, 0.04799531400203705, 0.03269195929169655, 0.03093012608587742, 0.03966221213340759, 0.02588070183992386, 0.03240681067109108, 0.028635555878281593, 0.03335888683795929, 0.06166543439030647, 0.03794269636273384, 0.029204916208982468, 0.029407452791929245, 0.06895679980516434, 0.030625617131590843, 0.03441973403096199, 0.025495266541838646, 0.07425950467586517, 0.03399781882762909, 0.03363924100995064, 0.02532666176557541, 0.024138303473591805, 0.023655908182263374, 0.030322717502713203, 0.035905737429857254, 0.03017166070640087, 0.03691058233380318, 0.033730462193489075, 0.03183060884475708, 0.023419545963406563, 0.030349258333444595, 0.03166970983147621, 0.023225141689181328, 0.037265267223119736, 0.025130553171038628, 0.0468122698366642, 0.02599925920367241, 0.026306232437491417, 0.021941430866718292, 0.033081311732530594, 0.04221155866980553, 0.03449197858572006, 0.030452093109488487, 0.02775971218943596, 0.030740149319171906, 0.026683460921049118, 0.03208780661225319, 0.05002257600426674, 0.031232800334692, 0.03222465142607689, 0.020913343876600266, 0.02777809277176857, 0.04051993042230606, 0.03406163305044174, 0.029311934486031532, 0.045882780104875565, 0.02662026323378086, 0.02856556512415409, 0.03877862170338631, 0.028976723551750183, 0.0357963964343071, 0.028789183124899864, 0.026872867718338966, 0.03042703866958618, 0.027521107345819473, 0.032620370388031006, 0.0317443422973156, 0.04892108589410782, 0.038467150181531906, 0.03889847546815872, 0.05371920019388199] 
Validation accuracy history = [0.9631490707397461, 0.9709659218788147, 0.9759910702705383, 0.9648241400718689, 0.9771077632904053, 0.9687325358390808, 0.9759910702705383, 0.9899497628211975, 0.9860413074493408, 0.9849246144294739, 0.9893913865089417, 0.9893913865089417, 0.9882746934890747, 0.9899497628211975, 0.98269122838974, 0.9893913865089417, 0.9888330698013306, 0.9893913865089417, 0.9843662977218628, 0.9899497628211975, 0.9899497628211975, 0.9916247725486755, 0.9843662977218628, 0.9905080795288086, 0.9877163767814636, 0.9888330698013306, 0.9921831488609314, 0.9910664558410645, 0.9905080795288086, 0.9893913865089417, 0.9899497628211975, 0.9893913865089417, 0.9888330698013306, 0.9921831488609314, 0.9932998418807983, 0.9899497628211975, 0.9893913865089417, 0.9927414655685425, 0.9882746934890747, 0.9910664558410645, 0.9877163767814636, 0.9899497628211975, 0.9921831488609314, 0.9949748516082764, 0.9927414655685425, 0.9860413074493408, 0.9905080795288086, 0.9916247725486755, 0.9899497628211975, 0.9916247725486755, 0.9916247725486755, 0.9921831488609314, 0.9927414655685425, 0.9938581585884094, 0.9916247725486755, 0.9932998418807983, 0.9882746934890747, 0.9905080795288086, 0.9893913865089417, 0.9921831488609314, 0.9921831488609314, 0.9916247725486755, 0.9932998418807983, 0.9927414655685425, 0.9899497628211975, 0.9932998418807983, 0.9927414655685425, 0.9927414655685425, 0.9944165349006653, 0.9944165349006653, 0.9910664558410645, 0.9938581585884094, 0.9921831488609314, 0.9882746934890747, 0.9910664558410645, 0.9921831488609314] 
Validation f1 history = [0.9631696343421936, 0.9709821343421936, 0.9760044813156128, 0.96484375, 0.9771205186843872, 0.96875, 0.9760044813156128, 0.9899553656578064, 0.9860491156578064, 0.9849330186843872, 0.9893973469734192, 0.9893973469734192, 0.98828125, 0.9899553656578064, 0.9827008843421936, 0.9893973469734192, 0.9888392686843872, 0.9893973469734192, 0.984375, 0.9899553656578064, 0.9899553656578064, 0.9916294813156128, 0.984375, 0.9905133843421936, 0.9877232313156128, 0.9888392686843872, 0.9921875, 0.9910714030265808, 0.9905133843421936, 0.9893973469734192, 0.9899553656578064, 0.9893973469734192, 0.9888392686843872, 0.9921875, 0.9933035969734192, 0.9899553656578064, 0.9893973469734192, 0.9927455186843872, 0.98828125, 0.9910714030265808, 0.9877232313156128, 0.9899553656578064, 0.9921875, 0.9949776530265808, 0.9927455186843872, 0.9860491156578064, 0.9905133843421936, 0.9916294813156128, 0.9899553656578064, 0.9916294813156128, 0.9916294813156128, 0.9921875, 0.9927455186843872, 0.9938616156578064, 0.9916294813156128, 0.9933035969734192, 0.98828125, 0.9905133843421936, 0.9893973469734192, 0.9921875, 0.9921875, 0.9916294813156128, 0.9933035969734192, 0.9927455186843872, 0.9899553656578064, 0.9933035969734192, 0.9927455186843872, 0.9927455186843872, 0.9944196343421936, 0.9944196343421936, 0.9910714030265808, 0.9938616156578064, 0.9921875, 0.98828125, 0.9910714030265808, 0.9921875] 
--- 
Radius of the CI = 0.0022684747121585985 
True classification of the model is likely between 0.9916993564226375 and 0.9962363058469548 
--- 
Test accuracy = 0.9939678311347961 
Confusion matrix (0 | 1) = 
 [[2037   23]
 [   4 2412]] 
--- 
