This file contains information about the resnet model 
Analysis directory = C:\Users\cdetr\Documents\GitHub\nomics\nomics-AI/data/task1/analysis 
--- 
Segmentation value = 120.0 
Downsampling value = 1.0 
Signal frequency = 1.0 Hz 
Batch size = 32 
Standard scale = 0 
Stateful = 0 
Sliding window = 0 
Center of interest = 10 
Full sequence = 0 
Return sequences = 0 
Data balancing = 0 
--- 
Log time = 14-06-2022 10-54-27 
--- 
Num of epochs = 100, early stop after 39 epochs 
Epochs training computation time history (in sec) = [14.620997428894043, 9.115999221801758, 9.221998453140259, 8.837474584579468, 9.026125192642212, 9.192804098129272, 9.056132316589355, 8.878998517990112, 8.787000894546509, 9.232999086380005, 9.107999801635742, 9.14299726486206, 9.054998397827148, 8.78299880027771, 9.231001615524292, 9.31600046157837, 9.592015504837036, 9.260001420974731, 9.197998285293579, 9.001000881195068, 8.884001970291138, 9.02799940109253, 8.874998807907104, 8.833002090454102, 8.760000705718994, 8.80400013923645, 9.218000888824463, 9.326995849609375, 9.17099928855896, 9.39300012588501, 9.140997886657715, 8.853999614715576, 8.97699785232544, 9.525997161865234, 10.023001194000244, 9.260998249053955, 9.128999710083008, 9.319997310638428, 9.394013166427612] 
Epochs training computation time mean (in sec) = 9.271167785693438 
--- 
Training loss history = [0.20051729679107666, 0.18168559670448303, 0.17006491124629974, 0.16160887479782104, 0.15669044852256775, 0.15563420951366425, 0.1581270396709442, 0.15251445770263672, 0.15083110332489014, 0.14952798187732697, 0.14820046722888947, 0.14219258725643158, 0.14519788324832916, 0.13762176036834717, 0.14154978096485138, 0.13952916860580444, 0.1328187733888626, 0.13831859827041626, 0.14270375669002533, 0.13791199028491974, 0.1331496238708496, 0.1320684552192688, 0.12951217591762543, 0.1329459697008133, 0.13028591871261597, 0.12910257279872894, 0.12251169979572296, 0.13194742798805237, 0.1294805407524109, 0.13162590563297272, 0.12339743226766586, 0.14020667970180511, 0.13293083012104034, 0.12375262379646301, 0.13560761511325836, 0.12594665586948395, 0.12029144167900085, 0.12470635771751404, 0.12359113246202469] 
Training accuracy history = [0.9324156641960144, 0.937872052192688, 0.9419229626655579, 0.9435350298881531, 0.9438657164573669, 0.9444444179534912, 0.945519208908081, 0.9465939402580261, 0.9453538656234741, 0.9456018805503845, 0.9468419551849365, 0.9491153955459595, 0.944940447807312, 0.9493221044540405, 0.9465112686157227, 0.94692462682724, 0.9486193656921387, 0.9459738731384277, 0.9468419551849365, 0.9494874477386475, 0.9491980671882629, 0.9506034851074219, 0.9497354626655579, 0.9503968358039856, 0.9501488208770752, 0.9512235522270203, 0.9512235522270203, 0.9501074552536011, 0.9497767686843872, 0.9488673806190491, 0.9510995149612427, 0.9479993581771851, 0.950644850730896, 0.9511821866035461, 0.9475033283233643, 0.9497354626655579, 0.9518435597419739, 0.9501488208770752, 0.9508515000343323] 
Training f1 history = [0.9324156045913696, 0.937872052192688, 0.9419229626655579, 0.9435350298881531, 0.9438657164573669, 0.9444443583488464, 0.945519208908081, 0.9465939402580261, 0.9453538656234741, 0.9456018805503845, 0.9468419551849365, 0.9491153955459595, 0.944940447807312, 0.9493221044540405, 0.9465112686157227, 0.94692462682724, 0.9486193656921387, 0.9459738731384277, 0.9468419551849365, 0.9494874477386475, 0.9491980671882629, 0.9506034851074219, 0.9497354626655579, 0.9503968358039856, 0.9501488208770752, 0.9512235522270203, 0.9512235522270203, 0.9501074552536011, 0.9497767686843872, 0.9488673806190491, 0.9510995149612427, 0.9479993581771851, 0.950644850730896, 0.9511821866035461, 0.9475033283233643, 0.9497354626655579, 0.9518435597419739, 0.9501488208770752, 0.9508515000343323] 
--- 
Validation loss history = [0.14667966961860657, 0.15416380763053894, 0.18882085382938385, 0.3006819784641266, 0.1952546238899231, 0.18299958109855652, 0.19402998685836792, 0.13053381443023682, 0.15988394618034363, 0.21182936429977417, 0.43756937980651855, 0.3072833716869354, 0.17780983448028564, 0.13034489750862122, 0.22825562953948975, 0.14926736056804657, 0.22191102802753448, 0.1362200826406479, 0.12440788000822067, 0.1534844934940338, 0.22128790616989136, 0.2539490759372711, 0.18714399635791779, 0.2974869906902313, 0.32967254519462585, 0.2638777792453766, 0.17045289278030396, 0.20154935121536255, 0.9786054491996765, 0.2896661162376404, 0.908419668674469, 0.24303068220615387, 0.5096589922904968, 0.36210423707962036, 0.1507023572921753, 0.6308284997940063, 0.46158894896507263, 0.37632298469543457, 1.9099700450897217] 
Validation accuracy history = [0.9523809552192688, 0.9486607313156128, 0.9520089030265808, 0.8444940447807312, 0.953497052192688, 0.9460565447807312, 0.8452380895614624, 0.9482886791229248, 0.949032723903656, 0.8359375, 0.7321428656578064, 0.8523065447807312, 0.952752947807312, 0.9538690447807312, 0.8444940447807312, 0.9445684552192688, 0.8459821343421936, 0.9497767686843872, 0.9438244104385376, 0.9538690447807312, 0.8448660969734192, 0.828497052192688, 0.9546130895614624, 0.8456101417541504, 0.8549107313156128, 0.8463541865348816, 0.9546130895614624, 0.9512648582458496, 0.8523065447807312, 0.84375, 0.5539434552192688, 0.953497052192688, 0.84375, 0.8456101417541504, 0.9538690447807312, 0.844122052192688, 0.844122052192688, 0.8444940447807312, 0.8430059552192688] 
Validation f1 history = [0.9523809552192688, 0.9486607313156128, 0.9520089030265808, 0.8444939851760864, 0.953497052192688, 0.9460565447807312, 0.8452380299568176, 0.9482886791229248, 0.949032723903656, 0.8359373807907104, 0.7321428060531616, 0.8523064851760864, 0.952752947807312, 0.9538690447807312, 0.8444939851760864, 0.9445684552192688, 0.8459820747375488, 0.9497767686843872, 0.9438244104385376, 0.9538690447807312, 0.8448659777641296, 0.8284969329833984, 0.9546130895614624, 0.8456100225448608, 0.8549106121063232, 0.846354067325592, 0.9546130895614624, 0.9512648582458496, 0.8523064851760864, 0.8437498807907104, 0.553943395614624, 0.953497052192688, 0.8437498807907104, 0.8456100225448608, 0.9538690447807312, 0.8441219329833984, 0.8441219329833984, 0.8444939851760864, 0.8430058360099792] 
--- 
Radius of the CI = 0.005404823571195919 
True classification of the model is likely between 0.9405773346128556 and 0.9513869817552474 
--- 
Test accuracy = 0.9459821581840515 
Confusion matrix (0 | 1) = 
 [[3082   98]
 [ 265 3275]] 
--- 
