This file contains information about the lstm model 
Analysis directory = C:\Users\cdetr\Documents\GitHub\nomics\nomics-AI/data/awake_sleep_analysis 
--- 
Segmentation value = 120.0 
Downsampling value = 1.0 
Signal frequency = 1.0 Hz 
Batch size = 32 
Standard scale = 0 
Stateful = 0 
Sliding window = 1 
Center of interest = 60 
Full sequence = 0 
Return sequences = 0 
Data balancing = 1 
--- 
Log time = 14-05-2022 17-21-00 
--- 
Num of epochs = 100, early stop after 86 epochs 
Epochs training computation time history (in sec) = [46.43399357795715, 41.15298819541931, 29.07800006866455, 18.693999767303467, 18.16800045967102, 17.227997541427612, 18.44099712371826, 18.847000122070312, 19.524999618530273, 19.55400037765503, 19.43799901008606, 19.133999347686768, 19.295999765396118, 19.116990566253662, 19.48300004005432, 19.52399516105652, 19.794000387191772, 19.180996656417847, 19.28700041770935, 18.89999532699585, 18.370003938674927, 18.68399930000305, 18.866999864578247, 19.449999570846558, 18.67799973487854, 17.656996965408325, 18.909000873565674, 18.63400363922119, 18.816002368927002, 19.680999040603638, 19.486998796463013, 19.522999048233032, 19.4229998588562, 18.24000072479248, 19.42900037765503, 19.205000162124634, 20.049997806549072, 19.889999389648438, 19.673002004623413, 19.02899956703186, 18.762998819351196, 18.199000358581543, 18.453999042510986, 17.414998054504395, 16.98299765586853, 17.934998273849487, 18.20599889755249, 19.01200008392334, 18.37200117111206, 18.78000020980835, 19.598999738693237, 19.22099804878235, 20.007999897003174, 20.50499677658081, 19.940999507904053, 19.709001541137695, 20.026992797851562, 20.372997760772705, 20.87299871444702, 20.590999126434326, 19.892998456954956, 19.217000007629395, 18.81799817085266, 18.03099799156189, 18.22200059890747, 17.956998348236084, 18.185998916625977, 18.817999839782715, 18.781999349594116, 19.09299945831299, 19.126002550125122, 19.42900013923645, 19.389999866485596, 19.105995178222656, 18.309998273849487, 19.23399829864502, 18.57399845123291, 18.563997983932495, 18.86199927330017, 18.615999460220337, 18.8919997215271, 19.659000158309937, 20.201000690460205, 20.881006002426147, 21.717999696731567, 20.824999809265137] 
Epochs training computation time mean (in sec) = 19.806289764337762 
--- 
Training loss history = [0.6221204400062561, 0.48413729667663574, 0.3924349546432495, 0.3729291558265686, 0.35537970066070557, 0.35141175985336304, 0.40367650985717773, 0.37967827916145325, 0.35782551765441895, 0.3552267849445343, 0.3495652973651886, 0.3427804708480835, 0.337614506483078, 0.3344215154647827, 0.3276117742061615, 0.32119888067245483, 0.315860778093338, 0.3131721317768097, 0.3179059326648712, 0.2958885133266449, 0.29930421710014343, 0.29979270696640015, 0.28259941935539246, 0.2721835970878601, 0.2691110074520111, 0.27784258127212524, 0.28137847781181335, 0.2746828496456146, 0.2661932110786438, 0.25491300225257874, 0.2530977725982666, 0.24862246215343475, 0.2463635951280594, 0.24520666897296906, 0.24426504969596863, 0.25562822818756104, 0.24976693093776703, 0.24628835916519165, 0.2440524697303772, 0.23740223050117493, 0.2394084632396698, 0.2368878871202469, 0.2331448495388031, 0.22821637988090515, 0.22830116748809814, 0.22709313035011292, 0.21769361197948456, 0.21185632050037384, 0.20801573991775513, 0.2082388699054718, 0.20258446037769318, 0.20402729511260986, 0.2039068043231964, 0.21505235135555267, 0.2091708481311798, 0.20462532341480255, 0.2045605480670929, 0.2056000679731369, 0.19119657576084137, 0.18385736644268036, 0.18094418942928314, 0.1817646622657776, 0.18313297629356384, 0.18915624916553497, 0.18062087893486023, 0.18178392946720123, 0.17363528907299042, 0.17153388261795044, 0.1690162867307663, 0.16666832566261292, 0.16545915603637695, 0.16303151845932007, 0.16920027136802673, 0.1618218570947647, 0.15597830712795258, 0.1596667319536209, 0.16114270687103271, 0.15074248611927032, 0.15359008312225342, 0.15136975049972534, 0.14490270614624023, 0.14700688421726227, 0.13978934288024902, 0.14671650528907776, 0.14420849084854126, 0.14001046121120453] 
Training accuracy history = [0.6416680812835693, 0.7725198864936829, 0.8272773623466492, 0.8362979292869568, 0.8437341451644897, 0.8468396067619324, 0.8039124608039856, 0.8302137851715088, 0.8400794267654419, 0.8419595956802368, 0.8444312810897827, 0.8469029664993286, 0.8509802222251892, 0.8511492013931274, 0.8556912541389465, 0.8600642085075378, 0.862768292427063, 0.8629161715507507, 0.8564517498016357, 0.8722113966941833, 0.8675426840782166, 0.8705002665519714, 0.8775350451469421, 0.8863866925239563, 0.8856050372123718, 0.8810630440711975, 0.8789504766464233, 0.8813799023628235, 0.8851402997970581, 0.8937806487083435, 0.8947312831878662, 0.8958720564842224, 0.8957030773162842, 0.8971396088600159, 0.8974564671516418, 0.8892174959182739, 0.8931257128715515, 0.8944144248962402, 0.8947946429252625, 0.8979212641716003, 0.8990408778190613, 0.89925217628479, 0.9001182913780212, 0.9019562005996704, 0.9020829796791077, 0.9030336141586304, 0.9083150029182434, 0.9125612378120422, 0.9137231707572937, 0.9138287901878357, 0.9162160158157349, 0.9162582159042358, 0.9162793755531311, 0.9091389179229736, 0.9111247062683105, 0.91218101978302, 0.9128358960151672, 0.912603497505188, 0.9208847284317017, 0.924518346786499, 0.924898624420166, 0.9243704676628113, 0.9243282079696655, 0.9226804375648499, 0.9254478812217712, 0.9246662259101868, 0.9288068413734436, 0.9304123520851135, 0.929905354976654, 0.9303700923919678, 0.9309616088867188, 0.931405246257782, 0.929630696773529, 0.932060182094574, 0.9349966049194336, 0.9334121942520142, 0.9342361092567444, 0.9376161694526672, 0.9371514320373535, 0.937827467918396, 0.9412075281143188, 0.9392850995063782, 0.9426863193511963, 0.9407005310058594, 0.9402146339416504, 0.9428130984306335] 
Training f1 history = [0.6417229175567627, 0.772445023059845, 0.8273014426231384, 0.8363808393478394, 0.8438132405281067, 0.8468537926673889, 0.8039484024047852, 0.8301097750663757, 0.8400337100028992, 0.8419129252433777, 0.8444467782974243, 0.8469805121421814, 0.8509923219680786, 0.8510978817939758, 0.8557009100914001, 0.8600717186927795, 0.8628377318382263, 0.8628588914871216, 0.8563977479934692, 0.8720860481262207, 0.8674830198287964, 0.8704391121864319, 0.8775970339775085, 0.8862541317939758, 0.885599672794342, 0.8808699250221252, 0.8790118098258972, 0.8814399242401123, 0.8851350545883179, 0.8937711119651794, 0.8946579098701477, 0.8957980871200562, 0.8956925868988037, 0.8971916437149048, 0.897445023059845, 0.8892102241516113, 0.8931798338890076, 0.8944045901298523, 0.8948478698730469, 0.8979095220565796, 0.8990920782089233, 0.8992397785186768, 0.9001054763793945, 0.9019424915313721, 0.9020692706108093, 0.903019368648529, 0.9083614945411682, 0.9126054644584656, 0.9137668013572693, 0.913809061050415, 0.9161950945854187, 0.9163006544113159, 0.9162584543228149, 0.9091848731040955, 0.911169707775116, 0.9121620655059814, 0.9128800630569458, 0.9125844836235046, 0.9209248423576355, 0.9244932532310486, 0.9248732924461365, 0.9244086742401123, 0.9243032336235046, 0.9227195978164673, 0.9254856705665588, 0.924640953540802, 0.9288429021835327, 0.9303842186927795, 0.929877519607544, 0.9302787184715271, 0.9309965968132019, 0.9314400553703308, 0.92966628074646, 0.9320945739746094, 0.9350295662879944, 0.933445930480957, 0.9342694282531738, 0.937647819519043, 0.9371832609176636, 0.9378589391708374, 0.9411106705665588, 0.9393157958984375, 0.9427153468132019, 0.9406672120094299, 0.9401816129684448, 0.9428420662879944] 
--- 
Validation loss history = [0.5782199501991272, 0.4175437390804291, 0.36020925641059875, 0.3492859899997711, 0.3582788407802582, 0.3439886271953583, 0.4277721643447876, 0.3529810309410095, 0.3432926535606384, 0.3501623272895813, 0.3403206169605255, 0.3360633850097656, 0.324140340089798, 0.36097073554992676, 0.3164416551589966, 0.31723126769065857, 0.3378317654132843, 0.31008484959602356, 0.31625601649284363, 0.3044494688510895, 0.3021163046360016, 0.2970554232597351, 0.2768787145614624, 0.27683958411216736, 0.28535404801368713, 0.2917202413082123, 0.28506138920783997, 0.2915743887424469, 0.26501867175102234, 0.27442285418510437, 0.26481178402900696, 0.27058321237564087, 0.2551562190055847, 0.25793692469596863, 0.3000221252441406, 0.2747495770454407, 0.2715451717376709, 0.28167206048965454, 0.2687082290649414, 0.2689483165740967, 0.26774346828460693, 0.26998481154441833, 0.26271435618400574, 0.270962119102478, 0.27358198165893555, 0.26253941655158997, 0.253832072019577, 0.26145005226135254, 0.2614900767803192, 0.2705806493759155, 0.2563234865665436, 0.24672946333885193, 0.2613705098628998, 0.27311447262763977, 0.2668989300727844, 0.2631722390651703, 0.2574843466281891, 0.2609882056713104, 0.24669066071510315, 0.25899171829223633, 0.27949094772338867, 0.26912063360214233, 0.25645148754119873, 0.2601286470890045, 0.2609473466873169, 0.24467000365257263, 0.2568233609199524, 0.26109394431114197, 0.2621476352214813, 0.2730488181114197, 0.2586131989955902, 0.266000896692276, 0.2601761221885681, 0.2536284625530243, 0.2536813020706177, 0.256935179233551, 0.26348400115966797, 0.2942954897880554, 0.26941195130348206, 0.27812400460243225, 0.2683412432670593, 0.2854786515235901, 0.2581629455089569, 0.3018438518047333, 0.26807838678359985, 0.2674505114555359] 
Validation accuracy history = [0.684790849685669, 0.8106464147567749, 0.838403046131134, 0.8444867134094238, 0.845817506313324, 0.8420152068138123, 0.7935361266136169, 0.8387832641601562, 0.839353621006012, 0.838403046131134, 0.8452471494674683, 0.845817506313324, 0.8545627593994141, 0.8403041958808899, 0.8634980916976929, 0.8614068627357483, 0.8557034134864807, 0.8644486665725708, 0.8652091026306152, 0.8661596775054932, 0.8682509660720825, 0.8655893802642822, 0.8849809765815735, 0.8863117694854736, 0.8853611946105957, 0.877756655216217, 0.8766159415245056, 0.8764258623123169, 0.8975285291671753, 0.888403058052063, 0.8952471613883972, 0.8863117694854736, 0.8992395401000977, 0.8952471613883972, 0.8825095295906067, 0.8882129192352295, 0.8891634941101074, 0.891635000705719, 0.8910646438598633, 0.8920152187347412, 0.8906844258308411, 0.8895437121391296, 0.8967680335044861, 0.8920152187347412, 0.8872623443603516, 0.8903042078018188, 0.9057034254074097, 0.9038022756576538, 0.8952471613883972, 0.8941064476966858, 0.9024714827537537, 0.9053232073783875, 0.9017110466957092, 0.8918250799179077, 0.891635000705719, 0.8982889652252197, 0.901901125907898, 0.9015209078788757, 0.905133068561554, 0.9032319188117981, 0.897718608379364, 0.8992395401000977, 0.9017110466957092, 0.905133068561554, 0.9055132865905762, 0.9079847931861877, 0.9034220576286316, 0.9045627117156982, 0.9043726325035095, 0.9062737822532654, 0.905133068561554, 0.9055132865905762, 0.9112167358398438, 0.907414436340332, 0.9112167358398438, 0.9038022756576538, 0.9100760221481323, 0.9093155860900879, 0.9112167358398438, 0.9062737822532654, 0.9039924144744873, 0.9157794713973999, 0.9091254472732544, 0.8961977362632751, 0.9142585396766663, 0.9093155860900879] 
Validation f1 history = [0.6840908527374268, 0.810416579246521, 0.8383837342262268, 0.8441286683082581, 0.8457700610160828, 0.8422979116439819, 0.7933711409568787, 0.8390782475471497, 0.8396463990211487, 0.838699460029602, 0.845517635345459, 0.846085786819458, 0.8544821739196777, 0.8402777314186096, 0.8636994361877441, 0.8616160750389099, 0.8559342622756958, 0.8646463751792908, 0.8654040694236755, 0.8663509488105774, 0.8684343099594116, 0.8660984039306641, 0.8851009607315063, 0.8864266872406006, 0.8857954740524292, 0.8779039978981018, 0.876767635345459, 0.8768938183784485, 0.8976010680198669, 0.8885100483894348, 0.8953283429145813, 0.8864268064498901, 0.8993055820465088, 0.895643949508667, 0.8826388120651245, 0.8883207440376282, 0.88926762342453, 0.8917298316955566, 0.8911615610122681, 0.8924242258071899, 0.8907827734947205, 0.8896464705467224, 0.8968434929847717, 0.8924241662025452, 0.8873737454414368, 0.8904039859771729, 0.9057449698448181, 0.9038509726524353, 0.8953283429145813, 0.8941919207572937, 0.9028409123420715, 0.9056817889213562, 0.9017677307128906, 0.8919191360473633, 0.8917297124862671, 0.8986742496490479, 0.9022727012634277, 0.9015783071517944, 0.9054924249649048, 0.903282880783081, 0.8977904319763184, 0.8996211290359497, 0.9020832180976868, 0.9054923057556152, 0.9055556058883667, 0.9080176949501038, 0.9034721851348877, 0.9046085476875305, 0.90473473072052, 0.9063130617141724, 0.9048609733581543, 0.9055556058883667, 0.9115529656410217, 0.9077650308609009, 0.910921573638916, 0.9038509726524353, 0.9101009368896484, 0.9093433618545532, 0.9112372994422913, 0.9066286683082581, 0.904356062412262, 0.9157827496528625, 0.9091539978981018, 0.8962751626968384, 0.9142675995826721, 0.9096590876579285] 
--- 
Radius of the CI = 0.0049550466205149695 
True classification of the model is likely between 0.9024213619564504 and 0.9123314551974803 
--- 
Test accuracy = 0.9073764085769653 
Confusion matrix (0 | 1) = 
 [[6154  483]
 [ 735 5778]] 
--- 
