This file contains information about the lstm model 
Analysis directory = C:\Users\cdetr\Documents\GitHub\nomics\jawac_processing_nomics/data/valid_invalid_analysis 
--- 
Segmentation value = 20.0 
Downsampling value = 1.0 
Signal frequency = 1.0 Hz 
Batch size = 16 
Standard scale = 0 
Stateful = 0 
Sliding window = 0 
Center of interest = 10 
Full sequence = 0 
Return sequences = 1 
Data balancing = 0 
--- 
Log time = 17-04-2022 21-52-29 
--- 
Num of epochs = 100, early stop after 47 epochs 
Epochs training computation time history (in sec) = [230.9140021800995, 228.87499809265137, 76.94899916648865, 79.11400008201599, 84.27901339530945, 85.12400007247925, 247.4639983177185, 224.09900069236755, 212.25402760505676, 218.27400040626526, 149.4660129547119, 194.79800033569336, 190.07000017166138, 195.5590000152588, 101.78000140190125, 207.68199110031128, 89.54999852180481, 229.09698963165283, 221.54500675201416, 223.37698483467102, 234.64500093460083, 222.94298911094666, 215.82499885559082, 222.5550000667572, 204.68860626220703, 89.43873715400696, 86.91839551925659, 89.28700065612793, 86.54158186912537, 88.02862334251404, 87.11877274513245, 173.12679862976074, 154.38557243347168, 164.533287525177, 167.9607675075531, 167.1432168483734, 137.20189309120178, 135.1477930545807, 346.96306014060974, 347.6414852142334, 290.743999004364, 271.94398856163025, 264.3329973220825, 243.12099981307983, 259.2999963760376, 255.48598980903625, 268.8529918193817] 
Epochs training computation time mean (in sec) = 186.5137142424888 
--- 
Training loss history = [0.15682488679885864, 0.13580143451690674, 0.13118763267993927, 0.12921594083309174, 0.130583256483078, 0.11854132264852524, 0.10836369544267654, 0.10252822190523148, 0.1036289632320404, 0.09608098864555359, 0.0953289121389389, 0.09255632013082504, 0.09584949165582657, 0.10255682468414307, 0.09708624333143234, 0.09304269403219223, 0.08996064215898514, 0.08650608360767365, 0.08207099884748459, 0.0811433494091034, 0.07887253165245056, 0.0810244008898735, 0.08135499805212021, 0.0941055417060852, 0.08948400616645813, 0.0810585543513298, 0.07955559343099594, 0.07847139984369278, 0.07847832888364792, 0.08281160145998001, 0.08347204327583313, 0.08441491425037384, 0.08032805472612381, 0.08099456131458282, 0.07707087695598602, 0.07479974627494812, 0.0795610100030899, 0.07742315530776978, 0.07921934872865677, 0.08058720082044601, 0.07672548294067383, 0.07510240375995636, 0.0731533020734787, 0.07217498868703842, 0.07283151894807816, 0.07203200459480286, 0.07522526383399963] 
Training accuracy history = [0.9451234936714172, 0.948552668094635, 0.949569046497345, 0.9513726830482483, 0.9527577757835388, 0.9546969532966614, 0.955619752407074, 0.9543818831443787, 0.9549524784088135, 0.9593777060508728, 0.9587534666061401, 0.960925817489624, 0.959262490272522, 0.9557273983955383, 0.9598681926727295, 0.9612935185432434, 0.9651137590408325, 0.9672348499298096, 0.9689738750457764, 0.9690987467765808, 0.9705955982208252, 0.9698271751403809, 0.9700669050216675, 0.9631955623626709, 0.9646463394165039, 0.9704070687294006, 0.9710007309913635, 0.9703431129455566, 0.9702960252761841, 0.9673301577568054, 0.9652021527290344, 0.9644241333007812, 0.9702051877975464, 0.9688414335250854, 0.9711376428604126, 0.9722623229026794, 0.9703747630119324, 0.9715534448623657, 0.9710719585418701, 0.9700507521629333, 0.9718059301376343, 0.9722437858581543, 0.9733289480209351, 0.9734372496604919, 0.9731869101524353, 0.9735040068626404, 0.9726189970970154] 
Training f1 history = [0.945138156414032, 0.9485663175582886, 0.9495823383331299, 0.9513815641403198, 0.9527677297592163, 0.9547073245048523, 0.9556323885917664, 0.9543902277946472, 0.954953670501709, 0.9593815207481384, 0.9587591886520386, 0.9609329700469971, 0.9592711329460144, 0.9557322263717651, 0.959876537322998, 0.9613010883331299, 0.9651191234588623, 0.9672423005104065, 0.9689841866493225, 0.9691056609153748, 0.9706047773361206, 0.9698349833488464, 0.9700742363929749, 0.9632015824317932, 0.964653730392456, 0.9704166650772095, 0.9710082411766052, 0.9703536033630371, 0.970305860042572, 0.9673348069190979, 0.9652118682861328, 0.9644352197647095, 0.97021484375, 0.9688467383384705, 0.9711488485336304, 0.9722712635993958, 0.9703845381736755, 0.9715623259544373, 0.9710807800292969, 0.9700611233711243, 0.9718144536018372, 0.9722532033920288, 0.9733387231826782, 0.9734480381011963, 0.9731972813606262, 0.9735167622566223, 0.9726307988166809] 
--- 
Validation loss history = [0.13130250573158264, 0.10831326246261597, 0.11264923214912415, 0.09934138506650925, 0.1380392611026764, 0.09212013334035873, 0.1094433143734932, 0.08389127999544144, 0.08709423243999481, 0.07962310314178467, 0.07471869885921478, 0.0782216265797615, 0.10306231677532196, 0.09121211618185043, 0.08020997792482376, 0.08496789634227753, 0.07257353514432907, 0.07753795385360718, 0.06129394471645355, 0.06564581394195557, 0.06500548869371414, 0.08895018696784973, 0.06376127898693085, 0.0683944895863533, 0.06254071742296219, 0.06457707285881042, 0.0587133951485157, 0.05792322754859924, 0.0583144836127758, 0.08106831461191177, 0.06497684121131897, 0.07177047431468964, 0.11590471118688583, 0.06330154091119766, 0.059121616184711456, 0.07635810971260071, 0.0718122199177742, 0.05933389812707901, 0.05836120992898941, 0.05963665619492531, 0.09742367267608643, 0.05832670256495476, 0.058558639138936996, 0.05943290889263153, 0.05928502231836319, 0.059038758277893066, 0.06209060549736023] 
Validation accuracy history = [0.9496657252311707, 0.9489630460739136, 0.9541416168212891, 0.9569182395935059, 0.9520429372787476, 0.9605119824409485, 0.9581904411315918, 0.959307849407196, 0.9594348073005676, 0.9666811227798462, 0.9677489995956421, 0.9655141234397888, 0.9560298323631287, 0.9614158272743225, 0.964325487613678, 0.9628056883811951, 0.9719030261039734, 0.9706370234489441, 0.9796198606491089, 0.9774190783500671, 0.9777162075042725, 0.9668389558792114, 0.9794217944145203, 0.975193440914154, 0.9781743288040161, 0.9777471423149109, 0.9790101051330566, 0.9807249307632446, 0.9801863431930542, 0.9594873785972595, 0.9705689549446106, 0.9702160358428955, 0.9604531526565552, 0.9784250855445862, 0.977279782295227, 0.9655482172966003, 0.970757782459259, 0.9802296757698059, 0.9811459183692932, 0.9801925420761108, 0.9626880288124084, 0.9795331954956055, 0.9794898629188538, 0.9787934422492981, 0.9814802408218384, 0.9770507216453552, 0.9758310914039612] 
Validation f1 history = [0.9496871829032898, 0.9489850401878357, 0.9541627168655396, 0.9569371938705444, 0.9520646929740906, 0.960529088973999, 0.9582103490829468, 0.959325909614563, 0.9594533443450928, 0.966697096824646, 0.9677638411521912, 0.965529203414917, 0.9560499787330627, 0.9614328145980835, 0.9643420577049255, 0.962823748588562, 0.9719160199165344, 0.9706517457962036, 0.9796299338340759, 0.9774301052093506, 0.97772616147995, 0.9668542146682739, 0.9794319868087769, 0.9752060770988464, 0.9781858325004578, 0.9777587652206421, 0.9790213704109192, 0.9807354211807251, 0.9801967740058899, 0.9595051407814026, 0.9705831408500671, 0.9702299237251282, 0.9604714512825012, 0.9784355163574219, 0.9772908687591553, 0.9655638933181763, 0.9707716107368469, 0.9802402853965759, 0.9811556935310364, 0.9802024364471436, 0.9627048969268799, 0.979544460773468, 0.9795005321502686, 0.9788052439689636, 0.9814904928207397, 0.9770630598068237, 0.9758414030075073] 
--- 
Radius of the CI = 0.0014063215987571267 
True classification of the model is likely between 0.9773535036308877 and 0.9801661468284019 
--- 
Test accuracy = 0.9787598252296448 
Confusion matrix (0 | 1) = 
 [[360110  10770]
 [  6384 430356]] 
--- 
