This file contains information about the lstm model 
Analysis directory = /Users/clemdetry/Documents/GitHub/nomics/nomics-AI/data/ceintures/analysis 
--- 
Segmentation value = 60.0 
Downsampling value = 1.0 
Signal frequency = 1.0 Hz 
Batch size = 32 
Standard scale = 0 
Stateful = 0 
Sliding window = 0 
Center of interest = 10 
Full sequence = 0 
Return sequences = 0 
Data balancing = 1 
--- 
Log time = 09-06-2022 13-22-40 
--- 
Num of epochs = 100, early stop after 72 epochs 
Epochs training computation time history (in sec) = [73.81037902832031, 65.13821792602539, 65.84064888954163, 70.30770707130432, 67.5174949169159, 63.45394992828369, 70.35555100440979, 61.780051946640015, 64.63303804397583, 63.17582893371582, 61.8600492477417, 63.760964155197144, 68.02227687835693, 66.66783404350281, 73.66006994247437, 71.68131470680237, 66.38845896720886, 56.716556787490845, 57.918466091156006, 48.17898416519165, 43.33308506011963, 48.98334527015686, 52.14477801322937, 47.44931888580322, 52.22020983695984, 46.96611714363098, 45.42817997932434, 45.10596203804016, 44.13492298126221, 49.187926054000854, 46.954407930374146, 44.52043700218201, 44.855220794677734, 40.39431095123291, 44.362350940704346, 48.23962903022766, 43.17925190925598, 45.79392194747925, 52.49222183227539, 45.80157780647278, 46.68278098106384, 46.67144703865051, 47.24520182609558, 47.00182509422302, 51.94783282279968, 57.58415484428406, 47.866398334503174, 51.525022983551025, 48.2046160697937, 46.56833505630493, 49.201146841049194, 45.918537855148315, 47.450730085372925, 47.4522180557251, 47.795849084854126, 47.71109890937805, 44.79653978347778, 45.04994201660156, 42.289422273635864, 47.87657332420349, 44.638381004333496, 43.02204704284668, 42.33257603645325, 45.5268030166626, 44.460169315338135, 42.240992069244385, 46.33662390708923, 45.229397773742676, 48.74648594856262, 45.691373109817505, 47.49262976646423, 46.40898108482361] 
Epochs training computation time mean (in sec) = 51.82473821441332 
--- 
Training loss history = [0.6685976982116699, 0.6455977559089661, 0.6421966552734375, 0.6304616928100586, 0.625842809677124, 0.6226467490196228, 0.6189586520195007, 0.6123864054679871, 0.6119559407234192, 0.611030638217926, 0.606351375579834, 0.6044723391532898, 0.6023101210594177, 0.6041041612625122, 0.6030247211456299, 0.6006348729133606, 0.5994070172309875, 0.5969160199165344, 0.5963343977928162, 0.5931880474090576, 0.5955938100814819, 0.5886927843093872, 0.5910823941230774, 0.589599609375, 0.5902865529060364, 0.5852824449539185, 0.5828809142112732, 0.5825768709182739, 0.5839068293571472, 0.5825998187065125, 0.5845946073532104, 0.5804588198661804, 0.5780271291732788, 0.5801188945770264, 0.5815685391426086, 0.577446699142456, 0.5747346878051758, 0.5765034556388855, 0.5735000371932983, 0.5738661885261536, 0.5718317627906799, 0.5720381140708923, 0.5680354237556458, 0.5682456493377686, 0.5679274201393127, 0.5700344443321228, 0.5644112229347229, 0.5628131031990051, 0.5635091662406921, 0.56393963098526, 0.5634855031967163, 0.5619309544563293, 0.5606752634048462, 0.557348906993866, 0.5596534609794617, 0.5572599768638611, 0.5558308959007263, 0.5532790422439575, 0.5528864860534668, 0.5514497756958008, 0.554701030254364, 0.5531458854675293, 0.5507934093475342, 0.5514780282974243, 0.5509741306304932, 0.5476832389831543, 0.5493271350860596, 0.5484468340873718, 0.5479540228843689, 0.5468485951423645, 0.5470811128616333, 0.5450088977813721] 
Training accuracy history = [0.5841239094734192, 0.6287865042686462, 0.6348653435707092, 0.64493727684021, 0.6500495672225952, 0.6527202129364014, 0.6522114872932434, 0.6585701107978821, 0.6570186018943787, 0.6596128940582275, 0.6608337163925171, 0.6632245779037476, 0.6632499694824219, 0.6639875769615173, 0.664419949054718, 0.6665310263633728, 0.666887104511261, 0.6672431826591492, 0.6698629260063171, 0.670651376247406, 0.667879045009613, 0.6733219623565674, 0.6730421781539917, 0.6722282767295837, 0.6759162545204163, 0.6754838824272156, 0.6745428442955017, 0.6760179996490479, 0.674568235874176, 0.6730676293373108, 0.6767047047615051, 0.6783834099769592, 0.6781036257743835, 0.6761451959609985, 0.6764503717422485, 0.681613564491272, 0.6853523850440979, 0.680138349533081, 0.6833176612854004, 0.6842333078384399, 0.6872345209121704, 0.6851488947868347, 0.685683012008667, 0.6834447979927063, 0.6832413673400879, 0.6865986585617065, 0.6889640688896179, 0.6888114809989929, 0.6912277340888977, 0.6887605786323547, 0.6874634623527527, 0.68815016746521, 0.6887860298156738, 0.6903629302978516, 0.6898542642593384, 0.6919398903846741, 0.6931861639022827, 0.6954243779182434, 0.696645200252533, 0.7002314329147339, 0.6953226327896118, 0.695017397403717, 0.697637140750885, 0.6984255909919739, 0.6990869045257568, 0.7001805901527405, 0.6983239054679871, 0.696823239326477, 0.696823239326477, 0.7009690403938293, 0.7015540599822998, 0.699137806892395] 
Training f1 history = [0.5841469764709473, 0.6288236975669861, 0.6348475217819214, 0.644943356513977, 0.650040864944458, 0.6526973843574524, 0.6521622538566589, 0.6585723161697388, 0.6570212841033936, 0.65962815284729, 0.6608086824417114, 0.6632521152496338, 0.6631976366043091, 0.6640015840530396, 0.6643939018249512, 0.6665443181991577, 0.6669003367424011, 0.6672430038452148, 0.6698886156082153, 0.6705969572067261, 0.6678652763366699, 0.6733334064483643, 0.673080325126648, 0.6722533106803894, 0.6758603453636169, 0.675481379032135, 0.6745538711547852, 0.6759886741638184, 0.67453932762146, 0.6730524301528931, 0.6766752004623413, 0.6783534288406372, 0.6781004071235657, 0.6761425137519836, 0.6764342784881592, 0.6815826892852783, 0.6853471398353577, 0.6801478862762451, 0.683326244354248, 0.6842149496078491, 0.6872153878211975, 0.6851969361305237, 0.6856510043144226, 0.683453381061554, 0.6832366585731506, 0.686579704284668, 0.6889711022377014, 0.6888318657875061, 0.6912607550621033, 0.6887543797492981, 0.6875241994857788, 0.6881441473960876, 0.6887664198875427, 0.690342903137207, 0.6898477673530579, 0.6919561624526978, 0.6931787133216858, 0.6954296231269836, 0.6966634392738342, 0.700248658657074, 0.6953012347221375, 0.6950494050979614, 0.6975885033607483, 0.6984033584594727, 0.6991444230079651, 0.7001445293426514, 0.6983548998832703, 0.6968680024147034, 0.6968680024147034, 0.7009860277175903, 0.7015841603279114, 0.6991552710533142] 
--- 
Validation loss history = [0.6500665545463562, 0.6271634101867676, 0.6185397505760193, 0.6186580061912537, 0.611029863357544, 0.6043612360954285, 0.609830379486084, 0.598848819732666, 0.6213621497154236, 0.5940259695053101, 0.5965524911880493, 0.5966230630874634, 0.5925554037094116, 0.5927951335906982, 0.5880290865898132, 0.5925131440162659, 0.5896385908126831, 0.5896182060241699, 0.5865146517753601, 0.5904389023780823, 0.5863484144210815, 0.5841521620750427, 0.583245575428009, 0.5791088938713074, 0.5832615494728088, 0.582827627658844, 0.5753535032272339, 0.5794894099235535, 0.580519437789917, 0.5793068408966064, 0.5843961238861084, 0.5854933857917786, 0.5736367702484131, 0.5841779112815857, 0.5732644200325012, 0.5758087635040283, 0.572158694267273, 0.5721303820610046, 0.5781272649765015, 0.5700287818908691, 0.5744450092315674, 0.5722084045410156, 0.5739904046058655, 0.5735753774642944, 0.5739254951477051, 0.5696501731872559, 0.5738931894302368, 0.5748658776283264, 0.5738192796707153, 0.5684993267059326, 0.5738781690597534, 0.5746316909790039, 0.5699208974838257, 0.5696744918823242, 0.5700747966766357, 0.568450391292572, 0.5767598748207092, 0.5674871206283569, 0.568290114402771, 0.5722182989120483, 0.574526846408844, 0.5646897554397583, 0.57120281457901, 0.5727044343948364, 0.5728188157081604, 0.5695832371711731, 0.5743711590766907, 0.567208468914032, 0.5767602920532227, 0.5719382762908936, 0.5744878053665161, 0.5694035887718201] 
Validation accuracy history = [0.610666036605835, 0.6548409461975098, 0.6594186425209045, 0.653009831905365, 0.6594186425209045, 0.6639963388442993, 0.6672007441520691, 0.6724650859832764, 0.6573586463928223, 0.6726939678192139, 0.6708629131317139, 0.6749828457832336, 0.6710917949676514, 0.6726939678192139, 0.6742962002754211, 0.6710917949676514, 0.6752117276191711, 0.6795605421066284, 0.6726939678192139, 0.6731517314910889, 0.6795605421066284, 0.6724650859832764, 0.6857404708862305, 0.6850537657737732, 0.6852826476097107, 0.6763561367988586, 0.688715934753418, 0.6820783019065857, 0.6788738965988159, 0.6738384366035461, 0.6832227110862732, 0.6726939678192139, 0.6880292892456055, 0.6763561367988586, 0.6832227110862732, 0.6871137619018555, 0.6848248839378357, 0.6896315217018127, 0.6825360655784607, 0.69672691822052, 0.6836804747581482, 0.6841382384300232, 0.6836804747581482, 0.6809338331222534, 0.685969352722168, 0.6807049512863159, 0.6811627149581909, 0.6839093565940857, 0.6861982345581055, 0.6786450147628784, 0.6809338331222534, 0.6923781037330627, 0.686427116394043, 0.687800407409668, 0.6889448165893555, 0.6825360655784607, 0.6889448165893555, 0.6960402727127075, 0.694438099861145, 0.6912336945533752, 0.6820783019065857, 0.6951247453689575, 0.6932936310768127, 0.688715934753418, 0.6896315217018127, 0.69581139087677, 0.6912336945533752, 0.6937514543533325, 0.6910048127174377, 0.6912336945533752, 0.6910048127174377, 0.6951247453689575] 
Validation f1 history = [0.6103879809379578, 0.6548142433166504, 0.6591750383377075, 0.652989387512207, 0.658973753452301, 0.6635357737541199, 0.666729211807251, 0.6723781228065491, 0.6577259302139282, 0.6726061701774597, 0.6705801486968994, 0.6746859550476074, 0.6706069707870483, 0.6720024347305298, 0.6738004088401794, 0.6710094809532166, 0.6749140620231628, 0.6792479753494263, 0.672404944896698, 0.6728611588478088, 0.6794492602348328, 0.6725793480873108, 0.6858092546463013, 0.6849237084388733, 0.6851518154144287, 0.6762558221817017, 0.688774585723877, 0.6821596622467041, 0.678966224193573, 0.6737467050552368, 0.6830989122390747, 0.6728074550628662, 0.6880903244018555, 0.6762558221817017, 0.6830989122390747, 0.6869766116142273, 0.6846956014633179, 0.6894857883453369, 0.6826158761978149, 0.6967582106590271, 0.6835551261901855, 0.6842125654220581, 0.6841589212417603, 0.6812204718589783, 0.6860373616218567, 0.6803885102272034, 0.6812472343444824, 0.6839844584465027, 0.6860642433166504, 0.6785368323326111, 0.6808179020881653, 0.6924242377281189, 0.6864935755729675, 0.6878622174263, 0.6890026926994324, 0.682213306427002, 0.6890026926994324, 0.6960738897323608, 0.6946784853935242, 0.6914850473403931, 0.6819583773612976, 0.6949602365493774, 0.6933366656303406, 0.688774585723877, 0.6896870136260986, 0.6958457827568054, 0.6914850473403931, 0.6937928795814514, 0.6908543705940247, 0.6912837624549866, 0.6908543705940247, 0.6951614618301392] 
--- 
Radius of the CI = 0.008625790983520513 
True classification of the model is likely between 0.6874921465813293 and 0.7047437285483704 
--- 
Test accuracy = 0.6961179375648499 
Confusion matrix (0 | 1) = 
 [[3379 2137]
 [1182 4224]] 
--- 
