This file contains information about the lstm model 
Analysis directory = C:\Users\cdetr\Documents\GitHub\nomics\jawac_processing_nomics/data/valid_invalid_analysis 
--- 
Segmentation value = 60.0 
Downsampling value = 1.0 
Signal frequency = 1.0 Hz 
Batch size = 32 
Standard scale = 0 
Stateful = 0 
Sliding window = 0 
Center of interest = 10 
Full sequence = 0 
Return sequences = 0 
Data balancing = 0 
--- 
Log time = 18-04-2022 09-04-24 
--- 
Num of epochs = 100, early stop after 54 epochs 
Epochs training computation time history (in sec) = [15.242002487182617, 12.122999429702759, 12.3300039768219, 12.10700011253357, 12.267000913619995, 12.533995628356934, 14.034006118774414, 13.9180006980896, 13.660999298095703, 13.183005809783936, 12.678999185562134, 12.713990926742554, 12.840997695922852, 13.684001207351685, 14.251992225646973, 14.210036754608154, 14.2210054397583, 14.434996843338013, 14.346000909805298, 14.721000909805298, 14.46500015258789, 14.461002826690674, 14.651002407073975, 13.719001293182373, 12.512999534606934, 12.444001197814941, 12.272994756698608, 13.845002174377441, 14.236005544662476, 14.963993310928345, 13.39300799369812, 12.417991161346436, 13.160998106002808, 13.197999477386475, 12.864000797271729, 12.55700135231018, 12.480997800827026, 12.326000452041626, 12.620997667312622, 12.279999494552612, 13.900998830795288, 14.045999526977539, 13.882999897003174, 13.552998781204224, 13.874003410339355, 14.232999801635742, 14.560996055603027, 14.143999338150024, 14.420002698898315, 14.961002588272095, 14.704999923706055, 14.156001091003418, 14.404997825622559, 13.986001014709473] 
Epochs training computation time mean (in sec) = 13.577778423274005 
--- 
Training loss history = [0.08652321249246597, 0.05115645378828049, 0.0336567685008049, 0.033030495047569275, 0.027570407837629318, 0.027578292414546013, 0.027747981250286102, 0.02541607990860939, 0.02278815396130085, 0.023807134479284286, 0.023620393127202988, 0.0236500333994627, 0.02314426191151142, 0.02354348637163639, 0.021724503487348557, 0.022224508225917816, 0.0215262770652771, 0.020018788054585457, 0.02003834769129753, 0.019858289510011673, 0.027295934036374092, 0.023801393806934357, 0.02099611982703209, 0.022238679230213165, 0.020349914208054543, 0.01940256729722023, 0.019352901726961136, 0.01883588917553425, 0.020193584263324738, 0.0189279206097126, 0.018185043707489967, 0.01699824258685112, 0.018013807013630867, 0.01638038642704487, 0.01682256907224655, 0.01784232072532177, 0.016514500603079796, 0.018253393471240997, 0.017611825838685036, 0.017527511343359947, 0.017748404294252396, 0.01791156642138958, 0.017960334196686745, 0.01748555898666382, 0.01712126098573208, 0.016620589420199394, 0.016239264979958534, 0.01572154089808464, 0.01599746011197567, 0.016358166933059692, 0.01553719025105238, 0.016222339123487473, 0.02048010192811489, 0.01859375461935997] 
Training accuracy history = [0.968055009841919, 0.9801763296127319, 0.9888079166412354, 0.9902946949005127, 0.9917194843292236, 0.9916781783103943, 0.9916162490844727, 0.9919260144233704, 0.9927106499671936, 0.9928345680236816, 0.9930410981178284, 0.9928345680236816, 0.9927313327789307, 0.9929584860801697, 0.9937431812286377, 0.9933921098709106, 0.993784487247467, 0.9939290285110474, 0.9939083456993103, 0.9939083456993103, 0.9918020963668823, 0.9919466376304626, 0.9936192631721497, 0.9925867915153503, 0.9940735697746277, 0.9945691227912903, 0.9944039583206177, 0.994445264339447, 0.994114875793457, 0.9944658875465393, 0.9946930408477783, 0.9952918887138367, 0.994982123374939, 0.995436429977417, 0.995312511920929, 0.9950441122055054, 0.9953538179397583, 0.9951679706573486, 0.9950234293937683, 0.9954777359962463, 0.9947549700737, 0.9947136640548706, 0.995106041431427, 0.9954158067703247, 0.9951886534690857, 0.995333194732666, 0.9953951239585876, 0.9955190420150757, 0.9956016540527344, 0.9952505826950073, 0.9957461953163147, 0.9952505826950073, 0.9941354990005493, 0.994775652885437] 
Training f1 history = [0.9680688381195068, 0.9801455140113831, 0.9887733459472656, 0.990298867225647, 0.9916443228721619, 0.9916818141937256, 0.991619884967804, 0.9919294714927673, 0.9927138090133667, 0.99283766746521, 0.9929653406143188, 0.99283766746521, 0.9927344918251038, 0.9929615259170532, 0.9937458634376526, 0.9933949708938599, 0.9937871694564819, 0.9938921928405762, 0.9939109683036804, 0.9938715696334839, 0.9918056726455688, 0.9919501543045044, 0.9936220049858093, 0.9925900101661682, 0.994076132774353, 0.99453204870224, 0.9944064021110535, 0.994447648525238, 0.9941173791885376, 0.9944682717323303, 0.9946953654289246, 0.995293915271759, 0.9949843287467957, 0.9954383969306946, 0.9953145384788513, 0.9950462579727173, 0.9953558444976807, 0.9951700568199158, 0.9950255751609802, 0.9954797029495239, 0.9947572946548462, 0.9947159886360168, 0.9951081275939941, 0.9954177737236023, 0.9951907396316528, 0.9953352212905884, 0.99539715051651, 0.9955209493637085, 0.9956035614013672, 0.9952526688575745, 0.9957480430603027, 0.9952526688575745, 0.9941380620002747, 0.9947779178619385] 
--- 
Validation loss history = [0.047106944024562836, 0.039401110261678696, 0.027198268100619316, 0.02936679497361183, 0.024850839748978615, 0.02813350409269333, 0.023542670533061028, 0.023755764588713646, 0.021713878959417343, 0.024120181798934937, 0.023264080286026, 0.02265569381415844, 0.023823514580726624, 0.01976224035024643, 0.02208048664033413, 0.021651335060596466, 0.020003918558359146, 0.018560288473963737, 0.021005645394325256, 0.02155524492263794, 0.022602152079343796, 0.020914683118462563, 0.018975239247083664, 0.02150757610797882, 0.020680231973528862, 0.018861807882785797, 0.018580075353384018, 0.02024996653199196, 0.02088596299290657, 0.019332747906446457, 0.02020367980003357, 0.017817215994000435, 0.018577614799141884, 0.017558785155415535, 0.018112393096089363, 0.01758692041039467, 0.01758052594959736, 0.02599688246846199, 0.019816195592284203, 0.02026108279824257, 0.02067720703780651, 0.018676677718758583, 0.02089560031890869, 0.01875203289091587, 0.02097269706428051, 0.017829231917858124, 0.019084857776761055, 0.018059825524687767, 0.020549766719341278, 0.019220812246203423, 0.018067283555865288, 0.01971299573779106, 0.02409258671104908, 0.01960568316280842] 
Validation accuracy history = [0.9814161062240601, 0.9886637926101685, 0.9938673377037048, 0.9929381012916565, 0.9929381012916565, 0.9921947717666626, 0.9938673377037048, 0.9942389726638794, 0.9938673377037048, 0.9940531253814697, 0.9938673377037048, 0.9938673377037048, 0.9938673377037048, 0.9947965145111084, 0.9940531253814697, 0.9946106672286987, 0.9949823617935181, 0.995725691318512, 0.9951682090759277, 0.9949823617935181, 0.9934956431388855, 0.9947965145111084, 0.9951682090759277, 0.9946106672286987, 0.9931239485740662, 0.9947965145111084, 0.9959115386009216, 0.9959115386009216, 0.9946106672286987, 0.9955398440361023, 0.9960973858833313, 0.995725691318512, 0.995725691318512, 0.9960973858833313, 0.9959115386009216, 0.995725691318512, 0.9955398440361023, 0.9899646639823914, 0.9953539967536926, 0.9955398440361023, 0.9953539967536926, 0.995725691318512, 0.9955398440361023, 0.9953539967536926, 0.9947965145111084, 0.996283233165741, 0.9955398440361023, 0.995725691318512, 0.9953539967536926, 0.995725691318512, 0.9959115386009216, 0.9960973858833313, 0.9929381012916565, 0.995725691318512] 
Validation f1 history = [0.9805103540420532, 0.9887204170227051, 0.9938979148864746, 0.9919748902320862, 0.9929733872413635, 0.9912351965904236, 0.9938979148864746, 0.9942677617073059, 0.9938979148864746, 0.9940828680992126, 0.9938979148864746, 0.9938979148864746, 0.9938979148864746, 0.9948225021362305, 0.9940828680992126, 0.9946375489234924, 0.9950073957443237, 0.9957470297813416, 0.995192289352417, 0.9950073957443237, 0.9935281276702881, 0.9948225021362305, 0.995192289352417, 0.9946375489234924, 0.9931582808494568, 0.9948225021362305, 0.9959319233894348, 0.9959319233894348, 0.9946375489234924, 0.9955621361732483, 0.9961168766021729, 0.9957470297813416, 0.9957470297813416, 0.9961168766021729, 0.9959319233894348, 0.9957470297813416, 0.9955621361732483, 0.9900147914886475, 0.995377242565155, 0.9955621361732483, 0.995377242565155, 0.9957470297813416, 0.9955621361732483, 0.995377242565155, 0.9948225021362305, 0.9963017702102661, 0.9955621361732483, 0.9957470297813416, 0.995377242565155, 0.9957470297813416, 0.9959319233894348, 0.9961168766021729, 0.9929733872413635, 0.9957470297813416] 
--- 
Radius of the CI = 0.0009314636198873969 
True classification of the model is likely between 0.9960208912881021 and 0.9978838185278769 
--- 
Test accuracy = 0.9969523549079895 
Confusion matrix (0 | 1) = 
 [[6260   36]
 [   5 7152]] 
--- 
