This file contains information about the lstm model 
Analysis directory = C:\Users\cdetr\Documents\GitHub\nomics\jawac_processing_nomics/data/valid_invalid_analysis 
--- 
Segmentation value = 300.0 
Downsampling value = 1.0 
Signal frequency = 1.0 Hz 
Batch size = 16 
Standard scale = 0 
Stateful = 0 
Sliding window = 1 
Center of interest = 180 
Full sequence = 0 
Return sequences = 1 
Data balancing = 0 
--- 
Log time = 09-04-2022 23-18-16 
--- 
Num of epochs = 100, early stop after 49 epochs 
Epochs training computation time history (in sec) = [139.61910963058472, 130.87126636505127, 138.42195773124695, 139.33033728599548, 141.6283473968506, 142.111234664917, 134.72536158561707, 136.71331596374512, 124.78020095825195, 142.61862015724182, 146.5871078968048, 146.1267991065979, 143.74649381637573, 137.83269023895264, 137.28777956962585, 149.28167986869812, 140.57750272750854, 143.19969606399536, 134.23267459869385, 131.61261820793152, 138.62644028663635, 137.22218775749207, 148.43893909454346, 141.40692257881165, 138.08798837661743, 138.93164086341858, 141.7114658355713, 145.03314805030823, 126.82041645050049, 133.8366858959198, 131.0265510082245, 133.2624533176422, 136.6284465789795, 144.20061230659485, 141.21636295318604, 142.14673972129822, 143.97258067131042, 147.17041754722595, 152.06457710266113, 136.8648989200592, 152.7959806919098, 151.2133228778839, 143.07205080986023, 153.16794395446777, 144.23321914672852, 150.75834250450134, 150.1442220211029, 147.4528522491455, 139.1984040737152] 
Epochs training computation time mean (in sec) = 141.06144096900005 
--- 
Training loss history = [0.15406657755374908, 0.1308954954147339, 0.12188448756933212, 0.11539345979690552, 0.10452397167682648, 0.10707910358905792, 0.10907213389873505, 0.10369537025690079, 0.10307931154966354, 0.1047826036810875, 0.10351014882326126, 0.1055176705121994, 0.100141242146492, 0.09492530673742294, 0.09997381269931793, 0.09819687157869339, 0.09377004206180573, 0.09381197392940521, 0.09678726643323898, 0.08822860568761826, 0.09097103774547577, 0.09277777373790741, 0.09211203455924988, 0.09422387927770615, 0.09719240665435791, 0.10215233266353607, 0.0963800922036171, 0.08979909121990204, 0.0942838191986084, 0.09180661290884018, 0.09683036804199219, 0.09201589226722717, 0.0981251671910286, 0.09680367261171341, 0.08581468462944031, 0.09260810166597366, 0.09230047464370728, 0.09157325327396393, 0.09883050620555878, 0.0945521742105484, 0.09121004492044449, 0.08945327252149582, 0.09282413125038147, 0.09681518375873566, 0.09336991608142853, 0.08968737721443176, 0.09449613839387894, 0.09375607222318649, 0.09338047355413437] 
Training accuracy history = [0.9549104571342468, 0.9577286839485168, 0.9593770503997803, 0.9590126872062683, 0.96156907081604, 0.960450291633606, 0.9613199830055237, 0.9612338542938232, 0.9630691409111023, 0.9634043574333191, 0.9637417793273926, 0.9645829200744629, 0.964385449886322, 0.9651344418525696, 0.9644384384155273, 0.9644860625267029, 0.9658878445625305, 0.9664998054504395, 0.965326189994812, 0.969753623008728, 0.9692468643188477, 0.9655681848526001, 0.9683321714401245, 0.9645678400993347, 0.9651172757148743, 0.9637945890426636, 0.9655271768569946, 0.9662880301475525, 0.9661385416984558, 0.9678568840026855, 0.963693380355835, 0.9654971957206726, 0.9628186821937561, 0.9646690487861633, 0.9670674800872803, 0.964454174041748, 0.9646522998809814, 0.9678435921669006, 0.9640102982521057, 0.9638627171516418, 0.9656710624694824, 0.9675164818763733, 0.9663132429122925, 0.9666060209274292, 0.9668070077896118, 0.9650721549987793, 0.9644821286201477, 0.9660601019859314, 0.966472864151001] 
Training f1 history = [0.9548400640487671, 0.9577582478523254, 0.9594054818153381, 0.9590407609939575, 0.9615941643714905, 0.9604775309562683, 0.9613455533981323, 0.9612604975700378, 0.9630098342895508, 0.9632933139801025, 0.9637665152549744, 0.9646076560020447, 0.964410126209259, 0.9651581048965454, 0.9644631743431091, 0.9645105600357056, 0.9659119248390198, 0.9665234684944153, 0.9653503894805908, 0.969774603843689, 0.9692663550376892, 0.9654799699783325, 0.9683544635772705, 0.9645921587944031, 0.9651409387588501, 0.9638192057609558, 0.9655514359474182, 0.9663111567497253, 0.9661619067192078, 0.9677421450614929, 0.9637182354927063, 0.9655207395553589, 0.9628380537033081, 0.9646232724189758, 0.9670901298522949, 0.9644787311553955, 0.9646767377853394, 0.9677959084510803, 0.9640352129936218, 0.9638872742652893, 0.9655730128288269, 0.9675387144088745, 0.9663368463516235, 0.9666290879249573, 0.9666939973831177, 0.9650962352752686, 0.9645067453384399, 0.9659473896026611, 0.966496467590332] 
--- 
Validation loss history = [0.13195781409740448, 0.16209980845451355, 0.1323944330215454, 0.11643609404563904, 0.11540976911783218, 0.12033464014530182, 0.12783430516719818, 0.12192750722169876, 0.11870419234037399, 0.11074873059988022, 0.11560559272766113, 0.12203839421272278, 0.11496298015117645, 0.15256904065608978, 0.10730364918708801, 0.11384318023920059, 0.11361853033304214, 0.11894811689853668, 0.10951801389455795, 0.11216778308153152, 0.11350563913583755, 0.12993179261684418, 0.1115676537156105, 0.10780540853738785, 0.11471467465162277, 0.10560691356658936, 0.10611056536436081, 0.11459612101316452, 0.10236232727766037, 0.10384256392717361, 0.10566515475511551, 0.10829896479845047, 0.1162017211318016, 0.10550814867019653, 0.11344578117132187, 0.13724009692668915, 0.10147770494222641, 0.10603455454111099, 0.11048684269189835, 0.11094868928194046, 0.10881474614143372, 0.1286945790052414, 0.10465029627084732, 0.1016630232334137, 0.11179932951927185, 0.10221590101718903, 0.12007953226566315, 0.10921990871429443, 0.11071368306875229] 
Validation accuracy history = [0.9597951769828796, 0.9567448496818542, 0.9537355899810791, 0.9587262272834778, 0.9582644104957581, 0.9618529081344604, 0.953635036945343, 0.9562904834747314, 0.9586461782455444, 0.9630483984947205, 0.9613035321235657, 0.963728129863739, 0.9604730010032654, 0.9494171142578125, 0.9649944305419922, 0.9583389163017273, 0.963093101978302, 0.9679105877876282, 0.9646257162094116, 0.967279314994812, 0.9660465717315674, 0.9568789601325989, 0.9631117582321167, 0.9592010974884033, 0.9665400385856628, 0.9603314995765686, 0.9651955366134644, 0.9664115309715271, 0.9695400595664978, 0.9620707631111145, 0.961683452129364, 0.9627355933189392, 0.9616740942001343, 0.9620000123977661, 0.9589888453483582, 0.9634339213371277, 0.9619180560112, 0.9623761773109436, 0.9584953188896179, 0.9617151021957397, 0.9611005783081055, 0.9640353918075562, 0.9638156294822693, 0.9602029919624329, 0.9604822993278503, 0.961791455745697, 0.962759792804718, 0.9627485871315002, 0.962543785572052] 
Validation f1 history = [0.9598397612571716, 0.9567930102348328, 0.9537865519523621, 0.9587721824645996, 0.9583109617233276, 0.9618955254554749, 0.9536868929862976, 0.9563392996788025, 0.9586922526359558, 0.9630895853042603, 0.9613465666770935, 0.9637678265571594, 0.9605151414871216, 0.9494734406471252, 0.9650312066078186, 0.9583842158317566, 0.9631317853927612, 0.9679320454597473, 0.964663565158844, 0.9673141837120056, 0.9660843014717102, 0.9569076299667358, 0.9631419777870178, 0.9592369198799133, 0.9665717482566833, 0.9603757262229919, 0.9652345776557922, 0.9663709998130798, 0.9695673584938049, 0.962113082408905, 0.9617261290550232, 0.9627770781517029, 0.9617168307304382, 0.9620423913002014, 0.9590345025062561, 0.9634747505187988, 0.9619604349136353, 0.9623402953147888, 0.9585414528846741, 0.9617577791213989, 0.9611438512802124, 0.96407550573349, 0.9638558030128479, 0.9602474570274353, 0.9604563117027283, 0.9618339538574219, 0.9628011584281921, 0.9627900719642639, 0.9625760316848755] 
--- 
Radius of the CI = 0.005242437491724387 
True classification of the model is likely between 0.9716300662657524 and 0.9821149412492012 
--- 
Test accuracy = 0.9768725037574768 
Confusion matrix (0 | 1) = 
 [[442000   8715]
 [ 13196 483489]] 
--- 
