This file contains information about the resnet model 
Analysis directory = C:\Users\cdetr\Documents\GitHub\nomics\nomics-AI/data/task2/tfe/without_oe/analysis_backup 
--- 
Segmentation value = 300.0 
Downsampling value = 1.0 
Signal frequency = 1.0 Hz 
Batch size = 32 
Standard scale = 0 
Stateful = 0 
Sliding window = 1 
Center of interest = 120 
Full sequence = 0 
Return sequences = 0 
Data balancing = 1 
--- 
Log time = 18-06-2022 20-37-16 
--- 
Num of epochs = 100, early stop after 48 epochs 
Epochs training computation time history (in sec) = [54.48298692703247, 38.35899877548218, 37.290014028549194, 32.80599021911621, 35.58399987220764, 36.16600036621094, 39.1120023727417, 38.06200051307678, 35.38699674606323, 36.51000094413757, 34.15899968147278, 34.37899899482727, 35.672998905181885, 33.84800052642822, 39.0489981174469, 35.28200030326843, 36.61600041389465, 36.83600044250488, 38.283992767333984, 40.474997758865356, 40.87701678276062, 39.314000844955444, 38.24900007247925, 35.10299897193909, 36.82199954986572, 41.97000002861023, 40.00500154495239, 40.40099906921387, 43.1990008354187, 43.60900139808655, 47.13098740577698, 43.755001068115234, 45.83199977874756, 43.85499978065491, 40.023011922836304, 37.495020627975464, 41.09800338745117, 51.53200006484985, 52.50699472427368, 54.396100759506226, 53.935014486312866, 55.69999933242798, 51.74199986457825, 52.17100381851196, 54.21955227851868, 46.70899939537048, 48.811009645462036, 38.43400192260742] 
Epochs training computation time mean (in sec) = 41.817806209127106 
--- 
Training loss history = [0.40243175625801086, 0.34817951917648315, 0.33740776777267456, 0.325727641582489, 0.3214844763278961, 0.3158421516418457, 0.3170611560344696, 0.3113793432712555, 0.2960621416568756, 0.28257322311401367, 0.27766644954681396, 0.27123942971229553, 0.26771724224090576, 0.2636427879333496, 0.26036015152931213, 0.2561315596103668, 0.2521863877773285, 0.25021323561668396, 0.24209646880626678, 0.241319939494133, 0.23523007333278656, 0.22992415726184845, 0.225993350148201, 0.2215733677148819, 0.21466253697872162, 0.20811820030212402, 0.20675523579120636, 0.19432322680950165, 0.1886410415172577, 0.17967644333839417, 0.17500048875808716, 0.169109508395195, 0.15840542316436768, 0.148696631193161, 0.14191338419914246, 0.13850431144237518, 0.1338353008031845, 0.12405753135681152, 0.11847567558288574, 0.11037241667509079, 0.10873135924339294, 0.10304765403270721, 0.09093597531318665, 0.08694647997617722, 0.0848802700638771, 0.08307012170553207, 0.07941028475761414, 0.07285919040441513] 
Training accuracy history = [0.8164870738983154, 0.8454731106758118, 0.8551875948905945, 0.8582553267478943, 0.859828531742096, 0.8616770505905151, 0.8609297275543213, 0.8631715774536133, 0.8740659356117249, 0.8832297921180725, 0.8849602937698364, 0.8877920508384705, 0.8920396566390991, 0.8940848112106323, 0.8943994045257568, 0.8945174217224121, 0.8969951868057251, 0.8965232372283936, 0.9009281992912292, 0.8999056220054626, 0.9046251773834229, 0.9061590433120728, 0.9081648588180542, 0.9090301394462585, 0.9132777452468872, 0.9156375527381897, 0.9158735275268555, 0.9234641790390015, 0.924132764339447, 0.9280657768249512, 0.9290883541107178, 0.933807909488678, 0.939314067363739, 0.9403759837150574, 0.9448989033699036, 0.9456068873405457, 0.9477699995040894, 0.9512310028076172, 0.9546920657157898, 0.9587430357933044, 0.9580351114273071, 0.9614567756652832, 0.9665696620941162, 0.969283401966095, 0.9684181809425354, 0.9678282141685486, 0.9710139036178589, 0.9726264476776123] 
Training f1 history = [0.8164350986480713, 0.8454663753509521, 0.8551755547523499, 0.8583332300186157, 0.8598138093948364, 0.8616613149642944, 0.8609451055526733, 0.86321622133255, 0.8741351366043091, 0.883232831954956, 0.8849623799324036, 0.8877619504928589, 0.8920989632606506, 0.8940819501876831, 0.8943963646888733, 0.8944836258888245, 0.8969600796699524, 0.8965495824813843, 0.900952160358429, 0.8999301195144653, 0.9046470522880554, 0.9061495661735535, 0.9081542491912842, 0.9090495705604553, 0.9132336974143982, 0.9156839847564697, 0.9158892035484314, 0.9235062599182129, 0.9241745471954346, 0.928105354309082, 0.9290966987609863, 0.933783233165741, 0.939347505569458, 0.9403782486915588, 0.9449292421340942, 0.9456368088722229, 0.947676420211792, 0.9511967301368713, 0.9546864032745361, 0.9587657451629639, 0.9579970836639404, 0.9614779949188232, 0.9664351940155029, 0.9692697525024414, 0.968435525894165, 0.9678459167480469, 0.9709381461143494, 0.9726415276527405] 
--- 
Validation loss history = [0.8996497392654419, 0.3147498667240143, 0.3196885287761688, 0.3568001091480255, 0.3018206059932709, 0.30914756655693054, 0.3304981291294098, 0.47850820422172546, 0.28099462389945984, 0.2813137471675873, 0.2566448152065277, 0.2768230438232422, 0.24427950382232666, 0.24735127389431, 0.240854874253273, 0.4108656346797943, 0.42576971650123596, 0.231698676943779, 0.23083597421646118, 0.23788855969905853, 0.22805015742778778, 0.27832943201065063, 0.21918021142482758, 0.2360897958278656, 0.2482353299856186, 0.2092389315366745, 0.29077285528182983, 0.2583431899547577, 0.22946420311927795, 0.26287397742271423, 0.21951770782470703, 0.2301897555589676, 0.30909180641174316, 0.20259299874305725, 0.2641216218471527, 0.44651100039482117, 0.35025444626808167, 0.17071089148521423, 0.19183775782585144, 0.2009296715259552, 0.18954554200172424, 0.17734158039093018, 0.30914077162742615, 0.18135395646095276, 0.1751006692647934, 0.21423009037971497, 1.396562933921814, 0.1993318498134613] 
Validation accuracy history = [0.6539278030395508, 0.8634111881256104, 0.860580325126648, 0.8322717547416687, 0.867657482624054, 0.8630573153495789, 0.851733922958374, 0.7845010757446289, 0.8796886205673218, 0.8857041597366333, 0.9005661606788635, 0.8828732967376709, 0.9065817594528198, 0.8998584747314453, 0.9094126224517822, 0.7940552234649658, 0.8428874611854553, 0.9090587496757507, 0.9094126224517822, 0.9062278866767883, 0.9062278866767883, 0.8903043270111084, 0.9076433181762695, 0.9041047692298889, 0.8927813172340393, 0.9186128973960876, 0.8754423260688782, 0.8977352976799011, 0.9101203083992004, 0.8828732967376709, 0.9048124551773071, 0.9033970236778259, 0.8726114630699158, 0.914366602897644, 0.887473464012146, 0.8549185991287231, 0.88039630651474, 0.930290162563324, 0.9210898876190186, 0.9267516136169434, 0.9217975735664368, 0.9317055940628052, 0.8849964737892151, 0.9338287115097046, 0.9341825842857361, 0.92144376039505, 0.774946928024292, 0.9306440353393555] 
Validation f1 history = [0.6558286547660828, 0.8636937737464905, 0.8608847856521606, 0.8327949047088623, 0.8679072260856628, 0.8633426427841187, 0.8521066904067993, 0.7853931784629822, 0.8798454403877258, 0.8858145475387573, 0.9005617499351501, 0.8837779760360718, 0.9065309166908264, 0.8998594880104065, 0.9093398451805115, 0.7948735356330872, 0.8441010117530823, 0.9089887142181396, 0.9101122617721558, 0.9061797857284546, 0.9061797261238098, 0.8903791308403015, 0.9075841903686523, 0.9040729403495789, 0.8928369879722595, 0.9192414879798889, 0.8756319284439087, 0.8985251784324646, 0.9108145236968994, 0.8830055594444275, 0.9047753214836121, 0.9041431546211243, 0.8720505237579346, 0.9142556190490723, 0.8867977261543274, 0.8544943332672119, 0.8797752261161804, 0.9308286309242249, 0.9216994643211365, 0.9273174405097961, 0.9216292500495911, 0.9322331547737122, 0.8858848214149475, 0.9343398809432983, 0.9346910119056702, 0.9220505356788635, 0.7751404047012329, 0.9311797618865967] 
--- 
Radius of the CI = 0.0063106144627056325 
True classification of the model is likely between 0.9141310726443805 and 0.9267523015697918 
--- 
Test accuracy = 0.9204416871070862 
Confusion matrix (0 | 1) = 
 [[3277  279]
 [ 283 3225]] 
--- 
