This file contains information about the resnet model 
Analysis directory = C:\Users\cdetr\Documents\GitHub\nomics\nomics-AI/data/task2/tfe/without_oe/analysis_backup 
--- 
Segmentation value = 300.0 
Downsampling value = 1.0 
Signal frequency = 1.0 Hz 
Batch size = 32 
Standard scale = 0 
Stateful = 0 
Sliding window = 1 
Center of interest = 120 
Full sequence = 0 
Return sequences = 0 
Data balancing = 1 
--- 
Log time = 14-06-2022 19-06-10 
--- 
Num of epochs = 100, early stop after 66 epochs 
Epochs training computation time history (in sec) = [19.796988010406494, 14.314998388290405, 14.323999881744385, 14.591998100280762, 14.616998434066772, 14.669999122619629, 14.321999549865723, 14.398990154266357, 14.631002187728882, 13.545999765396118, 14.611995458602905, 14.459998846054077, 14.95300006866455, 14.935011863708496, 15.05199909210205, 14.894002676010132, 15.448999166488647, 15.042001962661743, 15.275000095367432, 15.771998405456543, 14.797000169754028, 15.215996742248535, 14.934996366500854, 14.414996862411499, 15.743000268936157, 16.064995527267456, 15.570996046066284, 16.337001085281372, 15.383997917175293, 16.19299864768982, 16.00800108909607, 15.857999801635742, 16.07999873161316, 18.666998863220215, 17.259998321533203, 16.641011476516724, 17.93999719619751, 16.768998622894287, 15.992000102996826, 16.07999873161316, 16.714000940322876, 15.89900016784668, 15.918990135192871, 16.251001596450806, 15.961999893188477, 16.427001237869263, 16.013002395629883, 16.022998094558716, 18.063027381896973, 16.30299735069275, 16.69899582862854, 15.650831937789917, 17.093809366226196, 17.71389389038086, 17.21500062942505, 17.488999366760254, 16.526000261306763, 16.177995443344116, 16.347994089126587, 15.926999568939209, 16.61499834060669, 16.211000204086304, 18.431999683380127, 15.750996828079224, 15.20400094985962, 15.333000183105469] 
Epochs training computation time mean (in sec) = 15.902553023714008 
--- 
Training loss history = [0.3636845052242279, 0.3199860155582428, 0.31358516216278076, 0.3064471185207367, 0.295512855052948, 0.29155832529067993, 0.29455676674842834, 0.2874547839164734, 0.2878119945526123, 0.28445127606391907, 0.26753997802734375, 0.2519092857837677, 0.23856066167354584, 0.23286309838294983, 0.22951100766658783, 0.2242487668991089, 0.2197047472000122, 0.21806186437606812, 0.21300345659255981, 0.21251732110977173, 0.20728746056556702, 0.2186214178800583, 0.2102339267730713, 0.2025015652179718, 0.20094338059425354, 0.19483502209186554, 0.19164837896823883, 0.18937939405441284, 0.18463793396949768, 0.17856910824775696, 0.17805014550685883, 0.16896884143352509, 0.16608446836471558, 0.16452817618846893, 0.15789270401000977, 0.15230876207351685, 0.14703384041786194, 0.1457994431257248, 0.1357150673866272, 0.13211414217948914, 0.12716980278491974, 0.12578779458999634, 0.11968102306127548, 0.11481805890798569, 0.11090267449617386, 0.10519662499427795, 0.10451037436723709, 0.09418317675590515, 0.09790706634521484, 0.08843998610973358, 0.08308803290128708, 0.08293534070253372, 0.07714198529720306, 0.07368160784244537, 0.07063185423612595, 0.076710045337677, 0.0637015700340271, 0.06003778800368309, 0.06587836146354675, 0.062380772083997726, 0.05232974886894226, 0.05880631506443024, 0.05815038084983826, 0.04780973494052887, 0.04900959134101868, 0.052009955048561096] 
Training accuracy history = [0.8396817445755005, 0.8626205921173096, 0.8636786937713623, 0.8652869462966919, 0.8720585703849792, 0.8751481175422668, 0.8726934194564819, 0.8759099245071411, 0.8763331770896912, 0.8770949840545654, 0.8881835341453552, 0.8951244354248047, 0.902869462966919, 0.9038429260253906, 0.908794641494751, 0.9083714485168457, 0.9115879535675049, 0.9111223816871643, 0.9138310551643372, 0.9132808446884155, 0.9166243672370911, 0.9107415080070496, 0.9152700304985046, 0.9160318374633789, 0.9189521074295044, 0.9223378896713257, 0.9250888824462891, 0.92352294921875, 0.9240731596946716, 0.9279245138168335, 0.9275012612342834, 0.9325799942016602, 0.9318605065345764, 0.9349077343940735, 0.9384628534317017, 0.9411291480064392, 0.9432029724121094, 0.9437955021858215, 0.9473083019256592, 0.9492127895355225, 0.9503555297851562, 0.9514135718345642, 0.9521753787994385, 0.9561536908149719, 0.9571694731712341, 0.9600474238395691, 0.9601743817329407, 0.9636024832725525, 0.9633485674858093, 0.9661841988563538, 0.9682157039642334, 0.9678347706794739, 0.969908595085144, 0.9716014862060547, 0.9735906720161438, 0.9707127213478088, 0.9763839244842529, 0.9779075384140015, 0.9752412438392639, 0.9767225384712219, 0.9810394644737244, 0.9785000681877136, 0.9783307909965515, 0.9817589521408081, 0.9818435907363892, 0.9802776575088501] 
Training f1 history = [0.8396762609481812, 0.8625957369804382, 0.86358243227005, 0.8650484085083008, 0.8720962405204773, 0.8751831650733948, 0.8728010058403015, 0.8759443759918213, 0.8762966990470886, 0.8771283626556396, 0.8882780075073242, 0.8948606252670288, 0.9028810858726501, 0.9036423563957214, 0.908801257610321, 0.9083783626556396, 0.9113808274269104, 0.9110565781593323, 0.9139038324356079, 0.9133540987968445, 0.9166244268417358, 0.9108169078826904, 0.9153416752815247, 0.9159618020057678, 0.9190205335617065, 0.9224035739898682, 0.9251522421836853, 0.923376202583313, 0.9241373538970947, 0.9279149174690247, 0.9274921417236328, 0.9326369166374207, 0.9319181442260742, 0.934962809085846, 0.9383034706115723, 0.9411789774894714, 0.9431805610656738, 0.943772554397583, 0.9473528265953064, 0.9491147398948669, 0.9503974914550781, 0.9513136744499207, 0.952215850353241, 0.956190824508667, 0.9572057127952576, 0.9600107669830322, 0.9601376056671143, 0.9635628461837769, 0.963309109210968, 0.966212809085846, 0.9681721329689026, 0.9678619503974915, 0.9698635935783386, 0.9715550541877747, 0.9735425114631653, 0.9707374572753906, 0.9764039516448975, 0.9779262542724609, 0.9751917123794556, 0.9767422080039978, 0.981055498123169, 0.9785182476043701, 0.9783491492271423, 0.9817038774490356, 0.9818589091300964, 0.9802942872047424] 
--- 
Validation loss history = [0.5516054034233093, 0.5250555872917175, 0.3668552339076996, 0.3562909960746765, 0.30864661931991577, 0.3531695604324341, 0.2784460783004761, 0.3192092776298523, 0.2871113419532776, 0.4556966722011566, 0.33642956614494324, 0.23190626502037048, 0.23910033702850342, 0.25158458948135376, 0.22556908428668976, 0.24697314202785492, 0.24296633899211884, 0.20914335548877716, 0.2342298924922943, 0.23592694103717804, 0.2887865900993347, 0.26520630717277527, 0.23166769742965698, 0.2623702585697174, 0.24758729338645935, 0.2223464548587799, 0.2423821985721588, 0.3021218478679657, 0.6549481153488159, 0.2260327786207199, 0.20796042680740356, 0.21234101057052612, 0.20457133650779724, 0.2163628488779068, 0.2312992960214615, 0.21811926364898682, 0.4144309461116791, 0.23976989090442657, 0.3329242765903473, 0.20870144665241241, 0.2064543515443802, 0.2560960054397583, 0.22465549409389496, 0.29297637939453125, 0.2834146320819855, 0.1845245063304901, 0.3435567021369934, 0.4749792516231537, 0.22235172986984253, 0.18595607578754425, 0.19813627004623413, 0.34490448236465454, 0.30370500683784485, 0.22190502285957336, 0.205574631690979, 0.2639227509498596, 0.261826753616333, 0.22853542864322662, 0.3850157558917999, 0.20179742574691772, 0.4932956099510193, 0.24644120037555695, 0.4578743875026703, 0.24104847013950348, 0.4089983403682709, 0.33872103691101074] 
Validation accuracy history = [0.7642802596092224, 0.7779893279075623, 0.8404417634010315, 0.8514851331710815, 0.8705255389213562, 0.8514851331710815, 0.8773800730705261, 0.8648133873939514, 0.8785224556922913, 0.8198781609535217, 0.8339679837226868, 0.9013708829879761, 0.8983244299888611, 0.890327513217926, 0.9067022204399109, 0.899847686290741, 0.896420419216156, 0.914699137210846, 0.9044173359870911, 0.9002285003662109, 0.8735719919204712, 0.8948971629142761, 0.901751697063446, 0.890327513217926, 0.9013708829879761, 0.9139375686645508, 0.899847686290741, 0.8827113509178162, 0.8347296118736267, 0.9120334982872009, 0.914699137210846, 0.9143183827400208, 0.9177456498146057, 0.9097486734390259, 0.911271870136261, 0.9097486734390259, 0.8533892035484314, 0.9040365815162659, 0.8617669343948364, 0.9135567545890808, 0.9143183827400208, 0.9009901285171509, 0.9261233806610107, 0.8758568167686462, 0.896039605140686, 0.9322162866592407, 0.8682406544685364, 0.8351104259490967, 0.9105103015899658, 0.9329779148101807, 0.9341203570365906, 0.8884234428405762, 0.9006093144416809, 0.9226961135864258, 0.9405940771102905, 0.9188880324363708, 0.904798150062561, 0.9268850088119507, 0.8769992589950562, 0.9421172738075256, 0.8701447248458862, 0.9268850088119507, 0.8827113509178162, 0.9181264042854309, 0.911652684211731, 0.899466872215271] 
Validation f1 history = [0.7669427394866943, 0.7748492956161499, 0.8422439098358154, 0.8531625866889954, 0.8719878792762756, 0.8475149869918823, 0.8787649869918823, 0.8663402795791626, 0.8798945546150208, 0.8219125866889954, 0.8358432650566101, 0.9024849534034729, 0.8938252329826355, 0.8915661573410034, 0.9021084308624268, 0.8953313231468201, 0.8919427990913391, 0.9100149869918823, 0.8998494148254395, 0.8957078456878662, 0.8693523406982422, 0.8904366493225098, 0.9028613567352295, 0.8859186768531799, 0.8968373537063599, 0.9092620611190796, 0.8953313231468201, 0.8783885836601257, 0.8309487104415894, 0.9073794484138489, 0.9100149869918823, 0.9096385836601257, 0.9130269885063171, 0.9051204919815063, 0.9066264033317566, 0.9051203727722168, 0.8493974804878235, 0.8994728922843933, 0.85768061876297, 0.9088855385780334, 0.9096385836601257, 0.8964608311653137, 0.9213101267814636, 0.8716113567352295, 0.8915661573410034, 0.9273343086242676, 0.8640812039375305, 0.8313252329826355, 0.9115210175514221, 0.9280872344970703, 0.9292168021202087, 0.8840360641479492, 0.9017318487167358, 0.9235692620277405, 0.9412649869918823, 0.9198042154312134, 0.9002258777618408, 0.927710771560669, 0.8783884644508362, 0.9371234178543091, 0.8716113567352295, 0.9220631718635559, 0.8840360641479492, 0.9190511107444763, 0.9126505255699158, 0.900602400302887] 
--- 
Radius of the CI = 0.005926993400649961 
True classification of the model is likely between 0.9299353093795014 and 0.9417892961808013 
--- 
Test accuracy = 0.9358623027801514 
Confusion matrix (0 | 1) = 
 [[3010  212]
 [ 209 3133]] 
--- 
