This file contains information about the lstm model 
Analysis directory = C:\Users\cdetr\Documents\GitHub\nomics\jawac_processing_nomics/data/valid_invalid_analysis 
--- 
Segmentation value = 20.0 
Downsampling value = 1.0 
Signal frequency = 1.0 Hz 
Batch size = 64 
Standard scale = 0 
Stateful = 0 
Sliding window = 0 
Center of interest = 10 
Full sequence = 0 
Return sequences = 1 
Data balancing = 0 
--- 
Log time = 18-04-2022 00-19-17 
--- 
Num of epochs = 100, early stop after 45 epochs 
Epochs training computation time history (in sec) = [27.840965509414673, 106.10000014305115, 64.01879930496216, 55.63500094413757, 55.592002868652344, 57.255998849868774, 55.479002714157104, 51.87000012397766, 21.82300043106079, 41.53200101852417, 44.79400062561035, 42.483001470565796, 40.6730010509491, 43.390000104904175, 41.059001207351685, 39.35600137710571, 39.335999488830566, 40.03999996185303, 36.64900088310242, 40.25699973106384, 40.880000591278076, 38.43399953842163, 42.372000217437744, 42.2309992313385, 41.72100234031677, 41.125001430511475, 36.682124853134155, 44.27600049972534, 52.789000511169434, 73.4039900302887, 69.11999940872192, 69.84000015258789, 71.6510283946991, 65.79700136184692, 20.594999313354492, 21.151999473571777, 26.35999870300293, 27.71899938583374, 28.767999410629272, 28.227001190185547, 26.968003273010254, 28.671001434326172, 27.891998767852783, 27.029000997543335, 26.5910005569458] 
Epochs training computation time mean (in sec) = 43.67728730837504 
--- 
Training loss history = [0.17530407011508942, 0.15018457174301147, 0.14680215716362, 0.14114239811897278, 0.13867709040641785, 0.13294096291065216, 0.13287454843521118, 0.13102245330810547, 0.1253153681755066, 0.12407056242227554, 0.11468884348869324, 0.12423761934041977, 0.12331483513116837, 0.11044606566429138, 0.11116325855255127, 0.12175490707159042, 0.12561245262622833, 0.11946873366832733, 0.12947945296764374, 0.11834362149238586, 0.13596002757549286, 0.13021063804626465, 0.13751760125160217, 0.12374496459960938, 0.11655203998088837, 0.1188894659280777, 0.1252075433731079, 0.10932501405477524, 0.13260257244110107, 0.127257838845253, 0.11373445391654968, 0.11666350066661835, 0.11103681474924088, 0.1308821439743042, 0.1170525848865509, 0.11812660098075867, 0.12216326594352722, 0.1520109474658966, 0.1448933184146881, 0.1398056447505951, 0.14005233347415924, 0.12455781549215317, 0.12523974478244781, 0.12496504187583923, 0.11645764857530594] 
Training accuracy history = [0.941622793674469, 0.9495466947555542, 0.9512299299240112, 0.9537473320960999, 0.9548014998435974, 0.9548565149307251, 0.9551392793655396, 0.9549174308776855, 0.9595507383346558, 0.9555984139442444, 0.9611841440200806, 0.957403838634491, 0.9551705718040466, 0.9570052027702332, 0.9572910070419312, 0.9577498435974121, 0.9582065939903259, 0.9590224027633667, 0.957207441329956, 0.9582234621047974, 0.9533503651618958, 0.957636296749115, 0.9560025930404663, 0.9569862484931946, 0.9616309404373169, 0.958033561706543, 0.9596136808395386, 0.965243399143219, 0.9587923288345337, 0.9570860266685486, 0.9611115455627441, 0.9631749391555786, 0.9645861387252808, 0.9578798413276672, 0.9603865146636963, 0.962225615978241, 0.9597079157829285, 0.9522490501403809, 0.9546917676925659, 0.9560672640800476, 0.9560421109199524, 0.9607744812965393, 0.9578371644020081, 0.9586557745933533, 0.9631763100624084] 
Training f1 history = [0.9416322112083435, 0.9495493769645691, 0.9512341022491455, 0.9537582397460938, 0.9548132419586182, 0.9548674821853638, 0.9551507830619812, 0.9549225568771362, 0.959550142288208, 0.9556105732917786, 0.9611895680427551, 0.9574140310287476, 0.9551668763160706, 0.9569969773292542, 0.9572868943214417, 0.9577351808547974, 0.9582020044326782, 0.9590273499488831, 0.9572128653526306, 0.9582156538963318, 0.9533498883247375, 0.957638144493103, 0.9560058116912842, 0.9569976329803467, 0.9616241455078125, 0.9580278992652893, 0.9596184492111206, 0.9652509093284607, 0.9588015675544739, 0.9570795893669128, 0.9611212611198425, 0.9631729125976562, 0.9645883440971375, 0.957885205745697, 0.9603968858718872, 0.9622283577919006, 0.9597070217132568, 0.9522626399993896, 0.9546934366226196, 0.9560689926147461, 0.9560423493385315, 0.9607746005058289, 0.9578482508659363, 0.9586417078971863, 0.9631848335266113] 
--- 
Validation loss history = [0.11960576474666595, 0.12128116190433502, 0.1254725158214569, 0.125015527009964, 0.15384304523468018, 0.12994879484176636, 0.10055143386125565, 0.11708201467990875, 0.09472538530826569, 0.0945013165473938, 0.09163810312747955, 0.13650481402873993, 0.10100319981575012, 0.09190472960472107, 0.08390321582555771, 0.11129754036664963, 0.11089317500591278, 0.0982113629579544, 0.09533115476369858, 0.09342050552368164, 0.09913741797208786, 0.1336943358182907, 0.11385370045900345, 0.09672481566667557, 0.08128109574317932, 0.09614092856645584, 0.0854569599032402, 0.0963900089263916, 0.12837611138820648, 0.10091155767440796, 0.09189187735319138, 0.09243027865886688, 0.09807012975215912, 0.09569365531206131, 0.09583737701177597, 0.09553561359643936, 0.1284046471118927, 0.14284716546535492, 0.12687452137470245, 0.11961564421653748, 0.1098516657948494, 0.10771739482879639, 0.09789863973855972, 0.1064666137099266, 0.10947642475366592] 
Validation accuracy history = [0.95551598072052, 0.9537237882614136, 0.9554107785224915, 0.9540116190910339, 0.9423667192459106, 0.9553333520889282, 0.9651365280151367, 0.9571998715400696, 0.9648764729499817, 0.9690645933151245, 0.966956615447998, 0.9570729732513428, 0.9541633129119873, 0.9587878584861755, 0.9623599052429199, 0.9589828252792358, 0.9552002549171448, 0.9661208391189575, 0.9608463048934937, 0.9607162475585938, 0.9620720744132996, 0.9534916281700134, 0.9539435505867004, 0.9631245136260986, 0.9680802226066589, 0.9587414264678955, 0.968377411365509, 0.9624837636947632, 0.9595771431922913, 0.9596514701843262, 0.968690037727356, 0.9676964282989502, 0.9579923152923584, 0.9690459966659546, 0.9669720530509949, 0.9649569988250732, 0.9558348059654236, 0.9505943059921265, 0.9572679996490479, 0.9601653218269348, 0.961338460445404, 0.9612765312194824, 0.964371919631958, 0.9586052298545837, 0.9602426886558533] 
Validation f1 history = [0.9554306864738464, 0.9536426067352295, 0.9553255438804626, 0.9539297223091125, 0.9423128366470337, 0.9552483558654785, 0.9650282263755798, 0.9571101665496826, 0.9647679924964905, 0.9689461588859558, 0.9668437242507935, 0.9569836258888245, 0.9540957808494568, 0.958694577217102, 0.9623250961303711, 0.9588888883590698, 0.9551154375076294, 0.9660095572471619, 0.9607480764389038, 0.9606184959411621, 0.9619706273078918, 0.953411340713501, 0.9538612961769104, 0.9630209803581238, 0.9679644703865051, 0.9586485624313354, 0.9682612419128418, 0.9623815417289734, 0.9594821929931641, 0.9595569372177124, 0.9685731530189514, 0.9675813317298889, 0.957901120185852, 0.9689279794692993, 0.9668591618537903, 0.9648487567901611, 0.9557479023933411, 0.9505205750465393, 0.957177996635437, 0.9600691199302673, 0.9612382054328918, 0.9611772298812866, 0.9642652273178101, 0.9585119485855103, 0.9601455926895142] 
--- 
Radius of the CI = 0.0016613991550667212 
True classification of the model is likely between 0.9684297053523796 and 0.971752503662513 
--- 
Test accuracy = 0.9700911045074463 
Confusion matrix (0 | 1) = 
 [[370944   6458]
 [ 17697 412521]] 
--- 
