This file contains information about the lstm model 
Analysis directory = C:\Users\cdetr\Documents\GitHub\nomics\jawac_processing_nomics/data/awake_sleep_analysis_update 
--- 
Segmentation value = 120.0 
Downsampling value = 1.0 
Signal frequency = 1.0 Hz 
Batch size = 8 
Standard scale = 0 
Stateful = 0 
Sliding window = 0 
Center of interest = 10 
Full sequence = 0 
Return sequences = 0 
Data balancing = 1 
--- 
Log time = 19-04-2022 22-56-12 
--- 
Num of epochs = 100, early stop after 51 epochs 
Epochs training computation time history (in sec) = [44.124001264572144, 40.72699761390686, 40.343998670578, 38.84099841117859, 40.29699921607971, 40.156999826431274, 42.02699899673462, 41.62999939918518, 42.93399500846863, 44.002999782562256, 42.434996604919434, 42.27300047874451, 40.81199932098389, 46.01900291442871, 45.91699695587158, 46.62899875640869, 40.71471929550171, 40.582998752593994, 39.08899927139282, 39.77500057220459, 37.98700141906738, 38.91399788856506, 45.554001569747925, 44.37299704551697, 43.450000286102295, 42.06199908256531, 41.83199763298035, 41.0640025138855, 39.47399640083313, 40.11100149154663, 42.671000480651855, 39.61599922180176, 41.71000027656555, 46.71899127960205, 53.054001808166504, 89.13598561286926, 40.15499758720398, 41.132999897003174, 40.16899919509888, 39.53800058364868, 39.78500247001648, 38.79299974441528, 38.91000032424927, 37.90000128746033, 37.41099762916565, 41.55899906158447, 41.08000349998474, 40.545000076293945, 39.002997636795044, 38.88199996948242, 41.02300024032593] 
Epochs training computation time mean (in sec) = 42.41066028090084 
--- 
Training loss history = [0.6659743189811707, 0.5644557476043701, 0.49673885107040405, 0.43256521224975586, 0.4219435155391693, 0.44319775700569153, 0.435838907957077, 0.3966122567653656, 0.36705392599105835, 0.357391893863678, 0.3491620719432831, 0.3398333191871643, 0.33342739939689636, 0.3315602242946625, 0.3255186378955841, 0.3231371343135834, 0.3166959285736084, 0.30174684524536133, 0.3025745153427124, 0.28572049736976624, 0.2820754945278168, 0.27484437823295593, 0.2671554684638977, 0.2709362208843231, 0.310107558965683, 0.27481698989868164, 0.27704790234565735, 0.2684841752052307, 0.26145678758621216, 0.26275739073753357, 0.2605654299259186, 0.24969471991062164, 0.25698956847190857, 0.2483559101819992, 0.24599860608577728, 0.25916945934295654, 0.23971977829933167, 0.23572200536727905, 0.27107304334640503, 0.29321256279945374, 0.25105658173561096, 0.23550495505332947, 0.23045241832733154, 0.23158909380435944, 0.23277410864830017, 0.24887707829475403, 0.23642416298389435, 0.22560998797416687, 0.22342123091220856, 0.21919143199920654, 0.21318359673023224] 
Training accuracy history = [0.5818865299224854, 0.7068390250205994, 0.771173894405365, 0.8081358671188354, 0.8101634979248047, 0.7794533967971802, 0.792252779006958, 0.8249059915542603, 0.8429011702537537, 0.8454779982566833, 0.8490685820579529, 0.8528703451156616, 0.8570945858955383, 0.8562497496604919, 0.8571790456771851, 0.8599247932434082, 0.8663456439971924, 0.8726397156715393, 0.8721328377723694, 0.8793140053749084, 0.8815528154373169, 0.8835804462432861, 0.8878891468048096, 0.8870020508766174, 0.8679085969924927, 0.8852701187133789, 0.8834959864616394, 0.8877201676368713, 0.8921133875846863, 0.8889874815940857, 0.8896210789680481, 0.8971402049064636, 0.890803873538971, 0.8968445062637329, 0.8955772519111633, 0.8926202654838562, 0.8999282121658325, 0.9009420275688171, 0.882651150226593, 0.8722595572471619, 0.8929159641265869, 0.9001393914222717, 0.9004350900650024, 0.9038989543914795, 0.9006040692329407, 0.8968867659568787, 0.8999704122543335, 0.9043213725090027, 0.9087990522384644, 0.9127275943756104, 0.9126853346824646] 
Training f1 history = [0.5820100903511047, 0.7069256901741028, 0.7709459662437439, 0.8081925511360168, 0.8099240064620972, 0.7795186042785645, 0.7923141717910767, 0.8249577879905701, 0.8429476618766785, 0.8455236554145813, 0.8491131663322449, 0.8529138565063477, 0.8568412065505981, 0.8562922477722168, 0.8572213053703308, 0.8599662184715271, 0.8663851618766785, 0.8726773858070374, 0.872170627117157, 0.8793496489524841, 0.8815878629684448, 0.8836148381233215, 0.8879222869873047, 0.8870354890823364, 0.8679476380348206, 0.8853040337562561, 0.8835303783416748, 0.8877533674240112, 0.8921452760696411, 0.8890202641487122, 0.8893581032752991, 0.8971706032752991, 0.8908361196517944, 0.8968750238418579, 0.895608127117157, 0.8926520347595215, 0.8999577760696411, 0.9009712934494019, 0.8826858401298523, 0.8722972869873047, 0.8926520347595215, 0.9001688957214355, 0.9001688957214355, 0.9039273858070374, 0.900337815284729, 0.8969172239303589, 0.8999999761581421, 0.904349684715271, 0.9088259935379028, 0.9127534031867981, 0.9127111434936523] 
--- 
Validation loss history = [0.6402627825737, 0.5587334632873535, 0.5042282342910767, 0.4266352653503418, 0.3912578523159027, 0.4730874300003052, 0.42423689365386963, 0.4019196927547455, 0.3453102707862854, 0.37935560941696167, 0.3232605457305908, 0.3317151963710785, 0.3207080662250519, 0.3251449167728424, 0.3213229477405548, 0.3200932443141937, 0.30141666531562805, 0.31152957677841187, 0.2931514382362366, 0.2920130789279938, 0.29550525546073914, 0.2755654752254486, 0.2960970401763916, 0.30519551038742065, 0.32083335518836975, 0.2981313467025757, 0.31355607509613037, 0.3083457350730896, 0.28254690766334534, 0.2673695385456085, 0.2640257477760315, 0.276940256357193, 0.2745000720024109, 0.27113234996795654, 0.26993173360824585, 0.2779857814311981, 0.26374563574790955, 0.27499398589134216, 0.3546886742115021, 0.30561041831970215, 0.29074519872665405, 0.28033819794654846, 0.2755725681781769, 0.28062376379966736, 0.2761788070201874, 0.2755766808986664, 0.27428755164146423, 0.26733267307281494, 0.290870726108551, 0.2925237715244293, 0.28114092350006104] 
Validation accuracy history = [0.64272141456604, 0.7426834106445312, 0.744583785533905, 0.807677686214447, 0.8251615166664124, 0.7430634498596191, 0.799315869808197, 0.8179399371147156, 0.8426454067230225, 0.8289623856544495, 0.8578487038612366, 0.8521474599838257, 0.8601292371749878, 0.8563283681869507, 0.8563283681869507, 0.8559483289718628, 0.8673508167266846, 0.8639300465583801, 0.870771586894989, 0.8722919225692749, 0.8719118237495422, 0.8802736401557922, 0.8715317249298096, 0.8681109547615051, 0.866590678691864, 0.8760927319526672, 0.8719118237495422, 0.869631290435791, 0.879133403301239, 0.888635516166687, 0.8924363255500793, 0.8901558518409729, 0.8931965231895447, 0.8931965231895447, 0.8836944103240967, 0.8912960886955261, 0.892816424369812, 0.8867350816726685, 0.8483466506004333, 0.8772329688072205, 0.8821740746498108, 0.8878753185272217, 0.8954769968986511, 0.8924363255500793, 0.8863549828529358, 0.8783732652664185, 0.8920562267303467, 0.8852147459983826, 0.8867350816726685, 0.8802736401557922, 0.8966172337532043] 
Validation f1 history = [0.6425857543945312, 0.7426725625991821, 0.7446265816688538, 0.807696521282196, 0.8251736760139465, 0.7429440021514893, 0.7992835640907288, 0.8178462982177734, 0.8427051901817322, 0.8290273547172546, 0.8579027652740479, 0.8521493673324585, 0.8601823449134827, 0.8563829660415649, 0.8563829660415649, 0.8559487462043762, 0.8674012422561646, 0.8639817833900452, 0.8708206415176392, 0.8723404407501221, 0.871960461139679, 0.8803191781044006, 0.8714720010757446, 0.8681610822677612, 0.8666413426399231, 0.8761398196220398, 0.871960461139679, 0.8696808218955994, 0.8791793584823608, 0.8886778354644775, 0.8924772143363953, 0.8901975750923157, 0.8932370543479919, 0.8932370543479919, 0.8837385773658752, 0.8913373947143555, 0.8928571343421936, 0.8867238759994507, 0.8484042286872864, 0.8772796392440796, 0.8821645975112915, 0.8879179358482361, 0.8954624533653259, 0.8924772143363953, 0.886398196220398, 0.8784194588661194, 0.8920429944992065, 0.8852583765983582, 0.8867781162261963, 0.8802648782730103, 0.8966565132141113] 
--- 
Radius of the CI = 0.007430727007905784 
True classification of the model is likely between 0.8868819527597028 and 0.9017434067755145 
--- 
Test accuracy = 0.8943126797676086 
Confusion matrix (0 | 1) = 
 [[3034  238]
 [ 457 2847]] 
--- 
