This file contains information about the lstm model 
Analysis directory = C:\Users\cdetr\Documents\GitHub\nomics\jawac_processing_nomics/data/awake_sleep_analysis_update 
--- 
Segmentation value = 360.0 
Downsampling value = 1.0 
Signal frequency = 1.0 Hz 
Batch size = 16 
Standard scale = 0 
Stateful = 0 
Sliding window = 1 
Center of interest = 120 
Full sequence = 0 
Return sequences = 1 
Data balancing = 1 
--- 
Log time = 07-04-2022 18-17-56 
--- 
Num of epochs = 100, early stop after 65 epochs 
Epochs training computation time history (in sec) = [38.94669270515442, 32.295897483825684, 31.91341996192932, 33.441293239593506, 34.938984870910645, 34.79600691795349, 34.15151238441467, 33.99449372291565, 35.931750774383545, 33.085413217544556, 33.18841052055359, 32.52278733253479, 33.15131211280823, 34.02033066749573, 34.09552812576294, 33.36037230491638, 32.82930326461792, 33.45129060745239, 34.33435869216919, 34.100022077560425, 33.46749567985535, 34.805994749069214, 33.51857352256775, 34.08315992355347, 34.650946617126465, 35.797539710998535, 36.04460573196411, 37.1939115524292, 35.539679765701294, 36.194714069366455, 35.585814237594604, 36.80703139305115, 35.93955111503601, 35.65740704536438, 36.60824155807495, 35.44489622116089, 36.093175172805786, 36.16620492935181, 35.67298078536987, 35.54643988609314, 34.94266748428345, 35.10194516181946, 35.279991149902344, 35.57246160507202, 36.988861083984375, 36.59728169441223, 35.36389994621277, 34.00698709487915, 34.518150806427, 36.20807456970215, 35.65237998962402, 35.07545065879822, 34.069926738739014, 33.62522554397583, 34.26400542259216, 34.105180740356445, 34.91538739204407, 33.839603900909424, 35.16767716407776, 34.13665008544922, 33.55607295036316, 35.015281677246094, 34.78374886512756, 34.721524715423584, 34.49872159957886] 
Epochs training computation time mean (in sec) = 34.79038004141587 
--- 
Training loss history = [0.6675824522972107, 0.6888978481292725, 0.5692685842514038, 0.518068253993988, 0.4168427884578705, 0.37069937586784363, 0.3661436140537262, 0.38116005063056946, 0.3809104263782501, 0.4075769782066345, 0.3962934911251068, 0.3679504692554474, 0.34387123584747314, 0.3449850380420685, 0.33851173520088196, 0.3330671489238739, 0.3361964523792267, 0.32663822174072266, 0.31970322132110596, 0.3190368711948395, 0.31308257579803467, 0.309580534696579, 0.2993077337741852, 0.2925209105014801, 0.2884702682495117, 0.2874883711338043, 0.284288227558136, 0.27795517444610596, 0.2786148190498352, 0.28490203619003296, 0.2848427891731262, 0.2820670008659363, 0.2711060643196106, 0.3409162759780884, 0.3056912422180176, 0.270285427570343, 0.25241753458976746, 0.24374915659427643, 0.23870053887367249, 0.2334362417459488, 0.2302456796169281, 0.22698891162872314, 0.2247876077890396, 0.22095359861850739, 0.21776188910007477, 0.21571457386016846, 0.20895573496818542, 0.20440919697284698, 0.20680288970470428, 0.22239704430103302, 0.20762786269187927, 0.20286639034748077, 0.19439658522605896, 0.2045663446187973, 0.20177346467971802, 0.197556734085083, 0.1916942596435547, 0.1936773657798767, 0.18922540545463562, 0.18814869225025177, 0.18998567759990692, 0.17111624777317047, 0.1657799482345581, 0.17016912996768951, 0.17226716876029968] 
Training accuracy history = [0.5874983668327332, 0.5253259539604187, 0.7145881056785583, 0.7375755906105042, 0.8109579086303711, 0.8379231095314026, 0.8386409878730774, 0.8288847208023071, 0.8315412998199463, 0.807599663734436, 0.8141139149665833, 0.8369842767715454, 0.849361002445221, 0.852169930934906, 0.8549767732620239, 0.8557989001274109, 0.8553184866905212, 0.8584122061729431, 0.8613299131393433, 0.8625336289405823, 0.8648567795753479, 0.866767168045044, 0.8714519739151001, 0.8743373155593872, 0.8758453726768494, 0.8750452399253845, 0.8775568604469299, 0.8817164897918701, 0.8810645937919617, 0.8776328563690186, 0.8746935725212097, 0.8764955997467041, 0.8823878765106201, 0.8513967990875244, 0.8669070601463318, 0.8822226524353027, 0.8909940123558044, 0.8942638039588928, 0.8957772850990295, 0.8988390564918518, 0.900809645652771, 0.9013693928718567, 0.9013751745223999, 0.9045731425285339, 0.9067654609680176, 0.9080468416213989, 0.9099007844924927, 0.9126233458518982, 0.9125199317932129, 0.9028931856155396, 0.9113855957984924, 0.9138382077217102, 0.9170582294464111, 0.9135637879371643, 0.9145349860191345, 0.9164084196090698, 0.9192144274711609, 0.9179205894470215, 0.9205522537231445, 0.9207436442375183, 0.9201495051383972, 0.9282643795013428, 0.9309989809989929, 0.9292908310890198, 0.928108274936676] 
Training f1 history = [0.5865207314491272, 0.5262128710746765, 0.7141342759132385, 0.7380161285400391, 0.8113293051719666, 0.8382329344749451, 0.8387199640274048, 0.8281945586204529, 0.8308696150779724, 0.8078651428222656, 0.8144910931587219, 0.8372349739074707, 0.8496119379997253, 0.8517594933509827, 0.8542409539222717, 0.8560938239097595, 0.8554374575614929, 0.8583683371543884, 0.8614512085914612, 0.8625394105911255, 0.8635002374649048, 0.8670395016670227, 0.871676504611969, 0.8745999336242676, 0.8761050701141357, 0.8752973079681396, 0.8771857619285583, 0.8816790580749512, 0.8813069462776184, 0.876823902130127, 0.874949038028717, 0.876677930355072, 0.882633626461029, 0.8515851497650146, 0.8671444058418274, 0.8824486136436462, 0.8910906910896301, 0.8944588303565979, 0.8958500623703003, 0.8990207314491272, 0.9010170698165894, 0.9013577699661255, 0.9012154936790466, 0.9047611355781555, 0.9056870341300964, 0.9078035354614258, 0.9098133444786072, 0.9127823710441589, 0.9126155972480774, 0.9025822281837463, 0.9115646481513977, 0.913716733455658, 0.9172022342681885, 0.9137089848518372, 0.9146982431411743, 0.9165771007537842, 0.9192991852760315, 0.918091893196106, 0.9207175374031067, 0.9208799600601196, 0.9201827049255371, 0.9284060001373291, 0.9307253956794739, 0.9294211268424988, 0.9280526638031006] 
--- 
Validation loss history = [0.6933257579803467, 0.6732721328735352, 0.5837490558624268, 0.5164206027984619, 0.3819839358329773, 0.3689170777797699, 0.3702532947063446, 0.3953413963317871, 0.4083077609539032, 0.4474024176597595, 0.39158186316490173, 0.37119826674461365, 0.3751581609249115, 0.40370091795921326, 0.3466065526008606, 0.3451785147190094, 0.35261499881744385, 0.33930325508117676, 0.3307019770145416, 0.32213976979255676, 0.3781324028968811, 0.31792059540748596, 0.32802730798721313, 0.3068487048149109, 0.3048390746116638, 0.3248358368873596, 0.31021735072135925, 0.3299607038497925, 0.34697940945625305, 0.34538954496383667, 0.30753272771835327, 0.3072475790977478, 0.30697405338287354, 0.3730930984020233, 0.33310243487358093, 0.304842084646225, 0.29869043827056885, 0.2881474196910858, 0.3017222583293915, 0.2855682075023651, 0.2841640114784241, 0.29567795991897583, 0.28527989983558655, 0.29539623856544495, 0.28193047642707825, 0.3033849895000458, 0.29447221755981445, 0.31107020378112793, 0.28721028566360474, 0.2839333415031433, 0.28190016746520996, 0.3064107894897461, 0.32514116168022156, 0.31538835167884827, 0.3113981783390045, 0.3230423033237457, 0.3049858808517456, 0.31897372007369995, 0.32353609800338745, 0.3337601125240326, 0.31864985823631287, 0.31510454416275024, 0.3159487545490265, 0.3151651620864868, 0.32389843463897705] 
Validation accuracy history = [0.45906883478164673, 0.5908452868461609, 0.6488948464393616, 0.7462813854217529, 0.8354577422142029, 0.835289716720581, 0.8308728933334351, 0.8209192156791687, 0.8092741966247559, 0.7407034039497375, 0.8202732801437378, 0.8366636633872986, 0.8321834206581116, 0.8183355927467346, 0.8457549214363098, 0.8423648476600647, 0.8390307426452637, 0.8462701439857483, 0.8524268269538879, 0.8541629314422607, 0.8218600749969482, 0.862234890460968, 0.8535991907119751, 0.8655055165290833, 0.8672565817832947, 0.8646542429924011, 0.8651247024536133, 0.8552531599998474, 0.8498021364212036, 0.8404905796051025, 0.8646467924118042, 0.8644153475761414, 0.8657370209693909, 0.8350619673728943, 0.8509408831596375, 0.8681936860084534, 0.8672341704368591, 0.8760379552841187, 0.8750410676002502, 0.8763889074325562, 0.8746639490127563, 0.8745781183242798, 0.8760528564453125, 0.8735700249671936, 0.8761611580848694, 0.8682571649551392, 0.8771803975105286, 0.8728494644165039, 0.8713037371635437, 0.8768481016159058, 0.8777478933334351, 0.8697841763496399, 0.872255802154541, 0.872789740562439, 0.8693735003471375, 0.8648446798324585, 0.8694369792938232, 0.869507908821106, 0.8726217150688171, 0.8693361878395081, 0.8646281361579895, 0.8659610152244568, 0.8764784932136536, 0.8713261485099792, 0.8654047250747681] 
Validation f1 history = [0.4582371711730957, 0.593687117099762, 0.647672712802887, 0.7462877035140991, 0.836491584777832, 0.8365691304206848, 0.8321734666824341, 0.8217566609382629, 0.8100952506065369, 0.7429962158203125, 0.8214133381843567, 0.8379063606262207, 0.8331817388534546, 0.8198026418685913, 0.8468860983848572, 0.8434692025184631, 0.839668333530426, 0.8474622964859009, 0.8531545400619507, 0.8553080558776855, 0.8226764798164368, 0.8630059957504272, 0.8546687960624695, 0.8665519952774048, 0.8681663870811462, 0.8655880689620972, 0.8662306070327759, 0.8559801578521729, 0.8502843379974365, 0.8419916033744812, 0.8656840324401855, 0.8656173944473267, 0.8669326305389404, 0.8357787728309631, 0.8515474796295166, 0.8688902258872986, 0.8680592179298401, 0.8769319653511047, 0.8758901953697205, 0.877518892288208, 0.8756906986236572, 0.8757127523422241, 0.8771277070045471, 0.8747044205665588, 0.8773158192634583, 0.869533121585846, 0.878305971622467, 0.8740764260292053, 0.8724585771560669, 0.8779734969139099, 0.8789042830467224, 0.8708184361457825, 0.8730975985527039, 0.8735150098800659, 0.8699911236763, 0.8653256297111511, 0.8701460957527161, 0.8700428605079651, 0.8734080791473389, 0.8703678846359253, 0.8650079965591431, 0.8666038513183594, 0.8768505454063416, 0.8717271685600281, 0.8659536242485046] 
--- 
Radius of the CI = 0.017082280522074948 
True classification of the model is likely between 0.8706569606011245 and 0.9048215216452744 
--- 
Test accuracy = 0.8877392411231995 
Confusion matrix (0 | 1) = 
 [[206972  24011]
 [ 29012 212325]] 
--- 
