This file contains information about the resnet model 
Analysis directory = C:\Users\cdetr\Documents\GitHub\nomics\nomics-AI/data/task2/tfe/without_oe/analysis_backup 
--- 
Segmentation value = 180.0 
Downsampling value = 1.0 
Signal frequency = 1.0 Hz 
Batch size = 32 
Standard scale = 0 
Stateful = 0 
Sliding window = 1 
Center of interest = 30 
Full sequence = 0 
Return sequences = 0 
Data balancing = 1 
--- 
Log time = 14-06-2022 17-15-49 
--- 
Num of epochs = 100, early stop after 79 epochs 
Epochs training computation time history (in sec) = [62.74462127685547, 58.18501901626587, 56.46704149246216, 50.58493375778198, 51.78043484687805, 49.53610062599182, 46.32098865509033, 44.52500057220459, 44.39800047874451, 45.35300087928772, 46.033997535705566, 43.38499903678894, 47.30999994277954, 46.49599838256836, 45.78899836540222, 45.88799858093262, 46.128000259399414, 46.22897529602051, 54.00918984413147, 51.85253882408142, 53.442155838012695, 48.70794367790222, 50.36154127120972, 50.66645312309265, 49.2010715007782, 50.5515193939209, 56.79720902442932, 54.83191895484924, 51.77098870277405, 54.97876048088074, 54.575026988983154, 50.522087812423706, 52.25412154197693, 58.13589811325073, 48.539185762405396, 44.73800206184387, 48.661372900009155, 50.3573272228241, 49.63609480857849, 51.273104429244995, 53.94313597679138, 58.373907804489136, 57.87252926826477, 62.16988730430603, 56.98900866508484, 57.712613582611084, 52.38897156715393, 53.62198209762573, 49.50199794769287, 51.19344973564148, 49.24321794509888, 48.576308727264404, 49.1860134601593, 47.7596070766449, 48.178711891174316, 50.928789138793945, 53.23472571372986, 49.24534583091736, 48.42182397842407, 51.45989418029785, 49.10104584693909, 51.66719698905945, 47.96367788314819, 51.47711515426636, 50.05495023727417, 52.199585914611816, 52.52963924407959, 49.350082874298096, 49.65516448020935, 49.1848258972168, 51.99479341506958, 48.247254610061646, 41.798999309539795, 46.28167724609375, 50.57302904129028, 53.53952217102051, 52.79447841644287, 45.43439698219299, 47.74385643005371] 
Epochs training computation time mean (in sec) = 50.69127639637718 
--- 
Training loss history = [0.3866553008556366, 0.34507596492767334, 0.3393632173538208, 0.3041960299015045, 0.28142815828323364, 0.26920396089553833, 0.26282116770744324, 0.25303763151168823, 0.2441956251859665, 0.2344115674495697, 0.22551721334457397, 0.21339493989944458, 0.20221447944641113, 0.18909412622451782, 0.1773783266544342, 0.16341769695281982, 0.15103879570960999, 0.13982561230659485, 0.1270584762096405, 0.11756716668605804, 0.10957540571689606, 0.09973721206188202, 0.09024447947740555, 0.08553102612495422, 0.07781365513801575, 0.0774657279253006, 0.07120540738105774, 0.06703845411539078, 0.06480052322149277, 0.060798197984695435, 0.05876100808382034, 0.0553508922457695, 0.05336756631731987, 0.049704086035490036, 0.0493592731654644, 0.04563651233911514, 0.044002965092659, 0.04355601221323013, 0.042110417038202286, 0.03918704763054848, 0.038264062255620956, 0.037459954619407654, 0.0352642722427845, 0.033973537385463715, 0.035232339054346085, 0.03228398784995079, 0.03256235644221306, 0.031720079481601715, 0.02908126637339592, 0.030768848955631256, 0.030084671452641487, 0.029338564723730087, 0.029725119471549988, 0.027073075994849205, 0.024891117587685585, 0.027588212862610817, 0.02695598639547825, 0.025825344026088715, 0.025599883869290352, 0.02293223887681961, 0.02584754303097725, 0.022304251790046692, 0.022945677861571312, 0.02366505190730095, 0.02164575271308422, 0.021562103182077408, 0.022471431642770767, 0.02073688432574272, 0.021791907027363777, 0.020811809226870537, 0.020178044214844704, 0.021060004830360413, 0.02033548429608345, 0.019007263705134392, 0.018711645156145096, 0.01947576180100441, 0.019082235172390938, 0.020327940583229065, 0.016827035695314407] 
Training accuracy history = [0.8279184699058533, 0.8488488793373108, 0.8505393862724304, 0.8696842193603516, 0.8829439878463745, 0.8888289928436279, 0.8918824791908264, 0.8957811594009399, 0.9007787108421326, 0.9048358798027039, 0.9082168340682983, 0.913774311542511, 0.9187401533126831, 0.9239912629127502, 0.9290310144424438, 0.9346624612808228, 0.9393535852432251, 0.9449110627174377, 0.9502361416816711, 0.9541770815849304, 0.9578961730003357, 0.9611926674842834, 0.9651124477386475, 0.9668874740600586, 0.9702895879745483, 0.9707438945770264, 0.9733536243438721, 0.9750335216522217, 0.9753187894821167, 0.9771255254745483, 0.9780658483505249, 0.9794288277626038, 0.9802740812301636, 0.982397735118866, 0.982461154460907, 0.9839297533035278, 0.9838029742240906, 0.9844685792922974, 0.9846693277359009, 0.986159086227417, 0.98633873462677, 0.9865288734436035, 0.9870254993438721, 0.9877650737762451, 0.9875115156173706, 0.9884835481643677, 0.9885680675506592, 0.9891068935394287, 0.9894344210624695, 0.9887265563011169, 0.9890434741973877, 0.9897091388702393, 0.9895612001419067, 0.9904804229736328, 0.9911249279975891, 0.9901211857795715, 0.9905121326446533, 0.9912305474281311, 0.9910086989402771, 0.9917588233947754, 0.9907445311546326, 0.9921814799308777, 0.9921180605888367, 0.9919067621231079, 0.9923294186592102, 0.9925724267959595, 0.992424488067627, 0.9928154349327087, 0.9926780462265015, 0.9924984574317932, 0.9929527640342712, 0.9925724267959595, 0.9928893446922302, 0.9931957721710205, 0.9934070706367493, 0.9931640625, 0.9937028884887695, 0.9935021996498108, 0.9943262934684753] 
Training f1 history = [0.8279182314872742, 0.8488548994064331, 0.8505328893661499, 0.8696882724761963, 0.8829427361488342, 0.8888188600540161, 0.8918845057487488, 0.8957868814468384, 0.9007881283760071, 0.9048325419425964, 0.908221423625946, 0.9137783050537109, 0.9187396168708801, 0.9239984750747681, 0.929025411605835, 0.9346522092819214, 0.9393510818481445, 0.944908082485199, 0.9502326250076294, 0.9541813731193542, 0.9578919410705566, 0.9611921906471252, 0.9651157855987549, 0.9668824076652527, 0.9702924489974976, 0.9707425832748413, 0.9733561277389526, 0.9750359058380127, 0.9753170609474182, 0.9771235585212708, 0.978067934513092, 0.9794307947158813, 0.9802759289741516, 0.9823952913284302, 0.9824628233909607, 0.983931303024292, 0.9838045239448547, 0.9844700694084167, 0.9846667051315308, 0.986160397529602, 0.9863276481628418, 0.9865260720252991, 0.9870266914367676, 0.9877620935440063, 0.9875085353851318, 0.9884846210479736, 0.9885691404342651, 0.9891079068183899, 0.9894313216209412, 0.9887276291847229, 0.9890445470809937, 0.9897100925445557, 0.9895622134208679, 0.9904772043228149, 0.991125762462616, 0.9901221394538879, 0.990513026714325, 0.991231381893158, 0.991009533405304, 0.9917596578598022, 0.9907454252243042, 0.992182195186615, 0.9921188354492188, 0.99190753698349, 0.9923301339149475, 0.992573082447052, 0.9924252033233643, 0.9928119778633118, 0.9926787614822388, 0.9924991726875305, 0.9929534196853638, 0.992573082447052, 0.9928900599479675, 0.9931923151016235, 0.9934077262878418, 0.993160605430603, 0.9936993718147278, 0.9935027956962585, 0.9943268299102783] 
--- 
Validation loss history = [0.3785015940666199, 0.42566215991973877, 0.3819790482521057, 0.32391685247421265, 0.29657551646232605, 0.29038384556770325, 0.28599467873573303, 0.2626176178455353, 0.2512334883213043, 0.26490917801856995, 0.24770590662956238, 0.23560327291488647, 0.27176782488822937, 0.3127315044403076, 0.23918329179286957, 0.21779482066631317, 0.2278917282819748, 0.1829131543636322, 0.2581326365470886, 0.20298276841640472, 0.16714967787265778, 0.2643038332462311, 0.2548576891422272, 0.3102738857269287, 0.33181750774383545, 0.1863136738538742, 0.17380362749099731, 0.19159092009067535, 0.15180380642414093, 0.2894626259803772, 0.16296568512916565, 0.2166614681482315, 0.14147962629795074, 0.1938689649105072, 0.364435613155365, 0.172467440366745, 0.27934879064559937, 0.12240289896726608, 0.16222213208675385, 0.1457739919424057, 0.12628589570522308, 0.12555015087127686, 1.0683943033218384, 0.2778007984161377, 0.11863921582698822, 0.20550957322120667, 0.13636541366577148, 0.2922742962837219, 0.6716902852058411, 2.6883697509765625, 0.9013470411300659, 0.14662358164787292, 0.2945634126663208, 0.08084812760353088, 0.12964875996112823, 0.7274360656738281, 0.08952590823173523, 0.15666507184505463, 0.07210485637187958, 0.07231833785772324, 0.4281904399394989, 0.16410206258296967, 0.20093172788619995, 0.1396787017583847, 0.4662085473537445, 0.10929638892412186, 0.11923960596323013, 0.24089720845222473, 0.09559504687786102, 0.4376027584075928, 0.20785629749298096, 0.10271338373422623, 0.13553272187709808, 0.11642550677061081, 0.11284080147743225, 0.4059242308139801, 0.0860656201839447, 0.10140639543533325, 0.2030172348022461] 
Validation accuracy history = [0.8302748203277588, 0.8056479692459106, 0.8238090872764587, 0.8632689714431763, 0.879718542098999, 0.8790529370307922, 0.8817152976989746, 0.8936959505081177, 0.8984501361846924, 0.8889417052268982, 0.9013026356697083, 0.906627357006073, 0.891128659248352, 0.8758201003074646, 0.9022535085678101, 0.9103356599807739, 0.9102405905723572, 0.9263097643852234, 0.8932204842567444, 0.918037474155426, 0.933821439743042, 0.8980697989463806, 0.9054863452911377, 0.8978796005249023, 0.8881810307502747, 0.9289721250534058, 0.9362936019897461, 0.9328705668449402, 0.9428544044494629, 0.9015879034996033, 0.9412379860877991, 0.9245032072067261, 0.9483693242073059, 0.9320148229598999, 0.8936008214950562, 0.935057520866394, 0.9098602533340454, 0.9547399282455444, 0.9373395442962646, 0.9495103359222412, 0.9569268822669983, 0.9572121500968933, 0.8498620986938477, 0.9137586951255798, 0.9593990445137024, 0.9334411025047302, 0.9532185792922974, 0.9171817302703857, 0.8820956349372864, 0.8078349232673645, 0.868593692779541, 0.9526481032371521, 0.9107159972190857, 0.971569836139679, 0.9580678939819336, 0.8684986233711243, 0.9699534177780151, 0.954835057258606, 0.9741371273994446, 0.976799488067627, 0.8827612400054932, 0.9506513476371765, 0.9450413584709167, 0.9552153944969177, 0.8916040658950806, 0.967195987701416, 0.9643434286117554, 0.922126054763794, 0.9706190228462219, 0.8965484499931335, 0.9410478472709656, 0.9697632193565369, 0.9602548480033875, 0.9623466730117798, 0.9673861265182495, 0.8946467638015747, 0.973091185092926, 0.9695730805397034, 0.9403822422027588] 
Validation f1 history = [0.8302032351493835, 0.8056021928787231, 0.8237442970275879, 0.863312304019928, 0.8797445893287659, 0.8790796995162964, 0.8817392587661743, 0.8937073945999146, 0.8984068632125854, 0.8889581561088562, 0.9013559818267822, 0.9066751003265381, 0.8912423253059387, 0.8758502006530762, 0.902206301689148, 0.9103298187255859, 0.9101849794387817, 0.926336944103241, 0.8932822346687317, 0.9180733561515808, 0.9338407516479492, 0.8980269432067871, 0.9054855704307556, 0.8978369832038879, 0.8880988359451294, 0.9289467930793762, 0.9362606406211853, 0.932940661907196, 0.9428145289421082, 0.9014418721199036, 0.941199779510498, 0.9244824647903442, 0.9483237266540527, 0.9320361614227295, 0.8936123847961426, 0.9350756406784058, 0.9098547697067261, 0.9547872543334961, 0.9372557401657104, 0.9495133757591248, 0.9569718837738037, 0.9572568535804749, 0.8498199582099915, 0.913798987865448, 0.9594414830207825, 0.9334110021591187, 0.9532177448272705, 0.9172185063362122, 0.8819699883460999, 0.8077868223190308, 0.868482232093811, 0.952647864818573, 0.9107096195220947, 0.9715995192527771, 0.9580619931221008, 0.868436872959137, 0.9699848294258118, 0.9547826647758484, 0.9741144180297852, 0.9768236875534058, 0.8827841281890869, 0.9507029056549072, 0.9450490474700928, 0.9552621841430664, 0.8915182948112488, 0.9672302603721619, 0.96438068151474, 0.9222074747085571, 0.9705999493598938, 0.8964574933052063, 0.9410595893859863, 0.9697948098182678, 0.9602963328361511, 0.9623363018035889, 0.967420220375061, 0.8945079445838928, 0.97311931848526, 0.9696048498153687, 0.9403948187828064] 
--- 
Radius of the CI = 0.0018684890965945168 
True classification of the model is likely between 0.9736373397608273 and 0.9773743179540164 
--- 
Test accuracy = 0.9755058288574219 
Confusion matrix (0 | 1) = 
 [[12539   524]
 [  120 13109]] 
--- 
